5.006894469261169434e-01
-1.829928159713745117e-01
-1.858220100402832031e-01
5.600214600563049316e-01
1.469148993492126465e-01
8.508483171463012695e-01
4.564845934510231018e-03
3.129833042621612549e-01
-8.699060082435607910e-01
2.171828001737594604e-01
6.996995806694030762e-01
-4.591856002807617188e-01
-4.201117455959320068e-01
-1.277595162391662598e-01
-5.565376281738281250e-01
1.508956402540206909e-01
-5.360089540481567383e-01
3.247666060924530029e-01
7.470167875289916992e-01
-7.290560007095336914e-01
5.622491613030433655e-02
-6.505771875381469727e-01
-2.323545664548873901e-01
2.736227214336395264e-01
-5.188196897506713867e-01
-1.903001964092254639e-01
4.994366466999053955e-01
-4.574856460094451904e-01
2.764262855052947998e-01
-1.901583820581436157e-01
-5.202578306198120117e-01
3.269538283348083496e-01
8.148797750473022461e-01
-2.507136762142181396e-01
-7.647600769996643066e-02
5.490116477012634277e-01
-3.708348572254180908e-01
4.734977185726165771e-01
1.151489734649658203e+00
1.972512453794479370e-01
-2.212177217006683350e-01
-5.931777954101562500e-01
-1.372187584638595581e-01
-4.189470112323760986e-01
-7.551238536834716797e-01
2.221795320510864258e-01
-4.161707758903503418e-01
-1.151654198765754700e-01
6.416928172111511230e-01
3.316761851310729980e-01
-1.846836060285568237e-01
9.848104119300842285e-01
-6.838417649269104004e-01
-6.070379540324211121e-02
-4.197855889797210693e-01
6.217902302742004395e-01
-7.076331377029418945e-01
-1.014273643493652344e+00
-1.171627163887023926e+00
-1.160576820373535156e+00
-9.290556311607360840e-01
4.885494709014892578e-02
9.225196391344070435e-02
-7.491734623908996582e-02
-7.687718272209167480e-01
8.811459690332412720e-02
-2.277698963880538940e-01
6.195583343505859375e-01
1.142372250556945801e+00
5.936120450496673584e-02
-1.004156112670898438e+00
6.780751943588256836e-01
1.027434971183538437e-02
-7.866182327270507812e-01
-5.145975351333618164e-01
-3.176419138908386230e-01
-4.548917710781097412e-01
-8.278910517692565918e-01
1.081357479095458984e+00
-9.712129831314086914e-01
2.340708076953887939e-01
-2.208213955163955688e-01
1.130335256457328796e-01
-1.737203299999237061e-01
5.386151745915412903e-02
-7.174485921859741211e-02
4.313856661319732666e-01
-1.395401209592819214e-01
-1.134109124541282654e-02
8.598376065492630005e-02
7.302241325378417969e-01
1.187696233391761780e-01
-6.841197013854980469e-01
2.366826832294464111e-01
8.558697700500488281e-01
-9.303004741668701172e-01
-9.614195227622985840e-01
-1.784078031778335571e-01
4.191792607307434082e-01
1.354001611471176147e-01
-9.077422618865966797e-01
6.385426968336105347e-02
8.154939860105514526e-05
-1.440759301185607910e-01
5.694364309310913086e-01
-4.070274531841278076e-01
4.088103026151657104e-02
-1.215917393565177917e-01
-8.964570164680480957e-01
3.501162827014923096e-01
-6.403216123580932617e-01
1.389559209346771240e-01
-9.211720228195190430e-01
-5.255644917488098145e-01
1.819092482328414917e-01
3.666102290153503418e-01
3.935480713844299316e-01
-8.384258747100830078e-01
1.292732506990432739e-01
3.365022316575050354e-02
1.167651057243347168e+00
-6.680177450180053711e-01
7.702706009149551392e-02
3.425853848457336426e-01
7.023647427558898926e-01
4.662980437278747559e-01
-5.376289486885070801e-01
1.518090814352035522e-01
-7.405976057052612305e-01
-2.490204758942127228e-02
-2.625416517257690430e-01
1.892003789544105530e-02
5.297969579696655273e-01
-1.121152341365814209e-01
4.880573973059654236e-02
6.037603020668029785e-01
7.033802866935729980e-01
-2.481407076120376587e-01
-6.615940928459167480e-01
-7.280258536338806152e-01
1.233605742454528809e+00
8.275879025459289551e-01
-4.743304550647735596e-01
-9.252154827117919922e-01
-3.720011934638023376e-02
-1.232173964381217957e-01
8.921997547149658203e-01
-3.557226806879043579e-02
2.458910644054412842e-01
6.442642211914062500e-01
1.272844552993774414e+00
6.539298295974731445e-01
-3.083468675613403320e-01
-1.418656408786773682e-01
5.381671786308288574e-01
-1.721265465021133423e-01
1.369589865207672119e-01
-2.169949412345886230e-01
-1.066685199737548828e+00
4.590409249067306519e-02
-2.677098512649536133e-01
3.396200239658355713e-01
1.408377736806869507e-01
-3.626105785369873047e-01
7.993731647729873657e-02
-8.034510016441345215e-01
7.930196523666381836e-01
7.465320825576782227e-01
4.760020673274993896e-01
-6.714747548103332520e-01
-2.688845992088317871e-01
1.171800568699836731e-01
1.536000967025756836e-01
1.356020569801330566e-01
6.278433203697204590e-01
3.715794980525970459e-01
8.577350527048110962e-03
3.209697604179382324e-01
1.785144656896591187e-01
2.298597991466522217e-01
4.742019474506378174e-01
2.357077598571777344e-01
6.601132452487945557e-02
-2.484663426876068115e-01
-6.240404769778251648e-02
5.937331914901733398e-01
3.451776206493377686e-01
-9.586794376373291016e-01
4.212677180767059326e-01
7.576163858175277710e-03
4.187238216400146484e-01
2.156606763601303101e-01
1.030564755201339722e-01
-1.393338292837142944e-01
-2.869659103453159332e-02
4.486573934555053711e-01
-1.244480729103088379e+00
2.429530322551727295e-01
-8.061318397521972656e-01
-6.015422940254211426e-01
3.301643729209899902e-01
-1.828305795788764954e-02
-6.052433252334594727e-01
3.764236271381378174e-01
3.003904521465301514e-01
1.990168541669845581e-01
4.613155722618103027e-01
-1.050298929214477539e+00
3.274428471922874451e-02
2.820423841476440430e-01
-6.303563714027404785e-03
5.798368453979492188e-01
7.240023016929626465e-01
-1.311825513839721680e-01
-2.613711655139923096e-01
1.407886594533920288e-01
-2.373452633619308472e-01
-5.282000303268432617e-01
-4.602416977286338806e-02
-5.607126951217651367e-01
5.065215826034545898e-01
-1.055228948593139648e+00
-2.655567228794097900e-01
-2.621365524828433990e-02
1.133235692977905273e+00
-2.442151606082916260e-01
1.706751249730587006e-02
8.243827819824218750e-01
-4.839656874537467957e-02
-6.363937258720397949e-01
3.039459288120269775e-01
-4.793527126312255859e-01
3.724618554115295410e-01
1.224056482315063477e-01
-2.133608013391494751e-01
-3.640538454055786133e-01
5.609799623489379883e-01
-2.482269853353500366e-01
-2.781006991863250732e-01
-9.287241697311401367e-01
9.603442251682281494e-02
7.329188287258148193e-03
7.376859188079833984e-01
2.641950547695159912e-01
2.661485671997070312e-01
-1.640385240316390991e-01
1.011579513549804688e+00
-4.495648741722106934e-01
-3.526413068175315857e-02
6.439028978347778320e-01
-9.126386046409606934e-02
-4.473155736923217773e-01
4.981218576431274414e-01
1.388172656297683716e-01
6.915450096130371094e-01
2.458098381757736206e-01
5.066086053848266602e-01
7.605186104774475098e-01
5.154676437377929688e-01
-4.702670872211456299e-01
1.167849972844123840e-01
-2.453616447746753693e-02
2.140077352523803711e-01
-9.075008630752563477e-01
8.002936840057373047e-01
1.788651347160339355e-01
-7.940909862518310547e-01
1.659858375787734985e-01
-5.975871682167053223e-01
-8.716496825218200684e-01
1.659754216670989990e-01
1.999185830354690552e-01
-7.581135630607604980e-01
7.898520231246948242e-01
2.621043920516967773e-01
-5.528956055641174316e-01
-1.336168646812438965e-01
2.552514374256134033e-01
7.229712605476379395e-02
7.617229223251342773e-01
4.221058189868927002e-01
-1.524543017148971558e-01
-1.884415745735168457e-01
7.949928641319274902e-01
5.805466175079345703e-01
1.022440910339355469e+00
9.459184110164642334e-02
-6.920113563537597656e-01
