-4.583375528454780579e-03
-1.430468112230300903e-01
-1.815652661025524139e-02
-8.920612186193466187e-02
2.705199457705020905e-02
-4.515184462070465088e-02
2.237142920494079590e-01
-3.605582192540168762e-02
-1.535556763410568237e-01
5.604112148284912109e-02
6.331011652946472168e-02
-1.737625151872634888e-01
-1.652131229639053345e-01
4.251856356859207153e-03
-5.903250724077224731e-02
-2.434087544679641724e-02
4.592737182974815369e-02
3.228211030364036560e-02
-1.483982950448989868e-01
1.215433925390243530e-01
-1.951532089151442051e-03
-8.228729665279388428e-02
-7.149956375360488892e-02
1.605096012353897095e-01
1.568797826766967773e-01
-1.779990345239639282e-01
-3.143809735774993896e-02
1.270768344402313232e-01
-1.766163110733032227e-01
1.565379351377487183e-01
-1.790593266487121582e-01
-1.798253878951072693e-02
-1.320513188838958740e-01
-1.171627938747406006e-01
1.351649686694145203e-02
2.168972194194793701e-01
-1.077247317880392075e-02
-1.360319703817367554e-01
-7.512452453374862671e-02
1.625465303659439087e-01
-1.049839481711387634e-01
1.669798195362091064e-01
1.860217601060867310e-01
-1.511246431618928909e-02
-2.383254654705524445e-02
1.866182386875152588e-01
-1.137223094701766968e-01
-1.650165319442749023e-01
-5.791760608553886414e-02
-1.373295187950134277e-01
-5.047920346260070801e-02
-1.550288312137126923e-02
1.095093265175819397e-01
1.348393112421035767e-01
2.038244605064392090e-01
6.695161014795303345e-02
-8.496788889169692993e-02
-1.547052413225173950e-01
1.413857787847518921e-01
1.038167923688888550e-01
-6.210919842123985291e-02
2.717479504644870758e-02
-1.879353225231170654e-01
1.962118782103061676e-02
7.848542928695678711e-02
6.354023516178131104e-02
1.060033664107322693e-01
7.463873177766799927e-02
1.178498193621635437e-02
-1.731988489627838135e-01
-9.712576121091842651e-02
-1.818255148828029633e-02
-1.666378378868103027e-01
1.441915184259414673e-01
4.136868193745613098e-02
1.200655922293663025e-01
-1.357827335596084595e-01
1.232003420591354370e-01
2.874755114316940308e-02
-1.023320928215980530e-01
-1.484131664037704468e-01
1.225869730114936829e-01
-2.179976105690002441e-01
-1.464435271918773651e-02
-1.531631052494049072e-01
-1.622763425111770630e-01
-2.586082741618156433e-02
-8.664052933454513550e-02
1.893546581268310547e-01
2.397191375494003296e-01
1.977947801351547241e-01
-8.938856422901153564e-02
1.758221350610256195e-02
5.404257029294967651e-02
-2.313732542097568512e-02
-1.131080761551856995e-01
-2.274273931980133057e-01
-7.313174009323120117e-02
1.856223493814468384e-01
-4.453835636377334595e-02
