-2.679612301290035248e-02
6.562706083059310913e-02
1.058331653475761414e-01
1.308111101388931274e-01
-2.210799753665924072e-01
7.990808039903640747e-02
-1.555544435977935791e-01
1.467229276895523071e-01
1.093439292162656784e-02
-1.249908953905105591e-01
-2.025728672742843628e-01
-1.489851027727127075e-01
2.329598367214202881e-01
2.877764776349067688e-02
-2.341192774474620819e-02
-3.487332537770271301e-02
-1.659477129578590393e-02
1.480330824851989746e-01
2.278585889143869281e-04
1.418935954570770264e-01
1.678756326436996460e-01
1.124050393700599670e-01
1.464067548513412476e-01
-4.926950857043266296e-02
2.249535173177719116e-01
1.634692698717117310e-01
8.252177387475967407e-02
-1.047997921705245972e-01
-2.419754490256309509e-02
3.117704391479492188e-02
-1.072919592261314392e-01
6.533497571945190430e-02
9.750767797231674194e-02
1.487329900264739990e-01
-3.123106248676776886e-02
-1.285562217235565186e-01
1.628911681473255157e-02
3.520475234836339951e-03
8.417262881994247437e-02
1.412863731384277344e-01
1.387075185775756836e-01
4.148891940712928772e-02
2.116787284612655640e-01
8.652461320161819458e-02
5.671032518148422241e-02
2.240095585584640503e-01
4.628294706344604492e-02
-9.706179052591323853e-02
1.760608255863189697e-01
-6.343293190002441406e-02
2.547386661171913147e-02
7.004958577454090118e-03
-1.387804746627807617e-01
1.603767275810241699e-01
1.025922447443008423e-01
1.871964037418365479e-01
3.309755027294158936e-02
1.166298687458038330e-01
3.757652267813682556e-02
-7.080728560686111450e-02
-1.581627726554870605e-01
1.686918437480926514e-01
1.677390486001968384e-01
-6.693079322576522827e-02
1.761220097541809082e-01
6.092764064669609070e-02
1.021149307489395142e-01
1.165305972099304199e-01
2.531429827213287354e-01
-5.634427443146705627e-02
-2.630793116986751556e-02
-9.432715922594070435e-02
1.370998024940490723e-01
2.233937568962574005e-02
-1.950779370963573456e-02
2.025054991245269775e-01
-2.034526616334915161e-01
3.295660484582185745e-03
6.349892914295196533e-02
-1.925508305430412292e-02
-4.513690248131752014e-02
2.573488354682922363e-01
9.460230916738510132e-02
-1.652503311634063721e-01
2.259514667093753815e-02
2.383972108364105225e-01
-4.276610538363456726e-02
1.538792252540588379e-01
-2.606001794338226318e-01
1.144737824797630310e-01
2.530761659145355225e-01
6.741061806678771973e-02
-1.850420087575912476e-01
1.163844391703605652e-01
1.431462168693542480e-01
-1.619024574756622314e-01
-1.185890659689903259e-01
2.912935316562652588e-01
1.468743681907653809e-01
-3.507275879383087158e-02
