3.322460651397705078e-01
2.106797695159912109e-01
3.282248377799987793e-01
1.914643794298171997e-01
2.274808138608932495e-01
2.710352838039398193e-01
3.766083419322967529e-01
2.292215973138809204e-01
7.313514500856399536e-02
1.744065135717391968e-01
3.224685788154602051e-01
1.962157189846038818e-01
2.670229375362396240e-01
6.872062385082244873e-02
2.151739597320556641e-01
1.041016653180122375e-01
6.897328048944473267e-02
3.023826479911804199e-01
1.548921465873718262e-01
2.722366452217102051e-01
4.122234582901000977e-01
3.069413006305694580e-01
1.183200851082801819e-01
2.254994064569473267e-01
1.589708477258682251e-01
1.617996990680694580e-01
6.919234991073608398e-02
2.325553297996520996e-01
2.642915248870849609e-01
5.282402783632278442e-02
2.835141122341156006e-01
2.491696178913116455e-01
2.874158918857574463e-01
3.314178287982940674e-01
1.899078041315078735e-01
1.643668562173843384e-01
2.184877246618270874e-01
3.018195331096649170e-01
2.922961115837097168e-01
1.894096136093139648e-01
2.410378456115722656e-01
2.063710391521453857e-01
2.312787771224975586e-01
3.247637152671813965e-01
1.661014854907989502e-01
2.333670705556869507e-01
1.812486797571182251e-01
2.110691517591476440e-01
1.204358935356140137e-01
1.628657877445220947e-01
2.410784363746643066e-01
2.232077866792678833e-01
3.369404673576354980e-01
1.778004169464111328e-01
8.118424564599990845e-02
2.039378434419631958e-01
1.731155216693878174e-01
2.125162631273269653e-01
2.107306122779846191e-01
1.177874282002449036e-01
1.116237267851829529e-01
2.108335345983505249e-01
4.148133471608161926e-02
2.955811321735382080e-01
1.003462299704551697e-01
5.340179055929183960e-02
1.145839393138885498e-01
1.247024834156036377e-01
-1.247893460094928741e-02
-1.405430585145950317e-02
1.313428431749343872e-01
1.351513713598251343e-01
9.291907399892807007e-02
2.266191095113754272e-01
5.955465510487556458e-02
2.151335924863815308e-01
1.040187254548072815e-01
1.625371873378753662e-01
2.505792379379272461e-01
8.625022321939468384e-02
5.709781125187873840e-02
2.180930525064468384e-01
1.578854955732822418e-02
1.600501090288162231e-01
6.702033430337905884e-02
1.027955859899520874e-01
9.822203218936920166e-02
6.344919651746749878e-02
1.001071482896804810e-01
7.559135556221008301e-02
3.961572423577308655e-02
-4.670668020844459534e-02
4.025790374726057053e-03
1.674637645483016968e-01
1.213635355234146118e-01
4.393993318080902100e-02
1.576909422874450684e-01
1.110517531633377075e-01
8.599589020013809204e-02
9.680716693401336670e-02
1.303008943796157837e-01
3.036964684724807739e-02
2.294161915779113770e-01
2.194104492664337158e-01
1.679302304983139038e-01
5.579276382923126221e-02
1.784103959798812866e-01
1.101414188742637634e-01
1.656532473862171173e-02
1.223784983158111572e-01
3.568578138947486877e-02
-5.473889037966728210e-02
6.050511449575424194e-02
3.374696825630962849e-04
7.052805274724960327e-02
4.779450967907905579e-02
1.410002857446670532e-01
9.863127022981643677e-03
1.349519789218902588e-01
1.785067915916442871e-01
1.004663929343223572e-01
1.084620207548141479e-01
8.799666166305541992e-02
2.248935401439666748e-01
2.575464919209480286e-02
5.232808366417884827e-02
7.843490689992904663e-03
1.425918787717819214e-01
1.619890779256820679e-01
1.067897900938987732e-01
2.646760940551757812e-01
3.627078607678413391e-02
7.926821708679199219e-02
7.297085970640182495e-02
7.749883085489273071e-02
1.590405553579330444e-01
1.227485090494155884e-01
6.683967262506484985e-02
1.471543759107589722e-01
1.374600827693939209e-01
1.068671569228172302e-01
2.918161079287528992e-02
2.159169502556324005e-02
1.739680022001266479e-02
-1.407764037139713764e-03
7.959289848804473877e-02
1.679776161909103394e-01
-7.708806544542312622e-02
1.071646809577941895e-01
3.057350963354110718e-02
8.505076169967651367e-02
2.233900576829910278e-01
1.521190404891967773e-01
1.205191165208816528e-01
8.577451854944229126e-02
-2.499811351299285889e-02
6.534129381179809570e-02
1.349921077489852905e-01
7.936382293701171875e-02
4.422589763998985291e-02
1.543819904327392578e-01
2.713110297918319702e-02
1.478985697031021118e-01
6.885268539190292358e-02
4.969280678778886795e-03
1.524151116609573364e-01
2.754853479564189911e-02
7.742110639810562134e-02
-8.522330969572067261e-02
1.193878874182701111e-01
4.488622769713401794e-02
9.715310297906398773e-03
1.044447198510169983e-01
1.636117100715637207e-01
7.773140817880630493e-02
5.826637521386146545e-02
1.553939431905746460e-01
4.011624678969383240e-02
1.091479286551475525e-01
1.488043088465929031e-02
7.397091947495937347e-03
7.825332880020141602e-02
7.456289231777191162e-02
2.160060107707977295e-01
4.881065338850021362e-02
-9.244482219219207764e-02
1.101488471031188965e-01
1.122552528977394104e-01
1.052078604698181152e-01
1.217251345515251160e-01
2.225851453840732574e-02
1.186803430318832397e-01
-5.212165415287017822e-02
1.087314076721668243e-02
-9.591028094291687012e-03
2.558042667806148529e-02
8.486829698085784912e-02
9.792531281709671021e-02
6.570335477590560913e-02
1.477781385183334351e-01
8.065419644117355347e-02
