-7.588694989681243896e-02
1.067252978682518005e-01
3.771977266296744347e-03
1.577864289283752441e-01
-2.171240001916885376e-01
-3.009106032550334930e-02
-7.846203632652759552e-03
1.083879023790359497e-01
-9.702028334140777588e-02
-9.153398126363754272e-02
-1.984318345785140991e-01
-3.192707151174545288e-02
1.978214234113693237e-01
1.588515937328338623e-02
2.587524056434631348e-02
-4.267864301800727844e-02
-3.698905557394027710e-02
1.241682171821594238e-01
2.268873713910579681e-02
2.202969342470169067e-01
3.968828544020652771e-02
1.408225893974304199e-01
2.475290186703205109e-02
-1.529006171040236950e-03
-4.985850676894187927e-02
5.530808866024017334e-02
1.190219968557357788e-01
-1.575114428997039795e-01
8.518896251916885376e-02
-6.315020471811294556e-02
-1.794204860925674438e-01
-1.797486096620559692e-02
1.464684456586837769e-01
1.190426177345216274e-03
-1.717512160539627075e-01
-1.771494746208190918e-01
4.051832656841725111e-04
-2.953374385833740234e-01
7.486934959888458252e-02
1.959331482648849487e-01
1.423906087875366211e-01
-2.524515800178050995e-02
-3.814364224672317505e-02
5.833459272980690002e-02
1.069928631186485291e-01
1.836870610713958740e-01
-4.524573683738708496e-02
-3.575069084763526917e-02
6.786041706800460815e-02
-3.591256588697433472e-02
-1.621191948652267456e-02
2.802666276693344116e-02
-2.353384494781494141e-01
1.578980386257171631e-01
2.135132998228073120e-01
6.822887808084487915e-02
-5.804935470223426819e-02
1.449479460716247559e-01
7.653275970369577408e-03
-9.647437930107116699e-02
-1.135891973972320557e-01
1.369550228118896484e-01
1.555986851453781128e-01
-2.258926331996917725e-01
8.516023308038711548e-02
5.166623368859291077e-02
8.361224085092544556e-02
1.300145983695983887e-01
1.854756921529769897e-01
-1.117919310927391052e-01
-7.209369540214538574e-02
-1.048331633210182190e-01
6.923330575227737427e-02
-3.881258890032768250e-02
-1.552787572145462036e-01
1.263403594493865967e-01
-3.029842078685760498e-01
6.566311419010162354e-02
-1.423596739768981934e-01
3.102135471999645233e-02
-5.656218156218528748e-02
2.356134951114654541e-01
4.625761136412620544e-02
-1.249125599861145020e-01
6.002885103225708008e-02
1.948260962963104248e-01
-8.579819649457931519e-02
6.302114576101303101e-02
-2.683775126934051514e-01
1.254158914089202881e-01
3.117935061454772949e-01
3.407553955912590027e-02
-1.391548365354537964e-01
1.440782696008682251e-01
-8.457474759779870510e-04
-7.579863071441650391e-02
-2.262906283140182495e-01
2.135973274707794189e-01
1.802037954330444336e-01
-3.175287246704101562e-01
1.164239868521690369e-01
-1.978384330868721008e-02
-5.184090510010719299e-02
7.086315751075744629e-02
2.026420235633850098e-01
5.569796543568372726e-03
-2.700650505721569061e-02
2.082722336053848267e-01
-7.510977238416671753e-02
-1.581053733825683594e-01
1.706050336360931396e-02
4.954465106129646301e-02
-3.611789271235466003e-02
-3.180291503667831421e-02
-6.002833321690559387e-02
2.993213385343551636e-02
1.601589620113372803e-01
3.941939398646354675e-02
-1.257206350564956665e-01
1.395611613988876343e-01
-9.294634684920310974e-03
7.039729505777359009e-02
-1.457453519105911255e-01
1.066055893898010254e-01
-7.137653231620788574e-02
-5.458492040634155273e-02
7.403179258108139038e-02
-2.682264521718025208e-02
-1.174814477562904358e-01
5.564392730593681335e-02
1.516302675008773804e-01
-3.353965878486633301e-01
-2.489756792783737183e-01
-5.496578291058540344e-02
-8.775667846202850342e-02
7.591698667965829372e-04
-1.760214269161224365e-01
4.568394273519515991e-02
-7.955543696880340576e-02
2.822088263928890228e-02
-8.081591874361038208e-02
2.666189670562744141e-01
-1.250745803117752075e-01
-4.509608075022697449e-02
2.782876044511795044e-02
5.784626677632331848e-02
-3.793480619788169861e-02
-7.497097551822662354e-02
-1.584871262311935425e-01
-1.225220691412687302e-02
-1.259104460477828979e-01
-2.423639148473739624e-01
-1.365756541490554810e-01
-8.336000144481658936e-03
2.428746782243251801e-02
2.115487121045589447e-02
2.654702067375183105e-01
-2.186912894248962402e-01
-1.443315390497446060e-02
-3.134364634752273560e-02
5.862089991569519043e-02
2.357100322842597961e-02
-1.742332428693771362e-02
-7.632173597812652588e-02
-1.521545834839344025e-02
3.303710222244262695e-01
3.572668507695198059e-02
-7.305711507797241211e-02
-1.034827977418899536e-01
9.142258763313293457e-02
-8.956323377788066864e-03
9.490200877189636230e-02
1.227234080433845520e-01
-2.938454970717430115e-02
-7.717147935181856155e-03
-2.000516653060913086e-01
8.833225071430206299e-02
-7.489092531614005566e-04
1.892456971108913422e-02
2.836836278438568115e-01
-1.121850535273551941e-01
-2.876530587673187256e-01
2.445535659790039062e-01
-9.280534833669662476e-02
2.277441881597042084e-02
-6.198461633175611496e-03
3.055064678192138672e-01
-4.195064306259155273e-02
-1.418805774301290512e-02
-8.877598494291305542e-02
-3.693612292408943176e-02
-3.834341466426849365e-02
9.710103273391723633e-02
3.899233043193817139e-02
2.355731129646301270e-01
5.166552215814590454e-02
2.149533629417419434e-01
1.139483228325843811e-01
3.646062687039375305e-03
-4.321750998497009277e-02
