3.109845221042633057e-01
7.435847818851470947e-02
-8.503558486700057983e-02
5.843592062592506409e-02
-6.226320564746856689e-02
9.429088979959487915e-02
1.318151205778121948e-01
3.139809519052505493e-02
8.653153479099273682e-02
1.276312470436096191e-01
1.304672844707965851e-02
1.235357671976089478e-01
-4.156297072768211365e-03
3.286019861698150635e-01
3.075468838214874268e-01
-1.730889976024627686e-01
1.063421461731195450e-02
-3.323591500520706177e-02
7.002442330121994019e-02
-1.791834235191345215e-01
-4.522439558058977127e-03
2.349998205900192261e-01
9.157225489616394043e-02
1.987307704985141754e-02
4.008997976779937744e-02
7.903417199850082397e-02
4.443807119969278574e-04
9.026551991701126099e-02
7.250880450010299683e-02
1.945277489721775055e-02
-3.160038590431213379e-02
-3.572704643011093140e-02
-1.135953068733215332e-01
2.002096921205520630e-01
9.672334790229797363e-02
2.828905284404754639e-01
-7.280281931161880493e-02
-8.542159199714660645e-02
3.729736432433128357e-02
6.565945595502853394e-02
7.332013454288244247e-03
2.035945206880569458e-01
-5.849036946892738342e-02
-1.467136740684509277e-01
8.337024599313735962e-02
-3.693646565079689026e-02
1.230356097221374512e-02
1.434304863214492798e-01
-1.579452157020568848e-01
-3.921125084161758423e-02
-8.478751033544540405e-02
1.451566964387893677e-01
-1.649524718523025513e-01
2.782920598983764648e-01
4.104699194431304932e-02
-5.234068632125854492e-02
4.155918955802917480e-02
2.185578458011150360e-02
-4.764455929398536682e-02
-3.572707250714302063e-02
3.934716514777392149e-04
2.457560002803802490e-01
1.686119288206100464e-01
-6.460942327976226807e-02
-1.124273017048835754e-01
-1.481590270996093750e-01
4.907318577170372009e-02
2.998857498168945312e-01
1.346549093723297119e-01
1.405083537101745605e-01
2.116884477436542511e-02
-1.519331037998199463e-01
-8.540298789739608765e-02
1.284095495939254761e-01
-1.823780387639999390e-01
1.480602174997329712e-01
1.566494703292846680e-01
1.159983053803443909e-01
3.747642040252685547e-02
-1.358787119388580322e-01
3.217976391315460205e-01
3.921897709369659424e-01
-1.687356978654861450e-01
1.358992606401443481e-01
2.601385116577148438e-01
2.797538787126541138e-02
2.426622621715068817e-02
1.563967913389205933e-01
2.843200601637363434e-02
-1.044443026185035706e-01
1.549664586782455444e-01
8.606417477130889893e-02
2.719701640307903290e-02
-8.315952494740486145e-03
2.719586901366710663e-02
-5.270882323384284973e-02
-3.084431588649749756e-02
2.804175317287445068e-01
5.468827858567237854e-02
-3.104220144450664520e-02
3.619345724582672119e-01
-5.976952239871025085e-02
-4.901463165879249573e-02
1.546925455331802368e-01
3.270101547241210938e-01
1.130202636122703552e-01
-5.735392495989799500e-02
8.005198091268539429e-02
2.299943193793296814e-02
-5.525461956858634949e-02
-8.602947741746902466e-02
2.131075263023376465e-01
-3.586614504456520081e-02
1.211843267083168030e-02
1.005905196070671082e-01
-5.664984136819839478e-02
2.677527070045471191e-01
-6.830187141895294189e-02
-6.923130899667739868e-02
-1.633639782667160034e-01
1.303539872169494629e-01
-8.741457015275955200e-02
6.578671745955944061e-03
-1.363079994916915894e-01
9.982068091630935669e-02
3.293022513389587402e-02
4.361155629158020020e-02
8.412890136241912842e-02
2.772006578743457794e-02
3.753972649574279785e-01
5.436324700713157654e-02
-2.091806530952453613e-01
-2.415004819631576538e-01
2.222794890403747559e-01
9.015289694070816040e-02
8.795917779207229614e-02
-7.714769244194030762e-02
6.669128686189651489e-02
2.134557217359542847e-01
4.742674529552459717e-02
1.833792626857757568e-01
2.463200129568576813e-02
-1.220858003944158554e-02
-9.272536635398864746e-02
1.520964223891496658e-02
2.098080366849899292e-01
-3.356027230620384216e-02
1.246623769402503967e-01
6.661355495452880859e-02
-1.387849301099777222e-01
6.128109619021415710e-02
9.530767053365707397e-02
-9.074843674898147583e-02
9.917166084051132202e-02
6.793531030416488647e-02
-5.157955363392829895e-02
5.491996556520462036e-02
2.802425250411033630e-02
7.619729638099670410e-02
1.711432486772537231e-01
2.285127639770507812e-01
-1.227588299661874771e-02
-1.818169653415679932e-01
2.933055162429809570e-01
3.252809941768646240e-01
2.675949595868587494e-02
6.294848769903182983e-02
-5.145641975104808807e-03
-2.814373560249805450e-02
4.639742523431777954e-02
-7.932246476411819458e-02
-9.921911358833312988e-02
-1.146033108234405518e-01
-1.382297575473785400e-01
-1.425450742244720459e-01
5.218159779906272888e-02
-9.985810611397027969e-04
-1.140430644154548645e-01
4.181684553623199463e-01
8.673437684774398804e-02
8.716680854558944702e-02
1.431965231895446777e-01
-1.082837674766778946e-02
2.656737864017486572e-01
-2.032560855150222778e-01
1.097139939665794373e-01
1.574567705392837524e-01
-2.679191827774047852e-01
-8.564574271440505981e-02
9.653398394584655762e-02
-2.189341746270656586e-02
3.210652768611907959e-01
2.765167355537414551e-01
-2.179067432880401611e-01
8.148857392370700836e-03
-8.990510553121566772e-02
8.144655823707580566e-02
3.431264683604240417e-02
-8.472141623497009277e-02
5.956709012389183044e-02
