0	0	0
0.0334	0	0
0.0667	0	0
0.1	0	0
0.1334	0	0
0.1667	0	0
0.2	0	0
0.2334	0	0
0.2667	0	0
0.3	0	0
0.3334	0	0
0.3667	0	0
0.4	0	0
0.4333	0	0
0.4667	0	0
0.5	0	0
0.5334	0	0
0.5667	0	0
0.6	0	0
0.6334	0	0
0.6667	0	0
0.7	0	0
0.7334	0	0
0.7667	0	0
0.8	0	0
0.8334	0	0
0.8667	0	0
0.9	0	0
0.9333	0	0
0.9667	0	0
1	0	0
1.0334	0	0
1.0667	0	0
1.1	0	0
1.1333	0	0
1.1667	0	0
1.2	0	0
1.2334	0	0
1.2667	0	0
1.3	0	0
1.3334	0	0
1.3667	0	0
1.4	0	0
1.4334	0	0
1.4667	0	0
1.5	0	0
1.5334	0	0
1.5667	0	0
1.6	0	0
1.6333	0	0
1.6667	0	0
1.7	0	0
1.7334	0	0
1.7667	0	0
1.8	0	0
1.8334	0	0
1.8667	0	0
1.9	0	0
1.9334	0	0
1.9667	0	0
2	0	0
2.0334	0	0
2.0667	0	0
2.1	0	0
2.1334	0	0
2.1667	0	0
2.2	0	0
2.2334	0	0
2.2667	0	0
2.3	0	0
2.3333	0	0
2.3667	0	0
2.4	0	0
2.4334	0	0
2.4667	0	0
2.5	0	0
2.5334	0	0
2.5667	0	0
2.6	0	0
2.6334	0	0
2.6667	0	0
2.7	0	0
2.7334	0	0
2.7667	0	0
2.8	0	0
2.8334	0	0
2.8667	0	0
2.9	0	0
2.9333	0	0
2.9667	0	0
3	0	0
3.0334	0	0
3.0667	0	0
3.1	0	0
3.1334	0	0
3.1667	0	0
3.2	0	0
3.2334	0	0
3.2667	0	0
3.3	0	0
3.3334	0	0
3.3667	0	0
3.4	0	0
3.4333	0	0
3.4667	0	0
3.5	0	0
3.5334	0	0
3.5667	0	0
3.6	0	0
3.6333	0	0
3.6667	0	0
3.7	0	0
3.7334	0	0
3.7667	0	0
3.8	0	0
3.8334	0	0
3.8667	0	0
3.9	0	0
3.9334	0	0
3.9667	0	0
4	0	0
4.0334	0	0
4.0667	0	0
4.1	0	0
4.1333	0	0
4.1667	0	0
4.2	0	0
4.2334	0	0
4.2667	0	0
4.3	0	0
4.3334	0	0
4.3667	0	0
4.4	0	0
4.4334	0	0
4.4667	0	0
4.5	0	0
4.5334	0	0
4.5667	0	0
4.6	0	0
4.6334	0	0
4.6667	0	0
4.7	0	0
4.7334	0	0
4.7667	0	0
4.8	0	0
4.8333	0	0
4.8667	0	0
4.9	0	0
4.9334	0	0
4.9667	0	0
5	0	0
5.0334	0	0
5.0667	0	0
5.1	0	0
5.1334	0	0
5.1667	0	0
5.2	0	0
5.2334	0	0
5.2667	0	0
5.3	0	0
5.3334	0	0
5.3667	0	0
5.4	0	0
5.4333	0	0
5.4667	0	0
5.5	0	0
5.5334	0	0
5.5667	0	0
5.6	0	0
5.6334	0	0
5.6667	0	0
5.7	0	0
5.7334	0	0
5.7667	0	0
5.8	0	0
5.8334	0	0
5.8667	0	0
5.9	0	0
5.9333	0	0
5.9667	0	0
6	0	0
6.0334	0	0
6.0667	0	0
6.1	0	0
6.1333	0	0
6.1667	0	0
6.2	0	0
6.2334	0	0
6.2667	0	0
6.3	0	0
6.3334	0	0
6.3667	0	0
6.4	0	0
6.4334	0	0
6.4667	0	0
6.5	0	0
6.5334	0	0
6.5667	0	0
6.6	0	0
6.6333	0	0
6.6667	0	0
6.7	0	0
6.7334	0	0
6.7667	0	0
6.8	0	0
6.8334	0	0
6.8667	0	0
6.9	0	0
6.9334	0	0
6.9667	0	0
7	0	0
7.0334	0	0
7.0667	0	0
7.1	0	0
7.1334	0	0
7.1667	0	0
7.2	0	0
7.2334	0	0
7.2667	0	0
7.3	0	0
7.3333	0	0
7.3667	0	0
7.4	0	0
7.4334	0	0
7.4667	0	0
7.5	0	0
7.5334	0	0
7.5667	0	0
7.6	0	0
7.6334	0	0
7.6667	0	0
7.7	0	0
7.7334	0	0
7.7667	0	0
7.8	0	0
7.8334	0	0
7.8667	0	0
7.9	0	0
7.9333	0	0
7.9667	0	0
8	0	0
8.0334	0	0
8.0667	0	0
8.1	0	0
8.1334	0	0
8.1667	0	0
8.2	0	0
8.2334	0	0
8.2667	0	0
8.3	0	0
8.3334	0	0
8.3667	0	0
8.4	0	0
8.4333	0	0
8.4667	0	0
8.5	0	0
8.5334	0	0
8.5667	0	0
8.6	0	0
8.6333	0	0
8.6667	0	0
8.7	0	0
8.7334	0	0
8.7667	0	0
8.8	0	0
8.8334	0	0
8.8667	0	0
8.9	0	0
8.9334	0	0
8.9667	0	0
9	0	0
9.0334	0	0
9.0667	0	0
9.1	0	0
9.1333	0	0
9.1667	0	0
9.2	0	0
9.2334	0	0
9.2667	0	0
9.3	0	0
9.3334	0	0
9.3667	0	0
9.4	0	0
9.4334	0	0
9.4667	0	0
9.5	0	0
9.5334	0	0
9.5667	0	0
9.6	0	0
9.6334	0	0
9.6667	0	0
9.7	0	0
9.7334	0	0
9.7667	0	0
9.8	0	0
9.8333	0	0
9.8667	0	0
9.9	0	0
9.9334	0	0
9.9667	0	0
10	0	0
10.0334	0	0
10.0667	0	0
10.1	0	0
10.1334	0	0
10.1667	0	0
10.2	0	0
10.2334	0	0
10.2667	0	0
10.3	0	0
10.3334	0	0
10.3667	0	0
10.4	0	0
10.4333	0	0
10.4667	0	0
10.5	0	0
10.5334	0	0
10.5667	0	0
10.6	0	0
10.6334	0	0
10.6667	0	0
10.7	0	0
10.7334	0	0
10.7667	0	0
10.8	0	0
10.8334	0	0
10.8667	0	0
10.9	0	0
10.9333	0	0
10.9667	0	0
11	0	0
11.0334	0	0
11.0667	0	0
11.1	0	0
11.1333	0	0
11.1667	0	0
11.2	0	0
11.2334	0	0
11.2667	0	0
11.3	0	0
11.3334	0	0
11.3667	0	0
11.4	0	0
11.4334	0	0
11.4667	0	0
11.5	0	0
11.5334	0	0
11.5667	0	0
11.6	0	0
11.6333	0	0
11.6667	0	0
11.7	0	0
11.7334	0	0
11.7667	0	0
11.8	0	0
11.8334	0	0
11.8667	0	0
11.9	0	0
11.9334	0	0
11.9667	0	0
12	0	0
12.0334	0	0
12.0667	0	0
12.1	0	0
12.1334	0	0
12.1667	0	0
12.2	0	0
12.2334	0	0
12.2667	0	0
12.3	0	0
12.3333	0	0
12.3667	0	0
12.4	0	0
12.4334	0	0
12.4667	0	0
12.5	0	0
12.5334	0	0
12.5667	0	0
12.6	0	0
12.6334	0	0
12.6667	0	0
12.7	0	0
12.7334	0	0
12.7667	0	0
12.8	0	0
12.8334	0	0
12.8667	0	0
12.9	0	0
12.9333	0	0
12.9667	0	0
13	0	0
13.0334	0	0
13.0667	0	0
13.1	0	0
13.1334	0	0
13.1667	0	0
13.2	0	0
13.2334	0	0
13.2667	0	0
13.3	0	0
13.3334	0	0
13.3667	0	0
13.4	0	0
13.4333	0	0
13.4667	0	0
13.5	0	0
13.5334	0	0
13.5667	0	0
13.6	0	0
13.6333	0	0
13.6667	0	0
13.7	0	0
13.7334	0	0
13.7667	0	0
13.8	0	0
13.8334	0	0
13.8667	0	0
13.9	0	0
13.9334	0	0
13.9667	0	0
14	0	0
14.0334	0	0
14.0667	0	0
14.1	0	0
14.1333	0	0
14.1667	0	0
14.2	0	0
14.2334	0	0
14.2667	0	0
14.3	0	0
14.3334	0	0
14.3667	0	0
14.4	0	0
14.4334	0	0
14.4667	0	0
14.5	0	0
14.5334	0	0
14.5667	0	0
14.6	0	0
14.6334	0	0
14.6667	0	0
14.7	0	0
14.7334	0	0
14.7667	0	0
14.8	0	0
14.8333	0	0
14.8667	0	0
14.9	0	0
14.9334	0	0
14.9667	0	0
15	0	0
15.0334	0	0
15.0667	0	0
15.1	0	0
15.1334	0	0
15.1667	0	0
15.2	0	0
15.2334	0	0
15.2667	0	0
15.3	0	0
15.3334	0	0
15.3667	0	0
15.4	0	0
15.4333	0	0
15.4667	0	0
15.5	0	0
15.5334	0	0
15.5667	0	0
15.6	0	0
15.6334	0	0
15.6667	0	0
15.7	0	0
15.7334	0	0
15.7667	0	0
15.8	0	0
15.8334	0	0
15.8667	0	0
15.9	0	0
15.9333	0	0
15.9667	0	0
16	0	0
16.0334	0	0
16.0667	0	0
16.1	0	0
16.1333	0	0
16.1667	0	0
16.2	0	0
16.2334	0	0
16.2667	0	0
16.3	0	0
16.3334	0	0
16.3667	0	0
16.4	0	0
16.4334	0	0
16.4667	0	0
16.5	0	0
16.5334	0	0
16.5667	0	0
16.6	0	0
16.6333	0	0
16.6667	0	0
16.7	0	0
16.7334	0	0
16.7667	0	0
16.8	0	0
16.8334	0	0
16.8667	0	0
16.9	0	0
16.9334	0	0
16.9667	0	0
17	0	0
17.0334	0	0
17.0667	0	0
17.1	0	0
17.1334	0	0
17.1667	0	0
17.2	0	0
17.2334	0	0
17.2667	0	0
17.3	0	0
17.3333	0	0
17.3667	0	0
17.4	0	0
17.4334	0	0
17.4667	0	0
17.5	0	0
17.5334	0	0
17.5667	0	0
17.6	0	0
17.6334	0	0
17.6667	0	0
17.7	0	0
17.7334	0	0
17.7667	0	0
17.8	0	0
17.8334	0	0
17.8667	0	0
17.9	0	0
17.9333	0	0
17.9667	0	0
18	0	0
18.0334	0	0
18.0667	0	0
18.1	0	0
18.1334	0	0
18.1667	0	0
18.2	0	0
18.2334	0	0
18.2667	0	0
18.3	0	0
18.3334	0	0
18.3667	0	0
18.4	0	0
18.4333	0	0
18.4667	0	0
18.5	0	0
18.5334	0	0
18.5667	0	0
18.6	0	0
18.6333	0	0
18.6667	0	0
18.7	0	0
18.7334	0	0
18.7667	0	0
18.8	0	0
18.8334	0	0
18.8667	0	0
18.9	0	0
18.9334	0	0
18.9667	0	0
19	0	0
19.0334	0	0
19.0667	0	0
19.1	0	0
19.1333	0	0
19.1667	0	0
19.2	0	0
19.2334	0	0
19.2667	0	0
19.3	0	0
19.3334	0	0
19.3667	0	0
19.4	0	0
19.4334	0	0
19.4667	0	0
19.5	0	0
19.5334	0	0
19.5667	0	0
19.6	0	0
19.6334	0	0
19.6667	0	0
19.7	0	0
19.7334	0	0
19.7667	0	0
19.8	0	0
19.8333	0	0
19.8667	0	0
19.9	0	0
19.9334	0	0
19.9667	0	0
20	0	0
20.0334	0	0
20.0667	0	0
20.1	0	0
20.1334	0	0
20.1667	0	0
20.2	0	0
20.2334	0	0
20.2667	0	0
20.3	0	0
20.3334	1.25E-12	0
20.3667	0	0
20.4	0	0
20.4333	9.375E-13	0
20.4667	0	0
20.5	0	0
20.5334	3.125E-13	0
20.5667	1.25E-12	0
20.6	0	0
20.6334	1.25E-12	0
20.6667	1.25E-12	0
20.7	0	0
20.7334	3.125E-13	0
20.7667	3.75E-12	0
20.8	6.25E-13	0
20.8334	0	0
20.8667	2.1875E-12	0
20.9	2.5E-12	0
20.9333	2.1875E-12	0
20.9667	7.1875E-12	0
21	7.1875E-12	0
21.0334	2.8125E-12	0
21.0667	7.5E-12	0
21.1	1E-11	0
21.1333	8.75E-12	0
21.1667	1E-11	0
21.2	1E-11	0
21.2334	1E-11	0
21.2667	1E-11	0
21.3	1.4375E-11	0
21.3334	1.34375E-11	0
21.3667	1.21875E-11	0
21.4	1.625E-11	0
21.4334	1.875E-11	0
21.4667	1.46875E-11	0
21.5	1.625E-11	0
21.5334	1.84375E-11	0
21.5667	1.84375E-11	0
21.6	1.875E-11	0
21.6333	2.25E-11	0
21.6667	2.09375E-11	0
21.7	1.84375E-11	0
21.7334	2.1875E-11	0
21.7667	2.125E-11	0
21.8	1.75E-11	0
21.8334	1.875E-11	0
21.8667	1.875E-11	0
21.9	1.40625E-11	0
21.9334	1.375E-11	0
21.9667	1.34375E-11	0
22	1E-11	0
22.0334	8.75E-12	0
22.0667	1E-11	0
22.1	5.625E-12	0
22.1334	9.375E-13	0
22.1667	1.25E-12	0
22.2	0	0
22.2334	0	0
22.2667	0	0
22.3	-9.375E-13	0
22.3333	-6.25E-12	0
22.3667	-1.125E-11	0
22.4	-1.40625E-11	0
22.4334	-1.90625E-11	0
22.4667	-2.78125E-11	0
22.5	-2.9375E-11	0
22.5334	-3.15625E-11	0
22.5667	-4.15625E-11	0
22.6	-4.53125E-11	0
22.6334	-5.0625E-11	0
22.6667	-5.625E-11	0
22.7	-5.875E-11	0
22.7334	-6.5E-11	0
22.7667	-7.15625E-11	0
22.8	-7.78125E-11	0
22.8334	-8.15625E-11	0
22.8667	-8.65625E-11	0
22.9	-9.375E-11	0
22.9333	-9.6875E-11	0
22.9667	-1.06875E-10	0
23	-1.1375E-10	0
23.0334	-1.20625E-10	0
23.0667	-1.25937E-10	0
23.1	-1.37813E-10	0
23.1334	-1.45313E-10	0
23.1667	-1.5125E-10	0
23.2	-1.64063E-10	0
23.2334	-1.73125E-10	0
23.2667	-1.82813E-10	0
23.3	-1.94063E-10	0
23.3334	-2.05625E-10	0
23.3667	-2.1625E-10	0
23.4	-2.29687E-10	0
23.4333	-2.44687E-10	0
23.4667	-2.57188E-10	0
23.5	-2.72812E-10	0
23.5334	-2.8875E-10	0
23.5667	-3.05313E-10	0
23.6	-3.23125E-10	0
23.6333	-3.41562E-10	0
23.6667	-3.59375E-10	0
23.7	-3.76875E-10	0
23.7334	-3.99375E-10	0
23.7667	-4.225E-10	0
23.8	-4.45625E-10	0
23.8334	-4.72813E-10	0
23.8667	-4.96875E-10	0
23.9	-5.21562E-10	0
23.9334	-5.49688E-10	0
23.9667	-5.80937E-10	0
24	-6.075E-10	0
24.0334	-6.38125E-10	0
24.0667	-6.72813E-10	0
24.1	-7.02813E-10	0
24.1333	-7.35937E-10	0
24.1667	-7.74687E-10	0
24.2	-8.12813E-10	0
24.2334	-8.525E-10	0
24.2667	-8.94688E-10	0
24.3	-9.37813E-10	0
24.3334	-9.80312E-10	0
24.3667	-1.02625E-9	0
24.4	-1.07875E-9	0
24.4334	-1.1275E-9	0
24.4667	-1.18187E-9	0
24.5	-1.23188E-9	0
24.5334	-1.28313E-9	0
24.5667	-1.33906E-9	0
24.6	-1.39938E-9	0
24.6334	-1.45844E-9	0
24.6667	-1.52344E-9	0
24.7	-1.59E-9	0
24.7334	-1.6525E-9	0
24.7667	-1.71531E-9	0
24.8	-1.7825E-9	0
24.8333	-1.85156E-9	0
24.8667	-1.92344E-9	0
24.9	-1.99094E-9	0
24.9334	-2.05156E-9	0
24.9667	-2.11375E-9	0
25	-2.185E-9	0
25.0334	-2.24812E-9	0
25.0667	-2.31656E-9	0
25.1	-2.37469E-9	0
25.1334	-2.42156E-9	0
25.1667	-2.46438E-9	0
25.2	-2.50625E-9	0
25.2334	-2.54031E-9	0
25.2667	-2.57031E-9	0
25.3	-2.59406E-9	0
25.3334	-2.60406E-9	0
25.3667	-2.60469E-9	0
25.4	-2.59437E-9	0
25.4333	-2.57156E-9	0
25.4667	-2.53469E-9	0
25.5	-2.48375E-9	0
25.5334	-2.41906E-9	0
25.5667	-2.33312E-9	0
25.6	-2.22031E-9	0
25.6334	-2.06906E-9	0
25.6667	-1.9125E-9	0
25.7	-1.73E-9	0
25.7334	-1.51562E-9	0
25.7667	-1.25719E-9	0
25.8	-9.66875E-10	0
25.8334	-6.3625E-10	0
25.8667	-2.42813E-10	0
25.9	2.34063E-10	0
25.9333	7.73125E-10	0
25.9667	1.34531E-9	0
26	2.12063E-9	0
26.0334	2.96938E-9	0
26.0667	3.81531E-9	0
26.1	4.76375E-9	0
26.1333	6.07562E-9	0
26.1667	7.38281E-9	0
26.2	8.62875E-9	0
26.2334	9.97375E-9	0
26.2667	1.15497E-8	0
26.3	1.35572E-8	0
26.3334	1.56031E-8	0
26.3667	1.77828E-8	0
26.4	2.01303E-8	0
26.4334	2.29547E-8	0
26.4667	2.57375E-8	0
26.5	2.87869E-8	0
26.5334	3.19306E-8	0
26.5667	3.46284E-8	0
26.6	3.70928E-8	0
26.6333	3.89788E-8	0
26.6667	4.00687E-8	0
26.7	4.04459E-8	0
26.7334	4.00609E-8	0
26.7667	3.87409E-8	0
26.8	3.62763E-8	0
26.8334	3.25506E-8	0
26.8667	2.734E-8	1.25E-12
26.9	2.05434E-8	1.25E-12
26.9334	1.36728E-8	0
26.9667	6.47687E-9	1.25E-12
27	-6.20312E-10	2.5E-12
27.0334	-7.69562E-9	1.25E-12
27.0667	-1.69269E-8	4.6875E-12
27.1	-2.40141E-8	5.9375E-12
27.1334	-2.87812E-8	9.375E-13
27.1667	-3.21394E-8	2.5E-12
27.2	-3.45263E-8	4.375E-12
27.2334	-3.59391E-8	2.8125E-12
27.2667	-3.63334E-8	2.5E-12
27.3	-3.57972E-8	4.375E-12
27.3333	-3.45444E-8	5E-12
27.3667	-3.26516E-8	3.75E-12
27.4	-3.02725E-8	7.5E-12
27.4333	-2.72484E-8	8.125E-12
27.4667	-2.42872E-8	4.0625E-12
27.5	-2.13366E-8	6.25E-12
27.5334	-1.87944E-8	8.4375E-12
27.5667	-1.64916E-8	5E-12
27.6	-1.43869E-8	5.3125E-12
27.6334	-1.22412E-8	8.4375E-12
27.6667	-1.04175E-8	6.875E-12
27.7	-8.90156E-9	6.25E-12
27.7334	-7.73125E-9	8.75E-12
27.7667	-6.82906E-9	5.625E-12
27.8	-6.06687E-9	1.5625E-12
27.8334	-5.38031E-9	1.875E-12
27.8667	-4.84594E-9	1.25E-12
27.9	-4.455E-9	0
27.9333	-4.1775E-9	6.25E-13
27.9667	-3.99812E-9	6.25E-13
28	-3.8725E-9	0
28.0334	-3.7775E-9	0
28.0667	-3.68938E-9	0
28.1	-3.61969E-9	0
28.1334	-3.54781E-9	0
28.1667	-3.46844E-9	0
28.2	-3.37281E-9	-1.25E-12
28.2334	-3.25219E-9	-5E-12
28.2667	-3.11094E-9	-5.9375E-12
28.3	-2.93469E-9	-6.25E-12
28.3334	-2.73687E-9	-1.15625E-11
28.3667	-2.5475E-9	-1.375E-11
28.4	-2.35687E-9	-1.625E-11
28.4333	-2.15156E-9	-1.96875E-11
28.4667	-1.91125E-9	-2.375E-11
28.5	-1.68094E-9	-2.375E-11
28.5334	-1.46188E-9	-2.75E-11
28.5667	-1.2575E-9	-3E-11
28.6	-1.065E-9	-3.125E-11
28.6333	-8.86562E-10	-3.1875E-11
28.6667	-7.0875E-10	-3.65625E-11
28.7	-5.275E-10	-3.9375E-11
28.7334	-3.51875E-10	-4.28125E-11
28.7667	-1.925E-10	-4.625E-11
28.8	-5.3125E-11	-4.75E-11
28.8334	7.28125E-11	-5E-11
28.8667	2.01875E-10	-5.40625E-11
28.9	3.26562E-10	-5.59375E-11
28.9334	4.31875E-10	-5.84375E-11
28.9667	5.25938E-10	-6.375E-11
29	6.15937E-10	-6.875E-11
29.0334	6.9625E-10	-7.1875E-11
29.0667	7.68438E-10	-7.90625E-11
29.1	8.36875E-10	-8.5E-11
29.1333	8.96875E-10	-8.625E-11
29.1667	9.55937E-10	-8.90625E-11
29.2	1.01188E-9	-9.4375E-11
29.2334	1.06375E-9	-9.9375E-11
29.2667	1.11375E-9	-1.07187E-10
29.3	1.17E-9	-1.14375E-10
29.3334	1.2275E-9	-1.24375E-10
29.3667	1.27969E-9	-1.275E-10
29.4	1.3325E-9	-1.34688E-10
29.4334	1.38219E-9	-1.4375E-10
29.4667	1.42375E-9	-1.49375E-10
29.5	1.46625E-9	-1.56875E-10
29.5334	1.51281E-9	-1.65312E-10
29.5667	1.55094E-9	-1.74375E-10
29.6	1.58781E-9	-1.83438E-10
29.6334	1.61813E-9	-1.95312E-10
29.6667	1.64188E-9	-2.05938E-10
29.7	1.66469E-9	-2.17188E-10
29.7334	1.68812E-9	-2.275E-10
29.7667	1.7075E-9	-2.39063E-10
29.8	1.72406E-9	-2.50313E-10
29.8333	1.74094E-9	-2.67813E-10
29.8667	1.75375E-9	-2.83437E-10
29.9	1.76187E-9	-2.97813E-10
29.9333	1.77188E-9	-3.13437E-10
29.9667	1.77844E-9	-3.29375E-10
30	1.77813E-9	-3.44375E-10
30.0334	1.77563E-9	-3.60937E-10
30.0667	1.77E-9	-3.79687E-10
30.1	1.76219E-9	-3.9625E-10
30.1334	1.7525E-9	-4.1625E-10
30.1667	1.73813E-9	-4.375E-10
30.2	1.72031E-9	-4.56562E-10
30.2334	1.70344E-9	-4.77188E-10
30.2667	1.68906E-9	-4.99687E-10
30.3	1.67469E-9	-5.24062E-10
30.3334	1.66281E-9	-5.46562E-10
30.3667	1.6525E-9	-5.7125E-10
30.4	1.6475E-9	-5.94375E-10
30.4333	1.64344E-9	-6.18125E-10
30.4667	1.6425E-9	-6.47187E-10
30.5	1.64219E-9	-6.78125E-10
30.5334	1.64094E-9	-7.04063E-10
30.5667	1.64031E-9	-7.34063E-10
30.6	1.63906E-9	-7.66563E-10
30.6334	1.63375E-9	-7.95312E-10
30.6667	1.62375E-9	-8.2625E-10
30.7	1.61E-9	-8.62187E-10
30.7334	1.59125E-9	-8.94688E-10
30.7667	1.56656E-9	-9.24687E-10
30.8	1.53813E-9	-9.575E-10
30.8334	1.50344E-9	-9.87188E-10
30.8667	1.46188E-9	-1.01688E-9
30.9	1.42281E-9	-1.04906E-9
30.9333	1.38406E-9	-1.08E-9
30.9667	1.34469E-9	-1.10313E-9
31	1.30406E-9	-1.12781E-9
31.0334	1.26438E-9	-1.15031E-9
31.0667	1.23313E-9	-1.17125E-9
31.1	1.20281E-9	-1.19094E-9
31.1333	1.17375E-9	-1.20563E-9
31.1667	1.1475E-9	-1.215E-9
31.2	1.11938E-9	-1.22188E-9
31.2334	1.09E-9	-1.22687E-9
31.2667	1.05781E-9	-1.22094E-9
31.3	1.02281E-9	-1.21219E-9
31.3334	9.88437E-10	-1.19719E-9
31.3667	9.525E-10	-1.17437E-9
31.4	9.13125E-10	-1.14531E-9
31.4334	8.65E-10	-1.1075E-9
31.4667	8.15938E-10	-1.05688E-9
31.5	7.69687E-10	-9.93125E-10
31.5334	7.18437E-10	-9.22813E-10
31.5667	6.76562E-10	-8.3125E-10
31.6	6.325E-10	-7.35625E-10
31.6333	5.86562E-10	-6.2875E-10
31.6667	5.40625E-10	-4.9375E-10
31.7	4.9625E-10	-3.40937E-10
31.7334	4.55E-10	-1.72188E-10
31.7667	4.15625E-10	2.125E-11
31.8	3.76563E-10	2.39688E-10
31.8334	3.40937E-10	4.87187E-10
31.8667	3.05625E-10	7.76875E-10
31.9	2.73438E-10	1.11875E-9
31.9334	2.4125E-10	1.5175E-9
31.9667	2.08438E-10	1.99156E-9
32	1.81875E-10	2.57125E-9
32.0334	1.57187E-10	3.23062E-9
32.0667	1.33125E-10	3.8275E-9
32.1	1.07813E-10	4.44125E-9
32.1334	8.90625E-11	5.11156E-9
32.1667	7.6875E-11	5.8525E-9
32.2	6.625E-11	6.75219E-9
32.2334	6.09375E-11	7.96969E-9
32.2667	5.5E-11	9.22906E-9
32.3	5.3125E-11	1.04513E-8
32.3333	5.15625E-11	1.16178E-8
32.3667	5.3125E-11	1.28575E-8
32.4	5.375E-11	1.41478E-8
32.4333	5.375E-11	1.55069E-8
32.4667	5.28125E-11	1.68278E-8
32.5	4.90625E-11	1.81069E-8
32.5334	4.46875E-11	1.91275E-8
32.5667	3.96875E-11	1.99016E-8
32.6	3.28125E-11	2.02003E-8
32.6334	2.28125E-11	2E-8
32.6667	1.46875E-11	1.927E-8
32.7	1E-11	1.78484E-8
32.7334	1.25E-12	1.57234E-8
32.7667	0	1.27647E-8
32.8	0	9.37906E-9
32.8334	-1.25E-12	5.83313E-9
32.8667	-1.5625E-12	1.89281E-9
32.9	0	-2.03437E-9
32.9333	0	-6.17125E-9
32.9667	0	-9.98719E-9
33	0	-1.41441E-8
33.0334	0	-1.71584E-8
33.0667	0	-1.92994E-8
33.1	0	-2.03334E-8
33.1334	0	-2.06891E-8
33.1667	-2.1875E-12	-2.05513E-8
33.2	-2.5E-12	-1.99419E-8
33.2334	-5E-12	-1.88953E-8
33.2667	-7.8125E-12	-1.754E-8
33.3	-8.4375E-12	-1.58925E-8
33.3334	-5E-12	-1.41056E-8
33.3667	-4.0625E-12	-1.20503E-8
33.4	-3.4375E-12	-1.02978E-8
33.4333	0	-8.75219E-9
33.4667	0	-7.39594E-9
33.5	6.25E-13	-6.17438E-9
33.5334	5E-12	-5.06438E-9
33.5667	6.5625E-12	-4.09719E-9
33.6	5.3125E-12	-3.31344E-9
33.6333	6.875E-12	-2.75469E-9
33.6667	5.625E-12	-2.31562E-9
33.7	0	-1.96594E-9
33.7334	0	-1.69094E-9
33.7667	0	-1.525E-9
33.8	-1.25E-12	-1.425E-9
33.8334	-3.75E-12	-1.37625E-9
33.8667	-5.625E-12	-1.36281E-9
33.9	-1E-11	-1.37281E-9
33.9334	-1.0625E-11	-1.39125E-9
33.9667	-7.8125E-12	-1.415E-9
34	-2.8125E-12	-1.43812E-9
34.0334	-6.25E-13	-1.4475E-9
34.0667	0	-1.44719E-9
34.1	3.125E-12	-1.43156E-9
34.1333	9.0625E-12	-1.3925E-9
34.1667	1.59375E-11	-1.34063E-9
34.2	2.34375E-11	-1.27438E-9
34.2334	2.375E-11	-1.19438E-9
34.2667	2.5625E-11	-1.10938E-9
34.3	2.71875E-11	-1.01531E-9
34.3334	2.5625E-11	-9.075E-10
34.3667	2.0625E-11	-7.97187E-10
34.4	1.25E-11	-6.90938E-10
34.4334	7.8125E-12	-5.84063E-10
34.4667	3.125E-13	-4.85625E-10
34.5	0	-3.91875E-10
34.5334	-6.875E-12	-3.06562E-10
34.5667	-1.53125E-11	-2.20313E-10
34.6	-2.15625E-11	-1.36563E-10
34.6334	-2.65625E-11	-5.84375E-11
34.6667	-3.03125E-11	6.875E-12
34.7	-3.21875E-11	7.0625E-11
34.7334	-3.125E-11	1.37188E-10
34.7667	-3.3125E-11	1.96875E-10
34.8	-3.375E-11	2.50937E-10
34.8333	-3.125E-11	2.95E-10
34.8667	-3.125E-11	3.39375E-10
34.9	-3.46875E-11	3.74375E-10
34.9333	-3.8125E-11	4.04063E-10
34.9667	-4.03125E-11	4.29375E-10
35	-4.46875E-11	4.58125E-10
35.0334	-4.625E-11	4.825E-10
35.0667	-4.90625E-11	5.01875E-10
35.1	-5.53125E-11	5.24375E-10
35.1334	-5.96875E-11	5.47187E-10
35.1667	-6.1875E-11	5.69688E-10
35.2	-6.25E-11	5.93438E-10
35.2334	-6.5E-11	6.18438E-10
35.2667	-6.15625E-11	6.38125E-10
35.3	-5.625E-11	6.60313E-10
35.3334	-5.625E-11	6.83438E-10
35.3667	-5.40625E-11	7.04063E-10
35.4	-4.84375E-11	7.2125E-10
35.4333	-4.84375E-11	7.43438E-10
35.4667	-5E-11	7.61875E-10
35.5	-4.875E-11	7.76875E-10
35.5334	-5.4375E-11	7.90937E-10
35.5667	-5.5E-11	8.03438E-10
35.6	-5.84375E-11	8.12187E-10
35.6334	-6.5625E-11	8.21875E-10
35.6667	-7.21875E-11	8.33438E-10
35.7	-7.84375E-11	8.39687E-10
35.7334	-8.4375E-11	8.47188E-10
35.7667	-8.78125E-11	8.53125E-10
35.8	-9.125E-11	8.55625E-10
35.8334	-9.28125E-11	8.5625E-10
35.8667	-9.375E-11	8.6E-10
35.9	-9.375E-11	8.60625E-10
35.9333	-8.71875E-11	8.56875E-10
35.9667	-8.40625E-11	8.55625E-10
36	-8.25E-11	8.525E-10
36.0334	-7.40625E-11	8.42187E-10
36.0667	-6.84375E-11	8.34062E-10
36.1	-6E-11	8.24375E-10
36.1333	-5.34375E-11	8.14375E-10
36.1667	-4.6875E-11	8.04687E-10
36.2	-4.3125E-11	7.96875E-10
36.2334	-3.46875E-11	7.90937E-10
36.2667	-2.84375E-11	7.825E-10
36.3	-2.375E-11	7.79687E-10
36.3334	-1.96875E-11	7.7875E-10
36.3667	-1.53125E-11	7.775E-10
36.4	-1.5E-11	7.8125E-10
36.4334	-1.5625E-11	7.85625E-10
36.4667	-1.5E-11	7.85E-10
36.5	-1.65625E-11	7.825E-10
36.5334	-2.1875E-11	7.8125E-10
36.5667	-2.5E-11	7.79687E-10
36.6	-2.6875E-11	7.7625E-10
36.6333	-2.9375E-11	7.70625E-10
36.6667	-3.15625E-11	7.59063E-10
36.7	-3.5625E-11	7.4125E-10
36.7334	-4.0625E-11	7.25E-10
36.7667	-4.375E-11	7.08125E-10
36.8	-4.375E-11	6.84687E-10
36.8334	-4.5625E-11	6.625E-10
36.8667	-4.65625E-11	6.40937E-10
36.9	-4.625E-11	6.19375E-10
36.9334	-4.5E-11	6.025E-10
36.9667	-4.59375E-11	5.88438E-10
37	-4.15625E-11	5.7E-10
37.0334	-3.4375E-11	5.55312E-10
37.0667	-3.125E-11	5.44688E-10
37.1	-2.6875E-11	5.29687E-10
37.1334	-1.875E-11	5.1375E-10
37.1667	-1.5625E-11	5.0125E-10
37.2	-1.375E-11	4.86875E-10
37.2334	-9.375E-12	4.67812E-10
37.2667	-8.75E-12	4.50938E-10
37.3	-1.25E-11	4.32188E-10
37.3333	-1.28125E-11	4.09375E-10
37.3667	-1.46875E-11	3.83438E-10
37.4	-1.9375E-11	3.60937E-10
37.4333	-2.6875E-11	3.35312E-10
37.4667	-2.875E-11	3.11875E-10
37.5	-3.34375E-11	2.90937E-10
37.5334	-3.65625E-11	2.675E-10
37.5667	-4E-11	2.45E-10
37.6	-4.375E-11	2.26563E-10
37.6334	-4.96875E-11	2.0875E-10
37.6667	-5.21875E-11	1.875E-10
37.7	-5.5625E-11	1.74375E-10
37.7334	-6.125E-11	1.60312E-10
37.7667	-6.78125E-11	1.4625E-10
37.8	-7.21875E-11	1.35625E-10
37.8334	-8.21875E-11	1.275E-10
37.8667	-8.875E-11	1.19687E-10
37.9	-9.71875E-11	1.09375E-10
37.9333	-1.13125E-10	1.04063E-10
37.9667	-1.28125E-10	9.5625E-11
38	-1.425E-10	9.125E-11
38.0334	-1.57187E-10	9E-11
38.0667	-1.75313E-10	8.6875E-11
38.1	-1.9E-10	8.0625E-11
38.1334	-2.07813E-10	7.96875E-11
38.1667	-2.26875E-10	7.65625E-11
38.2	-2.38437E-10	7.25E-11
38.2334	-2.49375E-10	6.625E-11
38.2667	-2.625E-10	5.71875E-11
38.3	-2.73438E-10	4.8125E-11
38.3334	-2.76562E-10	3.875E-11
38.3667	-2.81875E-10	2.71875E-11
38.4	-2.8375E-10	1.5E-11
38.4333	-2.775E-10	4.375E-12
38.4667	-2.75E-10	-3.125E-13
38.5	-2.69062E-10	-8.4375E-12
38.5334	-2.58438E-10	-1.46875E-11
38.5667	-2.44375E-10	-2.375E-11
38.6	-2.29063E-10	-3.09375E-11
38.6333	-2.08438E-10	-3.3125E-11
38.6667	-1.89375E-10	-3.5E-11
38.7	-1.7125E-10	-3.1875E-11
38.7334	-1.45313E-10	-2.90625E-11
38.7667	-1.15313E-10	-2.65625E-11
38.8	-9.03125E-11	-2.09375E-11
38.8334	-6.375E-11	-1.625E-11
38.8667	-3.59375E-11	-1.25E-11
38.9	-1.125E-11	-1E-11
38.9334	9.375E-12	-5E-12
38.9667	3.6875E-11	-3.4375E-12
39	6.375E-11	-2.8125E-12
39.0334	8.59375E-11	-1.25E-12
39.0667	1.07813E-10	-2.5E-12
39.1	1.25313E-10	-2.8125E-12
39.1333	1.3875E-10	-3.125E-12
39.1667	1.4875E-10	-5.3125E-12
39.2	1.57187E-10	-6.25E-12
39.2334	1.6E-10	-4.0625E-12
39.2667	1.6E-10	-4.6875E-12
39.3	1.5875E-10	-2.1875E-12
39.3334	1.54062E-10	-2.5E-12
39.3667	1.45313E-10	-9.375E-13
39.4	1.40938E-10	0
39.4334	1.34063E-10	0
39.4667	1.25E-10	0
39.5	1.20625E-10	0
39.5334	1.17813E-10	0
39.5667	1.1375E-10	0
39.6	1.14688E-10	0
39.6334	1.19063E-10	0
39.6667	1.20625E-10	-9.375E-13
39.7	1.25313E-10	-3.75E-12
39.7334	1.3375E-10	-6.25E-12
39.7667	1.35E-10	-7.1875E-12
39.8	1.39063E-10	-7.5E-12
39.8333	1.42813E-10	-7.5E-12
39.8667	1.45E-10	-8.4375E-12
39.9	1.45E-10	-7.8125E-12
39.9333	1.44688E-10	-3.4375E-12
39.9667	1.43438E-10	-3.125E-13
40	1.36875E-10	0
40.0334	1.34063E-10	0
40.0667	1.25625E-10	2.5E-12
40.1	1.17187E-10	7.5E-12
40.1334	1.08125E-10	8.75E-12
40.1667	1.0375E-10	1.125E-11
40.2	9.40625E-11	1.09375E-11
40.2334	9E-11	1E-11
40.2667	8.625E-11	7.5E-12
40.3	8E-11	5.3125E-12
40.3334	7.4375E-11	1.875E-12
40.3667	7.1875E-11	0
40.4	6.75E-11	-3.125E-13
40.4333	6.5E-11	-4.375E-12
40.4667	6.28125E-11	-9.375E-12
40.5	6.25E-11	-1.28125E-11
40.5334	6E-11	-1.375E-11
40.5667	6.09375E-11	-1.5E-11
40.6	6.40625E-11	-1.625E-11
40.6334	6.59375E-11	-1.59375E-11
40.6667	7.03125E-11	-1.75E-11
40.7	8.03125E-11	-1.6875E-11
40.7334	8.8125E-11	-1.625E-11
40.7667	9.25E-11	-1.75E-11
40.8	1.04375E-10	-1.6875E-11
40.8334	1.15E-10	-1.5E-11
40.8667	1.20938E-10	-1.6875E-11
40.9	1.32187E-10	-1.75E-11
40.9333	1.3625E-10	-2.125E-11
40.9667	1.36875E-10	-2.5E-11
41	1.35625E-10	-2.625E-11
41.0334	1.375E-10	-2.8125E-11
41.0667	1.34688E-10	-2.96875E-11
41.1	1.25937E-10	-3E-11
41.1333	1.2E-10	-3E-11
41.1667	1.12187E-10	-2.90625E-11
41.2	1.04687E-10	-2.71875E-11
41.2334	1.03125E-10	-2.34375E-11
41.2667	1E-10	-2.0625E-11
41.3	9.78125E-11	-1.90625E-11
41.3334	1.03125E-10	-1.75E-11
41.3667	1.05937E-10	-1.75E-11
41.4	1.15625E-10	-1.5625E-11
41.4334	1.22812E-10	-1.71875E-11
41.4667	1.3375E-10	-2.0625E-11
41.5	1.41875E-10	-2.4375E-11
41.5334	1.5E-10	-2.75E-11
41.5667	1.60312E-10	-2.90625E-11
41.6	1.66875E-10	-3.09375E-11
41.6333	1.7125E-10	-3.71875E-11
41.6667	1.73125E-10	-4.1875E-11
41.7	1.69687E-10	-4.25E-11
41.7334	1.64063E-10	-4.4375E-11
41.7667	1.59062E-10	-4.28125E-11
41.8	1.4875E-10	-4.09375E-11
41.8334	1.37188E-10	-4E-11
41.8667	1.225E-10	-3.65625E-11
41.9	1.04375E-10	-3.09375E-11
41.9334	8.28125E-11	-2.9375E-11
41.9667	5.5625E-11	-2.4375E-11
42	2.28125E-11	-1.90625E-11
42.0334	-7.5E-12	-1.59375E-11
42.0667	-5.375E-11	-1.3125E-11
42.1	-1.09688E-10	-8.125E-12
42.1334	-1.7875E-10	-2.8125E-12
42.1667	-2.56875E-10	-1.25E-12
42.2	-3.44688E-10	-1.25E-12
42.2334	-4.40625E-10	0
42.2667	-5.5625E-10	0
42.3	-6.65938E-10	0
42.3333	-7.7875E-10	0
42.3667	-8.89063E-10	0
42.4	-9.99687E-10	-3.125E-13
42.4333	-1.09344E-9	-1.25E-12
42.4667	-1.15969E-9	-1.25E-12
42.5	-1.19688E-9	-3.75E-12
42.5334	-1.20344E-9	-9.0625E-12
42.5667	-1.17687E-9	-1.09375E-11
42.6	-1.11E-9	-1.25E-11
42.6334	-1.01688E-9	-1.3125E-11
42.6667	-9.02812E-10	-1.5E-11
42.7	-7.56562E-10	-1.71875E-11
42.7334	-5.99062E-10	-1.9375E-11
42.7667	-4.35625E-10	-1.96875E-11
42.8	-2.7125E-10	-1.8125E-11
42.8334	-1.02813E-10	-1.875E-11
42.8667	4.4375E-11	-1.78125E-11
42.9	1.60937E-10	-1.71875E-11
42.9333	2.53437E-10	-1.5625E-11
42.9667	3.27188E-10	-1.5E-11
43	3.70625E-10	-1.0625E-11
43.0334	3.925E-10	-5.625E-12
43.0667	3.94063E-10	-2.1875E-12
43.1	3.78437E-10	-1.25E-12
43.1334	3.55E-10	-3.125E-13
43.1667	3.29062E-10	0
43.2	3.00937E-10	-1.25E-12
43.2334	2.70312E-10	-4.0625E-12
43.2667	2.40625E-10	-9.6875E-12
43.3	2.1875E-10	-1.09375E-11
43.3334	1.95625E-10	-1.1875E-11
43.3667	1.72812E-10	-1.4375E-11
43.4	1.5125E-10	-1.625E-11
43.4334	1.30625E-10	-2E-11
43.4667	1.05937E-10	-2.375E-11
43.5	8.40625E-11	-2.625E-11
43.5333	5.84375E-11	-2.71875E-11
43.5667	3.65625E-11	-2.90625E-11
43.6	1.6875E-11	-3.0625E-11
43.6333	1.25E-12	-3.375E-11
43.6667	-1.25E-11	-3.375E-11
43.7	-2.8125E-11	-3.84375E-11
43.7334	-3.875E-11	-4.34375E-11
43.7667	-4.9375E-11	-4.71875E-11
43.8	-5.5625E-11	-5.28125E-11
43.8334	-5.96875E-11	-5.875E-11
43.8667	-6.0625E-11	-6.6875E-11
43.9	-5.875E-11	-7.25E-11
43.9334	-5.5E-11	-8.4375E-11
43.9667	-4.875E-11	-9.125E-11
44	-4.3125E-11	-9.75E-11
44.0333	-3.25E-11	-1.0875E-10
44.0667	-2.21875E-11	-1.16875E-10
44.1	-1.28125E-11	-1.24375E-10
44.1333	-1.5625E-12	-1.3125E-10
44.1667	4.6875E-12	-1.38437E-10
44.2	1.78125E-11	-1.4E-10
44.2334	3.46875E-11	-1.41563E-10
44.2667	4.9375E-11	-1.41563E-10
44.3	6.40625E-11	-1.4E-10
44.3334	7.875E-11	-1.4E-10
44.3667	9.125E-11	-1.375E-10
44.4	1.04063E-10	-1.32187E-10
44.4334	1.08125E-10	-1.25937E-10
44.4667	1.15E-10	-1.20625E-10
44.5	1.17187E-10	-1.10312E-10
44.5334	1.1125E-10	-9.6875E-11
44.5667	1.03438E-10	-8.71875E-11
44.6	9.1875E-11	-7.53125E-11
44.6333	7.6875E-11	-6.34375E-11
44.6667	5.9375E-11	-5.34375E-11
44.7	4.25E-11	-4.03125E-11
44.7334	2.375E-11	-2.375E-11
44.7667	4.6875E-12	-8.4375E-12
44.8	-4.6875E-12	0
44.8334	-1.84375E-11	1E-11
44.8667	-3.15625E-11	2.375E-11
44.9	-3.5625E-11	3.5625E-11
44.9333	-3.875E-11	4.90625E-11
44.9667	-3.875E-11	6.0625E-11
45	-3.1875E-11	6.5E-11
45.0334	-2.40625E-11	6.90625E-11
45.0667	-1.5E-11	7.59375E-11
45.1	-5.3125E-12	7.9375E-11
45.1333	0	7.875E-11
45.1667	5E-12	7.84375E-11
45.2	1.0625E-11	7.375E-11
45.2334	1.84375E-11	6.78125E-11
45.2667	2.25E-11	6.5E-11
45.3	2.25E-11	6.1875E-11
45.3334	2.25E-11	5.125E-11
45.3667	1.9375E-11	4.53125E-11
45.4	1.34375E-11	4.125E-11
45.4333	1E-11	4E-11
45.4667	8.75E-12	3.9375E-11
45.5	6.25E-12	4E-11
45.5334	2.1875E-12	3.75E-11
45.5667	0	4E-11
45.6	0	4.1875E-11
45.6334	0	4.59375E-11
45.6667	0	4.75E-11
45.7	0	4.96875E-11
45.7334	0	4.875E-11
45.7667	-1.875E-12	4.96875E-11
45.8	-2.8125E-12	5E-11
45.8334	-7.5E-12	5E-11
45.8667	-1E-11	4.6875E-11
45.9	-1.125E-11	4.25E-11
45.9334	-1.125E-11	3.9375E-11
45.9667	-1.09375E-11	3.4375E-11
46	-6.25E-12	2.625E-11
46.0333	-3.125E-13	2.40625E-11
46.0667	0	1.75E-11
46.1	2.5E-12	1.0625E-11
46.1333	1E-11	8.4375E-12
46.1667	1.78125E-11	6.5625E-12
46.2	2.5E-11	3.125E-13
46.2334	2.96875E-11	0
46.2667	3.21875E-11	0
46.3	3.21875E-11	-6.25E-13
46.3334	3E-11	-3.4375E-12
46.3667	2.40625E-11	-3.75E-12
46.4	1.1875E-11	-5.625E-12
46.4334	4.6875E-12	-6.875E-12
46.4667	0	-9.0625E-12
46.5	-1.03125E-11	-1.125E-11
46.5333	-2.09375E-11	-1.21875E-11
46.5667	-3.0625E-11	-1.125E-11
46.6	-3.75E-11	-1.03125E-11
46.6333	-3.96875E-11	-1.125E-11
46.6667	-3.375E-11	-6.5625E-12
46.7	-2.9375E-11	-1.25E-12
46.7334	-1.6875E-11	0
46.7667	-3.4375E-12	0
46.8	1.5625E-12	0
46.8334	1.1875E-11	0
46.8667	2.78125E-11	0
46.9	4.15625E-11	0
46.9334	5.03125E-11	-3.4375E-12
46.9667	5.6875E-11	-1.28125E-11
47	6E-11	-1.71875E-11
47.0334	5.6875E-11	-2.3125E-11
47.0667	5.03125E-11	-3E-11
47.1	4.78125E-11	-3.875E-11
47.1333	3.96875E-11	-4.65625E-11
47.1667	2.8125E-11	-5.375E-11
47.2	2.0625E-11	-5.75E-11
47.2334	1.28125E-11	-5.90625E-11
47.2667	9.375E-12	-6.125E-11
47.3	5E-12	-6.5E-11
47.3334	3.125E-12	-6.375E-11
47.3667	2.1875E-12	-6E-11
47.4	2.1875E-12	-5.75E-11
47.4333	5E-12	-5.75E-11
47.4667	5E-12	-5.65625E-11
47.5	5E-12	-5.9375E-11
47.5334	3.75E-12	-6.3125E-11
47.5667	2.1875E-12	-6.625E-11
47.6	0	-6.9375E-11
47.6333	0	-7.8125E-11
47.6667	0	-8.59375E-11
47.7	-3.125E-13	-9.375E-11
47.7334	-1.5625E-12	-1.02813E-10
47.7667	-1.5625E-12	-1.13437E-10
47.8	-1.875E-12	-1.26563E-10
47.8334	-3.75E-12	-1.43125E-10
47.8667	0	-1.56875E-10
47.9	0	-1.7125E-10
47.9333	0	-1.90625E-10
47.9667	0	-2.15625E-10
48	0	-2.42188E-10
48.0334	0	-2.78125E-10
48.0667	0	-3.1875E-10
48.1	0	-3.55E-10
48.1334	0	-3.95313E-10
48.1667	0	-4.43125E-10
48.2	0	-4.95625E-10
48.2334	-2.8125E-12	-5.43438E-10
48.2667	-7.8125E-12	-5.86562E-10
48.3	-9.375E-12	-6.25E-10
48.3334	-1.28125E-11	-6.56563E-10
48.3667	-1.375E-11	-6.74688E-10
48.4	-1.03125E-11	-6.7125E-10
48.4334	-5.9375E-12	-6.49687E-10
48.4667	-3.75E-12	-6.04688E-10
48.5	0	-5.4E-10
48.5333	1.25E-12	-4.51875E-10
48.5667	7.1875E-12	-3.30938E-10
48.6	1.15625E-11	-1.96875E-10
48.6333	1.71875E-11	-6E-11
48.6667	2.125E-11	8.1875E-11
48.7	2.34375E-11	2.5375E-10
48.7334	2.375E-11	4.14062E-10
48.7667	2.25E-11	5.78125E-10
48.8	1.75E-11	7.4625E-10
48.8334	1.375E-11	9.3E-10
48.8667	1.03125E-11	1.08563E-9
48.9	3.4375E-12	1.22969E-9
48.9334	0	1.38313E-9
48.9667	0	1.55563E-9
49	0	1.74313E-9
49.0333	0	1.91469E-9
49.0667	0	2.09063E-9
49.1	0	2.27938E-9
49.1333	0	2.49063E-9
49.1667	0	2.68281E-9
49.2	2.5E-12	2.87438E-9
49.2334	2.5E-12	3.03656E-9
49.2667	1.25E-12	3.16125E-9
49.3	1.25E-12	3.22187E-9
49.3334	0	3.20594E-9
49.3667	0	3.09469E-9
49.4	0	2.86563E-9
49.4334	-3.125E-13	2.50781E-9
49.4667	-2.5E-12	2.01094E-9
49.5	-3.125E-12	1.46094E-9
49.5334	-3.75E-12	8.05312E-10
49.5667	-3.75E-12	9.375E-11
49.6	-1.25E-12	-6.90625E-10
49.6333	-6.25E-13	-1.45875E-9
49.6667	0	-2.14688E-9
49.7	0	-2.74281E-9
49.7334	0	-3.22562E-9
49.7667	3.125E-13	-3.59531E-9
49.8	1.875E-12	-3.80094E-9
49.8334	3.75E-12	-3.85937E-9
49.8667	6.25E-13	-3.75563E-9
49.9	0	-3.54281E-9
49.9333	0	-3.25906E-9
49.9667	-4.0625E-12	-2.92375E-9
50	-1.21875E-11	-2.53375E-9
50.0334	-1.5E-11	-2.11156E-9
50.0667	-2.21875E-11	-1.66625E-9
50.1	-2.96875E-11	-1.275E-9
50.1333	-3E-11	-9.4875E-10
50.1667	-3.1875E-11	-6.5875E-10
50.2	-3.375E-11	-4.25E-10
50.2334	-3.09375E-11	-2.26875E-10
50.2667	-2.8125E-11	-8.84375E-11
50.3	-2.25E-11	1.5625E-12
50.3334	-1.6875E-11	6.75E-11
50.3667	-1E-11	1.03438E-10
50.4	-3.125E-12	1.16562E-10
50.4333	0	1.10938E-10
50.4667	0	8.90625E-11
50.5	0	5.4375E-11
50.5334	0	2.1875E-11
50.5667	0	-1.03125E-11
50.6	-2.5E-12	-5.09375E-11
50.6334	-9.6875E-12	-9.125E-11
50.6667	-1.5E-11	-1.27188E-10
50.7	-2.0625E-11	-1.5875E-10
50.7334	-2.875E-11	-1.8625E-10
50.7667	-3.09375E-11	-2.01563E-10
50.8	-3E-11	-2.13125E-10
50.8334	-3E-11	-2.2E-10
50.8667	-2.8125E-11	-2.10938E-10
50.9	-2.125E-11	-1.975E-10
50.9334	-1.59375E-11	-1.825E-10
50.9667	-1.125E-11	-1.63437E-10
51	-1.5625E-12	-1.425E-10
51.0333	0	-1.225E-10
51.0667	0	-9.78125E-11
51.1	1.25E-12	-7.46875E-11
51.1333	3.125E-12	-5.46875E-11
51.1667	1.875E-12	-4E-11
51.2	0	-2.40625E-11
51.2334	0	-1.25E-11
51.2667	0	-1.5625E-12
51.3	-1.25E-12	1.5625E-12
51.3334	-4.375E-12	6.5625E-12
51.3667	-1.03125E-11	1.0625E-11
51.4	-1.375E-11	1.8125E-11
51.4334	-1.46875E-11	2.4375E-11
51.4667	-1.5625E-11	2.6875E-11
51.5	-1.9375E-11	3.4375E-11
51.5333	-1.875E-11	4E-11
51.5667	-2.125E-11	4E-11
51.6	-2.40625E-11	4.53125E-11
51.6333	-2.5E-11	5E-11
51.6667	-2.71875E-11	4.90625E-11
51.7	-3.0625E-11	4.8125E-11
51.7334	-3.4375E-11	4.9375E-11
51.7667	-3.78125E-11	4.875E-11
51.8	-4.40625E-11	5E-11
51.8334	-4.59375E-11	5E-11
51.8667	-4.5E-11	5.25E-11
51.9	-4.5E-11	5.34375E-11
51.9334	-4.40625E-11	6.15625E-11
51.9667	-3.71875E-11	7.0625E-11
52	-3E-11	7.9375E-11
52.0334	-2.625E-11	8.4375E-11
52.0667	-1.53125E-11	9.125E-11
52.1	-4.6875E-12	9.875E-11
52.1333	0	1.05625E-10
52.1667	6.25E-13	1.11563E-10
52.2	9.375E-12	1.15E-10
52.2334	1.125E-11	1.10312E-10
52.2667	1.375E-11	1.08438E-10
52.3	2.03125E-11	1.05625E-10
52.3334	2.25E-11	1.025E-10
52.3667	2.15625E-11	9.4375E-11
52.4	2.5E-11	8.90625E-11
52.4333	2.5625E-11	8.1875E-11
52.4667	2.71875E-11	8E-11
52.5	3.03125E-11	7.875E-11
52.5334	3.84375E-11	7.59375E-11
52.5667	4.125E-11	7.59375E-11
52.6	4.4375E-11	7.9375E-11
52.6333	4.96875E-11	8.375E-11
52.6667	5.125E-11	8.9375E-11
52.7	5E-11	9.9375E-11
52.7334	5E-11	1.08125E-10
52.7667	4.875E-11	1.15625E-10
52.8	4.09375E-11	1.20938E-10
52.8334	3.5625E-11	1.26563E-10
52.8667	2.8125E-11	1.3E-10
52.9	1.9375E-11	1.2875E-10
52.9333	7.8125E-12	1.27188E-10
52.9667	0	1.21562E-10
53	-2.5E-12	1.18125E-10
53.0334	-1.125E-11	1.12813E-10
53.0667	-1.59375E-11	1.075E-10
53.1	-2.25E-11	1.025E-10
53.1334	-2.875E-11	1E-10
53.1667	-3E-11	9.875E-11
53.2	-3E-11	9.5E-11
53.2334	-3E-11	9.375E-11
53.2667	-2.75E-11	9.5E-11
53.3	-2.25E-11	9.25E-11
53.3334	-1.75E-11	9.03125E-11
53.3667	-1.40625E-11	9.25E-11
53.4	-9.375E-12	9.375E-11
53.4334	-5.3125E-12	8.9375E-11
53.4667	-2.8125E-12	8.75E-11
53.5	0	8.34375E-11
53.5333	0	7.78125E-11
53.5667	0	7.21875E-11
53.6	0	6.84375E-11
53.6333	0	6.28125E-11
53.6667	0	5.59375E-11
53.7	0	5.59375E-11
53.7334	1.25E-12	5.53125E-11
53.7667	4.0625E-12	5.53125E-11
53.8	1E-11	5.75E-11
53.8334	1.21875E-11	5.78125E-11
53.8667	1.5E-11	5.34375E-11
53.9	1.5625E-11	5.25E-11
53.9334	1.90625E-11	5.46875E-11
53.9667	2.09375E-11	5.21875E-11
54	1.59375E-11	4.9375E-11
54.0333	1.25E-11	4.4375E-11
54.0667	1.03125E-11	4.09375E-11
54.1	5E-12	3.6875E-11
54.1333	0	3.0625E-11
54.1667	0	2.5E-11
54.2	0	1.6875E-11
54.2334	0	1.15625E-11
54.2667	0	1.125E-11
54.3	0	1E-11
54.3334	0	8.75E-12
54.3667	0	1E-11
54.4	1.25E-12	1.09375E-11
54.4334	4.375E-12	1.21875E-11
54.4667	9.375E-12	1.65625E-11
54.5	1.46875E-11	2E-11
54.5334	1.875E-11	2E-11
54.5667	2.125E-11	2.125E-11
54.6	2.4375E-11	2.375E-11
54.6333	2.375E-11	2.3125E-11
54.6667	2.15625E-11	2.25E-11
54.7	2.09375E-11	1.8125E-11
54.7334	1.53125E-11	1.21875E-11
54.7667	9.0625E-12	1.0625E-11
54.8	3.4375E-12	1E-11
54.8334	0	6.5625E-12
54.8667	-3.125E-13	3.75E-12
54.9	-8.4375E-12	3.125E-12
54.9333	-1.4375E-11	2.5E-12
54.9667	-2.03125E-11	1.25E-12
55	-2.53125E-11	2.1875E-12
55.0334	-2.75E-11	2.1875E-12
55.0667	-2.875E-11	0
55.1	-2.84375E-11	0
55.1333	-2.625E-11	0
55.1667	-1.90625E-11	0
55.2	-1.75E-11	0
55.2334	-1.34375E-11	0
55.2667	-4.6875E-12	-6.25E-13
55.3	0	-3.4375E-12
55.3334	0	-2.5E-12
55.3667	1.25E-12	-1.25E-12
55.4	3.75E-12	-3.4375E-12
55.4333	6.25E-12	-4.375E-12
55.4667	8.75E-12	-3.75E-12
55.5	8.4375E-12	-9.375E-13
55.5334	5E-12	0
55.5667	3.4375E-12	0
55.6	3.4375E-12	0
55.6334	0	0
55.6667	0	0
55.7	-1.25E-12	1.25E-12
55.7334	-9.0625E-12	2.5E-12
55.7667	-1.40625E-11	1.875E-12
55.8	-1.625E-11	0
55.8334	-2.34375E-11	0
55.8667	-2.9375E-11	0
55.9	-3.09375E-11	-2.1875E-12
55.9334	-3.125E-11	-5.625E-12
55.9667	-3.21875E-11	-1.09375E-11
56	-3.25E-11	-1.40625E-11
56.0333	-3E-11	-1.5E-11
56.0667	-3E-11	-1.625E-11
56.1	-2.28125E-11	-1.53125E-11
56.1333	-1.5625E-11	-1.125E-11
56.1667	-1.125E-11	-9.6875E-12
56.2	-6.25E-12	-6.25E-12
56.2334	-3.125E-13	-1.875E-12
56.2667	0	0
56.3	0	0
56.3334	1.5625E-12	0
56.3667	2.5E-12	0
56.4	3.125E-13	0
56.4334	0	0
56.4667	0	0
56.5	-1.5625E-12	0
56.5333	-7.1875E-12	-1.25E-12
56.5667	-1.34375E-11	-4.6875E-12
56.6	-1.875E-11	-6.875E-12
56.6333	-2.75E-11	-1.03125E-11
56.6667	-3.125E-11	-1.375E-11
56.7	-3.75E-11	-1.375E-11
56.7334	-4.3125E-11	-1.3125E-11
56.7667	-4.5E-11	-8.125E-12
56.8	-4.625E-11	-2.5E-12
56.8334	-4.75E-11	0
56.8667	-4.46875E-11	0
56.9	-4.1875E-11	0
56.9334	-3.875E-11	1.5625E-12
56.9667	-3.21875E-11	4.0625E-12
57	-2.59375E-11	2.5E-12
57.0334	-1.875E-11	1.5625E-12
57.0667	-1.375E-11	1.25E-12
57.1	-6.25E-12	0
57.1333	-1.25E-12	0
57.1667	0	0
57.2	0	-6.25E-13
57.2334	0	-4.0625E-12
57.2667	0	-6.25E-12
57.3	0	-7.1875E-12
57.3334	0	-8.75E-12
57.3667	0	-1.0625E-11
57.4	0	-9.6875E-12
57.4333	0	-9.6875E-12
57.4667	0	-9.0625E-12
57.5	0	-9.6875E-12
57.5334	-1.875E-12	-1.25E-11
57.5667	-4.375E-12	-1.46875E-11
57.6	-1.125E-11	-1.625E-11
57.6333	-1.5E-11	-1.65625E-11
57.6667	-1.65625E-11	-1.90625E-11
57.7	-2.40625E-11	-2.28125E-11
57.7334	-2.875E-11	-2.625E-11
57.7667	-3.25E-11	-2.65625E-11
57.8	-4.03125E-11	-2.625E-11
57.8334	-4.34375E-11	-2.34375E-11
57.8667	-4.375E-11	-1.9375E-11
57.9	-4.375E-11	-1.625E-11
57.9333	-4.4375E-11	-1.375E-11
57.9667	-3.875E-11	-7.8125E-12
58	-3.03125E-11	-9.375E-13
58.0334	-2.34375E-11	0
58.0667	-1.25E-11	3.125E-13
58.1	-3.125E-13	1.25E-12
58.1334	6.875E-12	3.4375E-12
58.1667	2.28125E-11	7.5E-12
58.2	4.15625E-11	8.4375E-12
58.2334	5.375E-11	6.25E-12
58.2667	6.625E-11	6.5625E-12
58.3	7.9375E-11	4.375E-12
58.3334	8.59375E-11	5.625E-12
58.3667	8.875E-11	8.4375E-12
58.4	8.96875E-11	9.0625E-12
58.4334	8.28125E-11	7.5E-12
58.4667	7.15625E-11	9.6875E-12
58.5	5.875E-11	1.125E-11
58.5333	4.1875E-11	1.3125E-11
58.5667	2.25E-11	1.71875E-11
58.6	5.3125E-12	2.0625E-11
58.6333	-4.0625E-12	2E-11
58.6667	-1.78125E-11	1.84375E-11
58.7	-3.09375E-11	1.875E-11
58.7334	-3.6875E-11	1.5625E-11
58.7667	-4.25E-11	1E-11
58.8	-4.0625E-11	5E-12
58.8334	-3.28125E-11	0
58.8667	-2.9375E-11	0
58.9	-2.34375E-11	-9.375E-13
58.9334	-1.5E-11	-5E-12
58.9667	-6.875E-12	-1.09375E-11
59	-2.5E-12	-1.5E-11
59.0333	-1.25E-12	-1.5E-11
59.0667	0	-1.53125E-11
59.1	0	-1.75E-11
59.1333	0	-1.625E-11
59.1667	0	-1.6875E-11
59.2	-2.1875E-12	-1.5E-11
59.2334	-6.25E-12	-1.125E-11
59.2667	-6.5625E-12	-6.875E-12
59.3	-8.75E-12	-4.6875E-12
59.3334	-1.125E-11	-3.75E-12
59.3667	-9.0625E-12	-1.25E-12
59.4	-1E-11	0
59.4334	-8.75E-12	-6.25E-13
59.4667	-3.75E-12	0
59.5	-3.125E-13	-9.375E-13
59.5334	0	-6.25E-13
59.5667	0	0
59.6	0	0
59.6333	2.1875E-12	0
59.6667	5.9375E-12	0
59.7	9.0625E-12	0
59.7334	1E-11	6.25E-13
59.7667	1E-11	3.75E-12
59.8	1.125E-11	7.1875E-12
59.8334	1.28125E-11	7.1875E-12
59.8667	1.0625E-11	7.1875E-12
59.9	8.75E-12	6.25E-12
59.9333	7.5E-12	3.75E-12
59.9667	2.8125E-12	0
60	0	0
60.0334	0	0
60.0667	0	-3.125E-13
60.1	0	-3.75E-12
60.1333	-1.25E-12	-3.75E-12
60.1667	-1.5625E-12	-5E-12
60.2	-3.75E-12	-5E-12
60.2334	-3.75E-12	-3.4375E-12
60.2667	-2.1875E-12	-2.5E-12
60.3	-2.5E-12	0
60.3334	-9.375E-13	0
60.3667	0	0
60.4	-1.25E-12	0
60.4333	0	6.25E-13
60.4667	0	1.25E-12
60.5	0	1.25E-12
60.5334	0	2.5E-12
60.5667	1.25E-12	0
60.6	6.5625E-12	0
60.6334	8.125E-12	0
60.6667	1.0625E-11	-1.875E-12
60.7	1.4375E-11	-7.1875E-12
60.7334	1.5E-11	-1.40625E-11
60.7667	1.8125E-11	-1.875E-11
60.8	1.84375E-11	-2.5E-11
60.8334	1.625E-11	-2.96875E-11
60.8667	1.3125E-11	-3.125E-11
60.9	1.125E-11	-3.375E-11
60.9334	8.125E-12	-3.9375E-11
60.9667	1.875E-12	-4.0625E-11
61	0	-3.6875E-11
61.0333	0	-3.5E-11
61.0667	0	-3.25E-11
61.1	0	-3E-11
61.1333	0	-2.65625E-11
61.1667	-1.25E-12	-2.15625E-11
61.2	0	-1.59375E-11
61.2334	0	-1.03125E-11
61.2667	0	-5.3125E-12
61.3	0	-9.375E-13
61.3334	0	0
61.3667	0	0
61.4	0	0
61.4334	6.25E-13	0
61.4667	1.875E-12	1.25E-12
61.5	1.25E-12	0
61.5333	1.5625E-12	1.25E-12
61.5667	3.75E-12	0
61.6	3.125E-12	0
61.6333	4.6875E-12	0
61.6667	8.75E-12	0
61.7	6.5625E-12	0
61.7334	7.5E-12	0
61.7667	1.125E-11	0
61.8	1.3125E-11	-1.25E-12
61.8334	1E-11	-3.4375E-12
61.8667	1.125E-11	-5E-12
61.9	1E-11	-4.6875E-12
61.9334	9.6875E-12	-4.375E-12
61.9667	6.5625E-12	-1.5625E-12
62	2.5E-12	-1.25E-12
62.0334	0	-9.375E-13
62.0667	0	0
62.1	-9.375E-13	0
62.1333	-9.0625E-12	0
62.1667	-1.5E-11	0
62.2	-1.5E-11	0
62.2334	-1.71875E-11	1.25E-12
62.2667	-2.25E-11	1.875E-12
62.3	-1.9375E-11	4.6875E-12
62.3334	-1.5E-11	1.875E-12
62.3667	-1.5E-11	0
62.4	-1.21875E-11	0
62.4333	-3.75E-12	0
62.4667	-1.25E-12	0
62.5	0	0
62.5334	0	-3.75E-12
62.5667	0	-1.09375E-11
62.6	0	-1.46875E-11
62.6333	0	-1.40625E-11
62.6667	0	-1.625E-11
62.7	0	-2.09375E-11
62.7334	-1.875E-12	-2.125E-11
62.7667	-4.6875E-12	-2.09375E-11
62.8	-1.0625E-11	-1.875E-11
62.8334	-1.3125E-11	-1.53125E-11
62.8667	-1.375E-11	-1.5E-11
62.9	-1.5E-11	-1.5E-11
62.9333	-1.375E-11	-1.09375E-11
62.9667	-1.3125E-11	-2.8125E-12
63	-6.5625E-12	-9.375E-13
63.0334	-1.875E-12	-1.25E-12
63.0667	-6.25E-13	0
63.1	0	0
63.1334	0	0
63.1667	3.125E-13	0
63.2	4.6875E-12	0
63.2334	4.0625E-12	0
63.2667	3.75E-12	0
63.3	4.6875E-12	0
63.3334	5.3125E-12	0
63.3667	3.125E-12	0
63.4	3.75E-12	0
63.4334	3.4375E-12	-3.125E-12
63.4667	0	-2.1875E-12
63.5	0	-6.25E-13
63.5333	0	-1.5625E-12
63.5667	0	-6.25E-12
63.6	0	-1E-11
63.6333	0	-1.4375E-11
63.6667	0	-1.75E-11
63.7	0	-1.90625E-11
63.7334	0	-2.28125E-11
63.7667	-1.5625E-12	-2.9375E-11
63.8	-5E-12	-3E-11
63.8334	-7.1875E-12	-2.9375E-11
63.8667	-9.0625E-12	-2.75E-11
63.9	-1.25E-11	-2.75E-11
63.9334	-1.375E-11	-2.0625E-11
63.9667	-1.4375E-11	-1.59375E-11
64	-1.65625E-11	-1.3125E-11
64.0333	-1.625E-11	-1.875E-12
64.0667	-1.625E-11	3.125E-13
64.1	-1.625E-11	7.5E-12
64.1333	-1.5E-11	1.34375E-11
64.1667	-1.34375E-11	2.40625E-11
64.2	-1.15625E-11	2.875E-11
64.2334	-1E-11	3.3125E-11
64.2667	-3.75E-12	3.6875E-11
64.3	-1.25E-12	3.40625E-11
64.3334	0	2.65625E-11
64.3667	0	2.40625E-11
64.4	0	1.5625E-11
64.4334	0	4.0625E-12
64.4667	0	-2.5E-12
64.5	0	-1.25E-11
64.5334	0	-2.78125E-11
64.5667	0	-3.84375E-11
64.6	0	-4.5625E-11
64.6333	0	-5.28125E-11
64.6667	0	-5.84375E-11
64.7	0	-6.125E-11
64.7334	0	-6.09375E-11
64.7667	0	-6.375E-11
64.8	0	-6.65625E-11
64.8334	1.875E-12	-6.84375E-11
64.8667	1.875E-12	-7.21875E-11
64.9	1.5625E-12	-7.8125E-11
64.9333	1.25E-12	-8.125E-11
64.9667	1.25E-12	-8.71875E-11
65	0	-9.5E-11
65.0334	0	-1.00313E-10
65.0667	0	-1.05E-10
65.1	0	-1.07813E-10
65.1333	0	-1.04063E-10
65.1667	0	-9.625E-11
65.2	0	-9.21875E-11
65.2334	0	-7.9375E-11
65.2667	0	-5.59375E-11
65.3	0	-3.4375E-11
65.3334	1.25E-12	-1.03125E-11
65.3667	6.25E-12	1.46875E-11
65.4	1E-11	4.46875E-11
65.4333	9.375E-12	7.5625E-11
65.4667	1.09375E-11	1.0625E-10
65.5	9.0625E-12	1.35E-10
65.5334	9.0625E-12	1.59062E-10
65.5667	5.9375E-12	1.8625E-10
65.6	9.375E-13	2.17813E-10
65.6334	0	2.42188E-10
65.6667	-3.125E-13	2.62812E-10
65.7	-3.125E-12	2.85312E-10
65.7334	-1.125E-11	3.07187E-10
65.7667	-1.40625E-11	3.30938E-10
65.8	-1.625E-11	3.5875E-10
65.8334	-1.875E-11	3.89375E-10
65.8667	-2.09375E-11	4.15625E-10
65.9	-1.90625E-11	4.41875E-10
65.9334	-1.75E-11	4.67812E-10
65.9667	-1.78125E-11	4.87187E-10
66	-1.71875E-11	4.97187E-10
66.0333	-1.5E-11	4.95937E-10
66.0667	-1.625E-11	4.8125E-10
66.1	-1.625E-11	4.45E-10
66.1333	-1.8125E-11	3.8375E-10
66.1667	-2.4375E-11	3.05938E-10
66.2	-2.9375E-11	2.07187E-10
66.2334	-3.125E-11	9.375E-11
66.2667	-3.75E-11	-2.71875E-11
66.3	-4.375E-11	-1.6E-10
66.3334	-4.625E-11	-2.9E-10
66.3667	-4.75E-11	-4.12812E-10
66.4	-5E-11	-5.2625E-10
66.4334	-4.90625E-11	-6.25312E-10
66.4667	-4.625E-11	-6.825E-10
66.5	-4.46875E-11	-7.05937E-10
66.5333	-3.78125E-11	-7.00625E-10
66.5667	-2.96875E-11	-6.66562E-10
66.6	-2.1875E-11	-6.12188E-10
66.6333	-1.4375E-11	-5.35625E-10
66.6667	-9.6875E-12	-4.42187E-10
66.7	-2.1875E-12	-3.49688E-10
66.7334	0	-2.62812E-10
66.7667	0	-1.825E-10
66.8	0	-1.09688E-10
66.8334	0	-4.375E-11
66.8667	0	3.125E-12
66.9	0	3.625E-11
66.9334	0	6.03125E-11
66.9667	0	7.4375E-11
67	0	7.9375E-11
67.0334	0	8E-11
67.0667	0	7.5E-11
67.1	8.75E-12	6.5E-11
67.1333	1.53125E-11	5.15625E-11
67.1667	2.28125E-11	4.09375E-11
67.2	2.6875E-11	3.03125E-11
67.2334	3.375E-11	2.09375E-11
67.2667	3.75E-11	8.75E-12
67.3	4E-11	0
67.3334	4.03125E-11	-5.625E-12
67.3667	4E-11	-1.34375E-11
67.4	3.875E-11	-1.78125E-11
67.4333	3.65625E-11	-2.5625E-11
67.4667	3.5625E-11	-2.875E-11
67.5	3.3125E-11	-3.21875E-11
67.5334	2.8125E-11	-3.125E-11
67.5667	2.625E-11	-3E-11
67.6	2.5E-11	-2.59375E-11
67.6333	2.3125E-11	-1.96875E-11
67.6667	2.125E-11	-1.625E-11
67.7	1.65625E-11	-1.25E-11
67.7334	1.1875E-11	-5E-12
67.7667	1E-11	-1.25E-12
67.8	6.5625E-12	0
67.8334	3.125E-12	0
67.8667	0	0
67.9	0	0
67.9333	0	0
67.9667	0	0
68	0	0
68.0334	0	-1.25E-12
68.0667	0	-2.8125E-12
68.1	0	-4.0625E-12
68.1334	0	-4.0625E-12
68.1667	2.5E-12	-2.8125E-12
68.2	7.8125E-12	-2.5E-12
68.2334	1.1875E-11	-4.375E-12
68.2667	1.625E-11	-2.5E-12
68.3	2.15625E-11	0
68.3334	2.375E-11	0
68.3667	2.5E-11	0
68.4	2.5E-11	0
68.4334	2.25E-11	0
68.4667	1.5625E-11	2.1875E-12
68.5	1.09375E-11	2.1875E-12
68.5333	4.375E-12	3.125E-13
68.5667	0	0
68.6	-6.25E-13	0
68.6333	-6.875E-12	0
68.6667	-1.5E-11	0
68.7	-1.78125E-11	0
68.7334	-2.125E-11	0
68.7667	-2.28125E-11	0
68.8	-2.6875E-11	0
68.8334	-2.78125E-11	0
68.8667	-2.46875E-11	3.125E-13
68.9	-2.3125E-11	1.25E-12
68.9334	-1.8125E-11	0
68.9667	-1.5625E-11	3.125E-12
69	-1.625E-11	6.5625E-12
69.0333	-1.5E-11	9.6875E-12
69.0667	-1.5E-11	7.5E-12
69.1	-1.5625E-11	7.5E-12
69.1333	-1.875E-11	7.5E-12
69.1667	-1.96875E-11	9.0625E-12
69.2	-2.25E-11	7.8125E-12
69.2334	-2.59375E-11	5E-12
69.2667	-2.625E-11	3.125E-12
69.3	-2.84375E-11	2.8125E-12
69.3334	-3E-11	3.4375E-12
69.3667	-2.875E-11	6.25E-12
69.4	-2.78125E-11	7.8125E-12
69.4334	-2.71875E-11	7.1875E-12
69.4667	-2.78125E-11	7.5E-12
69.5	-2.75E-11	8.75E-12
69.5334	-2.875E-11	8.75E-12
69.5667	-2.84375E-11	8.75E-12
69.6	-2.71875E-11	7.5E-12
69.6333	-2.875E-11	6.25E-12
69.6667	-2.96875E-11	2.8125E-12
69.7	-2.875E-11	1.25E-12
69.7334	-2.875E-11	1.25E-12
69.7667	-2.875E-11	0
69.8	-2.75E-11	0
69.8334	-2.65625E-11	0
69.8667	-2.3125E-11	0
69.9	-1.875E-11	0
69.9333	-1.3125E-11	0
69.9667	-7.8125E-12	0
70	-9.375E-13	0
70.0334	0	0
70.0667	1.875E-12	0
70.1	8.125E-12	0
70.1333	1.34375E-11	0
70.1667	1.875E-11	0
70.2	2.03125E-11	0
70.2334	2.3125E-11	1.25E-12
70.2667	2.21875E-11	2.5E-12
70.3	1.625E-11	2.5E-12
70.3334	1.28125E-11	1.875E-12
70.3667	1E-11	0
70.4	1.5625E-12	0
70.4333	0	0
70.4667	-3.125E-13	0
70.5	-5.625E-12	0
70.5334	-1.03125E-11	0
70.5667	-1E-11	0
70.6	-1E-11	0
70.6334	-9.6875E-12	9.375E-13
70.6667	-5.3125E-12	3.125E-13
70.7	0	2.1875E-12
70.7334	0	3.125E-13
70.7667	0	1.25E-12
70.8	2.1875E-12	1.25E-12
70.8334	5E-12	2.1875E-12
70.8667	8.75E-12	0
70.9	8.75E-12	0
70.9334	9.375E-12	0
70.9667	6.5625E-12	0
71	3.75E-12	0
71.0333	3.125E-13	0
71.0667	0	0
71.1	-2.1875E-12	0
71.1333	-8.75E-12	0
71.1667	-1.46875E-11	0
71.2	-1.75E-11	0
71.2334	-2.1875E-11	0
71.2667	-2.78125E-11	3.125E-13
71.3	-3E-11	3.4375E-12
71.3334	-2.875E-11	5.625E-12
71.3667	-3.03125E-11	6.25E-12
71.4	-3.34375E-11	4.375E-12
71.4334	-3.21875E-11	2.1875E-12
71.4667	-3.125E-11	1.25E-12
71.5	-3.0625E-11	0
71.5333	-2.53125E-11	0
71.5667	-1.84375E-11	-3.125E-13
71.6	-1.46875E-11	-5.3125E-12
71.6333	-1.09375E-11	-1E-11
71.6667	-2.1875E-12	-1.09375E-11
71.7	0	-9.375E-12
71.7334	0	-1.1875E-11
71.7667	6.875E-12	-1.21875E-11
71.8	1E-11	-1.1875E-11
71.8334	1.1875E-11	-7.5E-12
71.8667	1.8125E-11	-6.25E-12
71.9	2.09375E-11	-5E-12
71.9334	1.875E-11	-6.25E-12
71.9667	1.8125E-11	-7.1875E-12
72	1.3125E-11	-9.6875E-12
72.0334	8.4375E-12	-9.0625E-12
72.0667	9.375E-13	-1.25E-11
72.1	0	-1.5E-11
72.1333	-6.25E-13	-1.59375E-11
72.1667	-9.6875E-12	-1.71875E-11
72.2	-1.25E-11	-1.8125E-11
72.2334	-1.5E-11	-1.875E-11
72.2667	-1.875E-11	-2.25E-11
72.3	-1.65625E-11	-2.34375E-11
72.3334	-1.5E-11	-2.25E-11
72.3667	-1.0625E-11	-2.09375E-11
72.4	-2.5E-12	-1.75E-11
72.4333	0	-1.5E-11
72.4667	2.8125E-12	-1.25E-11
72.5	1E-11	-7.8125E-12
72.5334	1.71875E-11	-2.1875E-12
72.5667	2.34375E-11	0
72.6	2.5E-11	0
72.6333	2.71875E-11	0
72.6667	2.65625E-11	0
72.7	2.5E-11	0
72.7334	2.1875E-11	0
72.7667	1.6875E-11	0
72.8	9.6875E-12	0
72.8334	3.4375E-12	0
72.8667	0	0
72.9	0	0
72.9333	-5.625E-12	0
72.9667	-8.125E-12	0
73	-1.28125E-11	2.5E-12
73.0334	-1.65625E-11	5.625E-12
73.0667	-1.84375E-11	9.6875E-12
73.1	-2.09375E-11	1.375E-11
73.1334	-2.3125E-11	1.75E-11
73.1667	-2.53125E-11	1.75E-11
73.2	-2.84375E-11	1.8125E-11
73.2334	-2.78125E-11	1.84375E-11
73.2667	-2.875E-11	1.65625E-11
73.3	-2.6875E-11	1.375E-11
73.3334	-2.3125E-11	1.28125E-11
73.3667	-1.9375E-11	1E-11
73.4	-1.5625E-11	1E-11
73.4334	-1.28125E-11	7.8125E-12
73.4667	-5.625E-12	7.5E-12
73.5	-9.375E-13	6.25E-12
73.5333	0	5.3125E-12
73.5667	1.25E-12	4.375E-12
73.6	6.5625E-12	3.75E-12
73.6333	1.25E-11	3.75E-12
73.6667	1.8125E-11	2.5E-12
73.7	2.15625E-11	1.25E-12
73.7334	2.25E-11	0
73.7667	2.28125E-11	0
73.8	2E-11	0
73.8334	1.53125E-11	0
73.8667	1.0625E-11	0
73.9	4.0625E-12	0
73.9334	0	-1.875E-12
73.9667	0	-1.25E-12
74	-6.5625E-12	0
74.0333	-1.40625E-11	0
74.0667	-1.625E-11	0
74.1	-2.15625E-11	0
74.1333	-2.625E-11	1.875E-12
74.1667	-2.4375E-11	5E-12
74.2	-2E-11	7.5E-12
74.2334	-1.65625E-11	7.1875E-12
74.2667	-1.46875E-11	7.5E-12
74.3	-6.5625E-12	1E-11
74.3334	-3.125E-13	8.125E-12
74.3667	0	3.4375E-12
74.4	3.125E-13	6.25E-13
74.4334	3.75E-12	0
74.4667	3.75E-12	0
74.5	6.25E-12	-2.5E-12
74.5334	8.75E-12	-6.25E-12
74.5667	7.1875E-12	-1.09375E-11
74.6	7.5E-12	-1.3125E-11
74.6333	5.625E-12	-1.5E-11
74.6667	0	-1.46875E-11
74.7	0	-1.375E-11
74.7334	0	-1.25E-11
74.7667	-1.25E-12	-1.125E-11
74.8	-4.6875E-12	-1.15625E-11
74.8334	-6.25E-12	-7.8125E-12
74.8667	-7.5E-12	-3.75E-12
74.9	-1E-11	-1.875E-12
74.9333	-1.1875E-11	-2.5E-12
74.9667	-1.0625E-11	-3.4375E-12
75	-1.28125E-11	-4.6875E-12
75.0334	-1.21875E-11	-5E-12
75.0667	-5.625E-12	-4.375E-12
75.1	-2.5E-12	-7.1875E-12
75.1333	-1.5625E-12	-1.0625E-11
75.1667	0	-1E-11
75.2	0	-9.0625E-12
75.2334	6.25E-13	-7.1875E-12
75.2667	2.5E-12	-6.5625E-12
75.3	4.375E-12	-9.6875E-12
75.3334	5E-12	-1.0625E-11
75.3667	6.5625E-12	-9.6875E-12
75.4	9.6875E-12	-7.1875E-12
75.4333	1E-11	-7.5E-12
75.4667	7.5E-12	-9.0625E-12
75.5	6.5625E-12	-1.03125E-11
75.5334	1.5625E-12	-1.25E-11
75.5667	1.25E-12	-1.21875E-11
75.6	0	-1.0625E-11
75.6334	0	-1.25E-11
75.6667	-9.375E-13	-1.5E-11
75.7	-2.5E-12	-1.5E-11
75.7334	-4.6875E-12	-1.5E-11
75.7667	-5E-12	-1.5E-11
75.8	-4.375E-12	-1.375E-11
75.8334	-2.8125E-12	-9.375E-12
75.8667	-3.75E-12	-4.375E-12
75.9	-1.875E-12	-1.25E-12
75.9334	0	0
75.9667	0	0
76	0	0
76.0333	1.25E-12	3.125E-12
76.0667	3.125E-12	7.5E-12
76.1	1.25E-12	9.375E-12
76.1333	4.6875E-12	1E-11
76.1667	6.25E-12	8.75E-12
76.2	2.5E-12	8.4375E-12
76.2334	0	4.375E-12
76.2667	0	2.5E-12
76.3	0	0
76.3334	0	0
76.3667	0	-1.25E-12
76.4	0	-2.5E-12
76.4334	-2.5E-12	-4.6875E-12
76.4667	-1.25E-12	-5E-12
76.5	-6.25E-13	-2.8125E-12
76.5333	-1.25E-12	-3.125E-12
76.5667	-6.25E-13	-2.5E-12
76.6	-1.25E-12	-6.25E-13
76.6333	-2.5E-12	0
76.6667	-3.125E-12	0
76.7	-3.125E-13	0
76.7334	-2.5E-12	0
76.7667	-5E-12	0
76.8	-3.4375E-12	0
76.8334	-4.0625E-12	0
76.8667	-6.25E-12	0
76.9	-5E-12	0
76.9334	-7.1875E-12	0
76.9667	-8.75E-12	-3.125E-13
77	-9.6875E-12	-1.25E-12
77.0334	-6.5625E-12	-4.0625E-12
77.0667	-7.5E-12	-7.8125E-12
77.1	-9.375E-12	-1.1875E-11
77.1333	-7.5E-12	-1.3125E-11
77.1667	-8.75E-12	-1.28125E-11
77.2	-1E-11	-1.40625E-11
77.2334	-8.75E-12	-1.5625E-11
77.2667	-7.8125E-12	-1.5625E-11
77.3	-1.09375E-11	-1.625E-11
77.3334	-9.0625E-12	-1.625E-11
77.3667	-6.5625E-12	-1.5E-11
77.4	-8.4375E-12	-1.5E-11
77.4333	-8.75E-12	-1.59375E-11
77.4667	-7.1875E-12	-1.5E-11
77.5	-1E-11	-1.125E-11
77.5334	-1.15625E-11	-9.0625E-12
77.5667	-6.5625E-12	-6.875E-12
77.6	-7.1875E-12	-3.75E-12
77.6333	-8.75E-12	-6.25E-13
77.6667	-7.5E-12	0
77.7	-5.625E-12	0
77.7334	-6.25E-12	1.25E-12
77.7667	-3.75E-12	1.875E-12
77.8	-1.5625E-12	3.125E-12
77.8334	-3.4375E-12	6.25E-12
77.8667	-3.75E-12	5.625E-12
77.9	-3.125E-13	2.5E-12
77.9333	-6.25E-13	2.1875E-12
77.9667	0	0
78	0	0
78.0334	-1.875E-12	0
78.0667	-4.375E-12	0
78.1	-3.125E-12	-2.5E-12
78.1334	-2.1875E-12	-6.5625E-12
78.1667	-6.25E-12	-7.5E-12
78.2	-7.8125E-12	-7.1875E-12
78.2334	-5.3125E-12	-4.0625E-12
78.2667	-7.5E-12	-1.25E-12
78.3	-8.125E-12	0
78.3334	-7.8125E-12	0
78.3667	-1.21875E-11	6.25E-13
78.4	-1.46875E-11	2.8125E-12
78.4334	-1.375E-11	6.875E-12
78.4667	-1.375E-11	1E-11
78.5	-1.5E-11	1E-11
78.5333	-1.5E-11	1E-11
78.5667	-1.53125E-11	1.125E-11
78.6	-1.5E-11	1E-11
78.6333	-1.21875E-11	1E-11
78.6667	-7.8125E-12	3.75E-12
78.7	-7.8125E-12	1.875E-12
78.7334	-4.6875E-12	0
78.7667	-6.25E-13	0
78.8	0	0
78.8334	0	-2.5E-12
78.8667	0	-5E-12
78.9	3.125E-12	-5.625E-12
78.9334	2.8125E-12	-5.625E-12
78.9667	6.25E-12	-6.875E-12
79	1E-11	-1E-11
79.0333	7.8125E-12	-1.1875E-11
79.0667	7.5E-12	-1.25E-11
79.1	9.6875E-12	-1.4375E-11
79.1333	7.5E-12	-1.28125E-11
79.1667	6.25E-12	-1.46875E-11
79.2	5.9375E-12	-1.40625E-11
79.2334	3.125E-12	-1.34375E-11
79.2667	3.125E-13	-1.1875E-11
79.3	1.25E-12	-9.375E-12
79.3334	2.5E-12	-6.25E-12
79.3667	9.375E-13	-4.375E-12
79.4	1.25E-12	-3.125E-12
79.4334	1.25E-12	0
79.4667	0	0
79.5	0	0
79.5334	0	6.25E-13
79.5667	0	2.5E-12
79.6	0	3.75E-12
79.6333	0	5.9375E-12
79.6667	0	6.25E-12
79.7	-2.5E-12	4.0625E-12
79.7334	-3.125E-12	4.0625E-12
79.7667	-7.1875E-12	2.5E-12
79.8	-1.09375E-11	0
79.8334	-1.15625E-11	0
79.8667	-9.0625E-12	0
79.9	-1.09375E-11	-3.4375E-12
79.9333	-9.375E-12	-1.03125E-11
79.9667	-7.8125E-12	-1.21875E-11
80	-7.5E-12	-1.25E-11
80.0334	-4.6875E-12	-1.375E-11
80.0667	-1.875E-12	-1.375E-11
80.1	-1.25E-12	-1.25E-11
80.1333	-2.8125E-12	-1.1875E-11
80.1667	-2.5E-12	-6.5625E-12
80.2	-9.375E-13	-1.25E-12
80.2334	-2.8125E-12	0
80.2667	-5E-12	0
80.3	-7.8125E-12	0
80.3334	-1.28125E-11	0
80.3667	-1.25E-11	0
80.4	-1.0625E-11	0
80.4333	-8.75E-12	0
80.4667	-7.8125E-12	0
80.5	-4.375E-12	0
80.5334	0	0
80.5667	0	0
80.6	1.875E-12	-1.25E-12
80.6334	7.5E-12	-2.8125E-12
80.6667	9.6875E-12	-3.75E-12
80.7	1.84375E-11	-3.75E-12
80.7334	2.5E-11	-1.25E-12
80.7667	3.28125E-11	-1.25E-12
80.8	4E-11	-1.25E-12
80.8334	4.28125E-11	-9.375E-13
80.8667	4.625E-11	0
80.9	4.875E-11	0
80.9334	5.09375E-11	0
80.9667	5E-11	0
81	4.9375E-11	0
81.0333	4.75E-11	2.5E-12
81.0667	4.03125E-11	2.5E-12
81.1	3.84375E-11	3.75E-12
81.1333	3.09375E-11	1.25E-12
81.1667	2.5E-11	1.25E-12
81.2	1.5E-11	0
81.2334	8.75E-12	0
81.2667	2.8125E-12	0
81.3	0	0
81.3334	0	0
81.3667	-2.8125E-12	0
81.4	-7.5E-12	0
81.4334	-1.25E-11	-6.25E-13
81.4667	-1.25E-11	-1.25E-12
81.5	-1.40625E-11	-1.875E-12
81.5333	-1.40625E-11	-6.875E-12
81.5667	-1.4375E-11	-1.09375E-11
81.6	-1.375E-11	-1.125E-11
81.6333	-1.25E-11	-1.25E-11
81.6667	-1.09375E-11	-1.5E-11
81.7	-9.0625E-12	-1.5E-11
81.7334	-9.375E-12	-1.625E-11
81.7667	-1.3125E-11	-1.71875E-11
81.8	-1.25E-11	-1.53125E-11
81.8334	-1.5E-11	-1.4375E-11
81.8667	-1.53125E-11	-1.1875E-11
81.9	-2E-11	-9.0625E-12
81.9334	-2.25E-11	-3.75E-12
81.9667	-2.75E-11	0
82	-2.875E-11	0
82.0334	-3E-11	9.375E-13
82.0667	-3.46875E-11	6.25E-12
82.1	-3.96875E-11	9.375E-12
82.1333	-4.09375E-11	1.125E-11
82.1667	-4.28125E-11	1.875E-11
82.2	-4.5E-11	2.21875E-11
82.2334	-4.5E-11	2.34375E-11
82.2667	-4.65625E-11	2.5625E-11
82.3	-4.9375E-11	2.96875E-11
82.3334	-4.9375E-11	3.25E-11
82.3667	-4.53125E-11	3.59375E-11
82.4	-4.78125E-11	3.78125E-11
82.4333	-4.71875E-11	4E-11
82.4667	-4.5E-11	4.15625E-11
82.5	-4.5E-11	4.8125E-11
82.5334	-4.46875E-11	5E-11
82.5667	-4.15625E-11	5.1875E-11
82.6	-3.9375E-11	5.96875E-11
82.6333	-3.8125E-11	6.4375E-11
82.6667	-3.3125E-11	6.5625E-11
82.7	-3E-11	6.8125E-11
82.7334	-2.84375E-11	6.75E-11
82.7667	-2.34375E-11	6.5E-11
82.8	-1.78125E-11	5.84375E-11
82.8334	-1.71875E-11	4.9375E-11
82.8667	-1.625E-11	3.75E-11
82.9	-1.375E-11	2.09375E-11
82.9333	-1.375E-11	3.125E-12
82.9667	-1.46875E-11	-1.3125E-11
83	-1.25E-11	-3.65625E-11
83.0334	-1.28125E-11	-5.90625E-11
83.0667	-1.46875E-11	-8.3125E-11
83.1	-1.09375E-11	-1.04375E-10
83.1334	-1.125E-11	-1.20625E-10
83.1667	-1.375E-11	-1.2875E-10
83.2	-9.0625E-12	-1.33438E-10
83.2334	-1.5625E-12	-1.28125E-10
83.2667	-9.375E-13	-1.18125E-10
83.3	0	-1.06563E-10
83.3334	0	-9.1875E-11
83.3667	4.0625E-12	-7.21875E-11
83.4	1.15625E-11	-5.125E-11
83.4334	2.5625E-11	-3.125E-11
83.4667	3.71875E-11	-1.46875E-11
83.5	4.40625E-11	-9.375E-13
83.5333	5.875E-11	2.8125E-12
83.5667	7.28125E-11	1.03125E-11
83.6	8.28125E-11	1.75E-11
83.6333	9.375E-11	1.96875E-11
83.6667	1.04687E-10	1.9375E-11
83.7	1.125E-10	1.90625E-11
83.7334	1.21562E-10	1.625E-11
83.7667	1.3375E-10	1.1875E-11
83.8	1.35E-10	9.375E-12
83.8334	1.34375E-10	5.9375E-12
83.8667	1.3375E-10	0
83.9	1.3E-10	0
83.9334	1.2E-10	0
83.9667	1.10625E-10	0
84	9.8125E-11	-2.5E-12
84.0333	8.0625E-11	-4.6875E-12
84.0667	6.625E-11	-7.5E-12
84.1	5.375E-11	-9.375E-12
84.1333	4E-11	-8.75E-12
84.1667	2.46875E-11	-1.09375E-11
84.2	1.40625E-11	-1.375E-11
84.2334	4.6875E-12	-1.34375E-11
84.2667	0	-1.1875E-11
84.3	0	-1.28125E-11
84.3334	-1.875E-12	-1.28125E-11
84.3667	-6.875E-12	-1.1875E-11
84.4	-7.5E-12	-1E-11
84.4334	-5E-12	-9.6875E-12
84.4667	-6.25E-12	-6.5625E-12
84.5	-4.0625E-12	-7.1875E-12
84.5334	0	-6.25E-12
84.5667	-2.8125E-12	-4.0625E-12
84.6	-5E-12	-1.875E-12
84.6333	-3.125E-13	-1.25E-12
84.6667	-2.1875E-12	0
84.7	-7.5E-12	0
84.7334	-1.0625E-11	0
84.7667	-1.5625E-11	0
84.8	-2.53125E-11	0
84.8334	-3E-11	0
84.8667	-3.6875E-11	0
84.9	-4.78125E-11	0
84.9333	-5.5E-11	0
84.9667	-5.90625E-11	0
85	-6.71875E-11	0
85.0334	-7.0625E-11	0
85.0667	-7.375E-11	0
85.1	-8.125E-11	0
85.1333	-8.5E-11	6.25E-13
85.1667	-8.375E-11	0
85.2	-8.25E-11	0
85.2334	-8.375E-11	0
85.2667	-8.3125E-11	0
85.3	-7.84375E-11	0
85.3334	-7.46875E-11	0
85.3667	-6.96875E-11	0
85.4	-6.53125E-11	0
85.4333	-6.5E-11	0
85.4667	-6.34375E-11	0
85.5	-5.5625E-11	0
85.5334	-5.46875E-11	0
85.5667	-5.3125E-11	0
85.6	-4.65625E-11	-1.5625E-12
85.6334	-4.5E-11	-2.5E-12
85.6667	-4.375E-11	-1.25E-12
85.7	-3.84375E-11	-1.875E-12
85.7334	-3.09375E-11	-4.0625E-12
85.7667	-3.125E-11	-3.75E-12
85.8	-3.125E-11	-4.0625E-12
85.8334	-3E-11	-4.6875E-12
85.8667	-3E-11	-1.25E-12
85.9	-3E-11	0
85.9334	-3E-11	-1.25E-12
85.9667	-3.0625E-11	0
86	-3.71875E-11	-1.25E-12
86.0333	-3.625E-11	0
86.0667	-3.625E-11	-1.25E-12
86.1	-4E-11	0
86.1333	-3.875E-11	-1.5625E-12
86.1667	-3.5625E-11	-2.5E-12
86.2	-3.6875E-11	-1.25E-12
86.2334	-3.3125E-11	-3.75E-12
86.2667	-3E-11	-6.25E-12
86.3	-2.75E-11	-4.6875E-12
86.3334	-2.6875E-11	-5E-12
86.3667	-2E-11	-6.25E-12
86.4	-1.5625E-11	-3.75E-12
86.4334	-1.5E-11	-1.25E-12
86.4667	-8.75E-12	0
86.5	-5E-12	0
86.5333	-7.5E-12	0
86.5667	-3.75E-12	0
86.6	0	3.125E-12
86.6333	0	1E-11
86.6667	0	1E-11
86.7	0	1.125E-11
