1.125415921211242676e+00
-4.828177690505981445e-01
-1.721151173114776611e-01
7.798022776842117310e-02
6.750605702400207520e-01
-3.467608094215393066e-01
7.874670028686523438e-01
3.290270268917083740e-01
3.922394514083862305e-01
-5.068442225456237793e-01
4.089830517768859863e-01
-9.420454502105712891e-02
-1.092804074287414551e-01
5.932400226593017578e-01
2.687213718891143799e-01
2.983425557613372803e-01
-5.710621476173400879e-01
9.170129895210266113e-01
8.566226959228515625e-01
6.335241794586181641e-01
-3.749743103981018066e-01
-3.792989850044250488e-01
-6.304824948310852051e-01
-5.189470052719116211e-01
-6.520071029663085938e-01
3.478532135486602783e-01
8.204553723335266113e-01
-8.526307940483093262e-01
-1.917981207370758057e-01
1.121170893311500549e-01
-4.565852284431457520e-01
4.806344509124755859e-01
-6.010998487472534180e-01
1.316749691963195801e+00
-2.837086915969848633e-01
-5.932790040969848633e-02
1.173786520957946777e-01
6.163771748542785645e-01
-3.853972852230072021e-01
9.284043312072753906e-01
-8.745911717414855957e-01
-4.697377085685729980e-01
-4.914515018463134766e-01
-8.645975589752197266e-01
-3.924393355846405029e-01
5.566282272338867188e-01
-3.340293169021606445e-01
-2.928840517997741699e-01
1.709186732769012451e-01
2.428811788558959961e-01
-1.949183195829391479e-01
2.636512815952301025e-01
-2.902319431304931641e-01
4.355983436107635498e-01
4.559901356697082520e-01
-1.490526944398880005e-01
2.917196154594421387e-01
-2.716529369354248047e-01
-5.474074482917785645e-01
2.358580380678176880e-01
-1.911251544952392578e-01
-1.042610526084899902e+00
7.997143864631652832e-01
6.041632294654846191e-01
3.971223533153533936e-01
-7.142314314842224121e-01
3.097285330295562744e-01
-3.202992379665374756e-01
4.940288066864013672e-01
3.947084024548530579e-02
-1.003667935729026794e-01
5.104811191558837891e-01
-8.822714090347290039e-01
2.864962518215179443e-01
3.334150612354278564e-01
-1.169809326529502869e-01
-3.804098665714263916e-01
2.909778952598571777e-01
2.875469923019409180e-01
1.128118991851806641e+00
2.921717464923858643e-01
-1.868936419486999512e-01
5.663476884365081787e-02
-8.598674535751342773e-01
-2.659105062484741211e-01
9.956815093755722046e-02
-5.887605547904968262e-01
-1.784925609827041626e-01
3.504597246646881104e-01
1.953276693820953369e-01
3.701967597007751465e-01
-1.859285053797066212e-03
-1.063712596893310547e+00
-9.436657279729843140e-02
6.444053053855895996e-01
-4.757225215435028076e-01
1.144569873809814453e+00
-7.295155525207519531e-01
6.603823900222778320e-01
-5.089421272277832031e-01
6.213806271553039551e-01
-5.413375422358512878e-02
-7.563599348068237305e-01
-2.249263525009155273e-01
-7.330216765403747559e-01
4.543377161026000977e-01
-9.663583636283874512e-01
-6.051362492144107819e-03
7.654736638069152832e-01
2.317818067967891693e-02
7.768062949180603027e-01
-3.050730824470520020e-01
6.484326124191284180e-01
-3.244285881519317627e-01
-5.666781663894653320e-01
-6.570665836334228516e-01
-2.211225032806396484e-01
5.011222958564758301e-01
-1.472211033105850220e-01
-4.027968347072601318e-01
1.111323833465576172e+00
1.113193511962890625e+00
-4.759455025196075439e-01
-2.125896960496902466e-01
1.053273528814315796e-01
-3.154630362987518311e-01
-2.174836695194244385e-01
-2.575499117374420166e-01
-5.045256614685058594e-01
1.449855864048004150e-01
-8.766100406646728516e-01
3.386215865612030029e-01
7.569526135921478271e-02
3.934295773506164551e-01
1.103018522262573242e+00
1.150548234581947327e-01
1.741109937429428101e-01
-5.811580419540405273e-01
9.558082222938537598e-01
1.805490404367446899e-01
1.762545406818389893e-01
8.066838979721069336e-01
4.360226690769195557e-01
5.576621890068054199e-01
-6.635888814926147461e-01
-1.873205751180648804e-01
-4.970703721046447754e-01
-2.310099452733993530e-01
-1.714658737182617188e-01
-4.242705404758453369e-01
-2.484201341867446899e-01
-5.886945128440856934e-01
-6.537823677062988281e-01
2.417125701904296875e-01
1.506052762269973755e-01
4.534620642662048340e-01
3.604403436183929443e-01
5.516080260276794434e-01
2.784535475075244904e-02
-2.178908586502075195e-01
-5.183805152773857117e-02
7.003560066223144531e-01
-1.218036651611328125e+00
-1.242267966270446777e+00
3.421059548854827881e-01
-1.756552457809448242e-01
-2.293236553668975830e-01
-5.933065414428710938e-01
-3.645563125610351562e-01
3.343845009803771973e-01
-2.937476038932800293e-01
-1.573231369256973267e-01
-5.890173912048339844e-01
-8.894240856170654297e-01
-2.432944774627685547e-01
3.466090857982635498e-01
-4.865275323390960693e-01
-6.246673464775085449e-01
5.838273167610168457e-01
-5.205286741256713867e-01
2.108539044857025146e-01
8.378722667694091797e-01
-4.102491736412048340e-01
-3.328787982463836670e-01
-3.154692649841308594e-01
-6.824861764907836914e-01
-4.228300452232360840e-01
2.528080940246582031e-01
3.608178794384002686e-01
-1.396903693675994873e-01
9.252116084098815918e-01
-5.034138560295104980e-01
-1.810587346553802490e-01
-5.128974318504333496e-01
4.288320839405059814e-01
-3.898030817508697510e-01
-8.012210726737976074e-01
-8.187656402587890625e-01
-3.999617993831634521e-01
-6.563681364059448242e-01
1.307843774557113647e-01
1.403400748968124390e-01
-9.603281021118164062e-01
1.207806840538978577e-01
1.506448686122894287e-01
-1.335010290145874023e+00
-3.451549112796783447e-01
5.026367306709289551e-01
-5.475470423698425293e-01
-2.204510122537612915e-01
1.024397984147071838e-01
-1.110756993293762207e-01
6.454676985740661621e-01
-7.588469237089157104e-02
1.008998513221740723e+00
8.665741682052612305e-01
-8.453710675239562988e-01
2.432768940925598145e-01
-1.920896172523498535e-01
1.704784274101257324e+00
7.966813445091247559e-02
2.179669290781021118e-01
-1.540424022823572159e-02
5.924823880195617676e-02
-6.930943727493286133e-01
-1.177301928400993347e-01
2.899329960346221924e-01
-3.048696927726268768e-02
-2.305767983198165894e-01
-6.912388801574707031e-01
-3.514162302017211914e-01
-4.584389328956604004e-01
3.796462342143058777e-02
-7.017300128936767578e-01
1.967431902885437012e-01
6.593523621559143066e-01
2.404606789350509644e-01
-7.551538199186325073e-02
-5.449777841567993164e-01
-6.800968647003173828e-01
-5.096609592437744141e-01
7.225387096405029297e-01
3.739355504512786865e-02
1.050330176949501038e-01
-8.286812901496887207e-01
-2.305133044719696045e-01
-8.936110138893127441e-01
-3.375380635261535645e-01
-5.857211537659168243e-03
-7.759222388267517090e-02
-1.755322366952896118e-01
-3.228000104427337646e-01
1.530378162860870361e-01
3.615950345993041992e-01
4.534484148025512695e-01
5.005697607994079590e-01
-3.909071385860443115e-01
2.824880480766296387e-01
5.985569357872009277e-01
-7.364033162593841553e-02
-2.341112494468688965e-01
-6.961628198623657227e-01
-6.639014482498168945e-01
-3.847858309745788574e-01
-5.467512607574462891e-01
-5.129709839820861816e-01
2.069389522075653076e-01
-3.513309955596923828e-01
-3.157877326011657715e-01
-3.911749124526977539e-01
6.088700294494628906e-01
-5.679420828819274902e-01
8.622136116027832031e-01
4.864493384957313538e-02
1.889223307371139526e-01
-1.050768733024597168e+00
6.313359141349792480e-01
-2.598133087158203125e-01
1.632496416568756104e-01
-6.237608939409255981e-02
1.311645805835723877e-01
4.344683885574340820e-01
6.201295554637908936e-02
-2.329230904579162598e-01
-1.993825435638427734e-01
-2.260544151067733765e-01
-7.646983861923217773e-02
-1.021592319011688232e-01
