-7.339967787265777588e-02
-2.507139556109905243e-02
-7.739202678203582764e-02
1.361126452684402466e-02
-1.236599311232566833e-01
-4.393497947603464127e-03
-4.136181250214576721e-02
5.900067836046218872e-02
-1.465640813112258911e-01
-2.010620012879371643e-02
-1.160689964890480042e-01
6.017161160707473755e-02
1.070996373891830444e-01
-1.119824573397636414e-01
2.052610814571380615e-01
1.420127451419830322e-01
9.116824716329574585e-02
5.865124985575675964e-02
-2.397128939628601074e-01
-1.221021413803100586e-01
-2.036460041999816895e-01
9.586553275585174561e-02
2.388349771499633789e-01
1.775706745684146881e-02
-1.888201832771301270e-01
-1.155757904052734375e-02
9.235151112079620361e-02
-3.701202198863029480e-02
-7.707770168781280518e-02
-1.728842705488204956e-01
-2.379506230354309082e-01
-5.649696290493011475e-02
-9.533434174954891205e-03
-1.338510215282440186e-01
9.104575961828231812e-02
1.012511849403381348e-01
2.303164452314376831e-01
1.604432910680770874e-01
-7.588043063879013062e-02
-6.634221225976943970e-02
-1.034973934292793274e-01
-8.410599827766418457e-02
-9.763628244400024414e-02
-3.513023839332163334e-04
-6.932331714779138565e-03
5.681597441434860229e-02
1.427367143332958221e-02
-1.326989196240901947e-02
-6.188734248280525208e-02
8.631278574466705322e-02
5.237443372607231140e-03
-1.960016191005706787e-01
-2.512174248695373535e-01
-6.830043345689773560e-02
1.235632225871086121e-01
4.933514073491096497e-02
1.158551648259162903e-01
-1.045824810862541199e-01
1.696303337812423706e-01
1.852790117263793945e-01
2.244467735290527344e-01
-8.814869821071624756e-02
-9.207507222890853882e-02
1.239784061908721924e-01
-2.027201503515243530e-01
4.447455983608961105e-03
-2.277060598134994507e-01
5.037989094853401184e-02
1.177594661712646484e-01
-2.099885344505310059e-01
-1.311396062374114990e-01
-5.356087535619735718e-02
-1.431801021099090576e-01
3.960673883557319641e-02
2.942990362644195557e-01
-1.689780354499816895e-01
4.858369752764701843e-02
2.504501491785049438e-02
-3.753204643726348877e-02
2.769594490528106689e-01
-5.635083839297294617e-02
-1.124288141727447510e-01
1.587788164615631104e-01
-1.990384608507156372e-01
3.415599465370178223e-02
-1.523057967424392700e-01
1.216312050819396973e-01
3.345831856131553650e-02
-6.251283735036849976e-02
8.213398605585098267e-02
1.063363626599311829e-01
1.016814932227134705e-01
2.125382795929908752e-02
-1.099841296672821045e-01
-1.793660968542098999e-02
-9.425684064626693726e-02
-5.524203926324844360e-02
1.642826199531555176e-01
6.706399470567703247e-02
3.541256859898567200e-02
1.254866719245910645e-01
-1.237959340214729309e-01
-3.095074556767940521e-02
7.349707186222076416e-02
1.598201841115951538e-01
8.557717502117156982e-02
-1.814195662736892700e-01
2.408472448587417603e-02
2.041735798120498657e-01
-1.608381420373916626e-01
3.731211647391319275e-02
4.807547107338905334e-02
4.897388070821762085e-02
-1.733452826738357544e-01
-8.372873812913894653e-02
9.121134877204895020e-02
-8.433532714843750000e-02
-1.426233202219009399e-01
7.616211473941802979e-02
1.634789817035198212e-02
-5.947462096810340881e-02
1.020195558667182922e-01
1.586552411317825317e-01
-3.987535834312438965e-02
-1.888818591833114624e-01
6.022252887487411499e-02
-2.017650902271270752e-01
-6.261643767356872559e-02
2.601608447730541229e-02
6.055155396461486816e-02
-1.738163679838180542e-01
1.015131622552871704e-01
4.151301458477973938e-02
-1.886186748743057251e-01
1.457583457231521606e-01
3.471587225794792175e-02
-2.139268256723880768e-02
-3.313794732093811035e-02
2.381838560104370117e-01
1.096757221966981888e-02
1.105910092592239380e-01
-6.357888132333755493e-02
-1.218872293829917908e-01
-2.233985960483551025e-01
3.608422726392745972e-02
7.312797009944915771e-02
3.404875993728637695e-01
5.016916245222091675e-02
-5.336487293243408203e-02
1.312310248613357544e-01
-1.770707368850708008e-01
1.955309212207794189e-01
-2.092589065432548523e-02
-1.743087768554687500e-01
7.000783830881118774e-02
2.495270594954490662e-02
-1.235817894339561462e-01
6.478808075189590454e-02
-5.225380137562751770e-02
8.120451867580413818e-02
1.094354316592216492e-01
-5.949400737881660461e-02
1.476420313119888306e-01
7.305654138326644897e-02
-1.559118777513504028e-01
9.185451269149780273e-02
1.098084896802902222e-01
-2.252736985683441162e-01
1.309626847505569458e-01
-5.181933194398880005e-02
3.077068738639354706e-02
1.217962950468063354e-01
7.374944537878036499e-02
7.180601358413696289e-02
9.245564788579940796e-02
1.045843586325645447e-01
1.297023296356201172e-01
-7.777554541826248169e-02
-6.296754628419876099e-02
-1.043620705604553223e-01
4.951163008809089661e-02
-5.741239339113235474e-02
-1.612390577793121338e-01
1.890328079462051392e-01
1.685786694288253784e-01
-1.947607845067977905e-01
-1.346908789128065109e-02
1.370598077774047852e-01
-1.402092874050140381e-01
-9.315022081136703491e-02
-8.632219582796096802e-02
1.337630301713943481e-02
1.195054873824119568e-01
4.908940196037292480e-02
-4.964881762862205505e-02
1.853812336921691895e-01
-2.513503096997737885e-02
1.566852778196334839e-01
1.810803711414337158e-01
-1.036717668175697327e-01
1.853055804967880249e-01
1.646503955125808716e-01
1.429713517427444458e-01
-2.611388862133026123e-01
6.353305187076330185e-03
8.078781887888908386e-03
-2.472829222679138184e-01
-1.274759620428085327e-01
1.097977086901664734e-01
9.015531092882156372e-02
9.644514322280883789e-02
-4.180879145860671997e-02
-1.817852109670639038e-01
-1.258279979228973389e-01
-2.676751464605331421e-02
-2.557473778724670410e-01
1.050101406872272491e-02
-1.567045599222183228e-01
-1.564697027206420898e-01
1.585997268557548523e-02
7.980316877365112305e-02
-2.548300102353096008e-02
2.082335352897644043e-01
1.363077908754348755e-01
-1.442449167370796204e-02
