6.764212157577276230e-03
1.988910138607025146e-01
1.102834790945053101e-01
8.233079314231872559e-02
-2.860484719276428223e-01
2.059958502650260925e-02
-7.672485709190368652e-02
5.815806612372398376e-02
-5.105470865964889526e-02
-9.591769427061080933e-02
-3.093752861022949219e-01
-6.587822735309600830e-02
2.790551483631134033e-01
8.677151799201965332e-02
-1.157754883170127869e-01
-5.713052675127983093e-02
6.956643611192703247e-02
1.861480623483657837e-01
4.030789807438850403e-02
1.187090948224067688e-01
1.361870206892490387e-02
1.106466650962829590e-01
8.743190206587314606e-03
-3.334647789597511292e-02
1.424627453088760376e-01
4.815624281764030457e-02
5.599002167582511902e-02
-1.434990763664245605e-01
1.937901228666305542e-02
2.382579958066344261e-03
-2.264512330293655396e-01
-5.776229128241539001e-02
3.991634026169776917e-02
1.339009553194046021e-01
-1.055157557129859924e-01
-1.766460239887237549e-01
-2.020325511693954468e-02
-8.785135298967361450e-02
9.765112400054931641e-02
1.166493818163871765e-01
6.752481311559677124e-02
-6.607517600059509277e-02
1.779322028160095215e-01
1.244461089372634888e-01
-1.991985738277435303e-02
1.856540590524673462e-01
-1.552333682775497437e-01
-3.937366604804992676e-02
1.551901996135711670e-01
-1.831482909619808197e-02
-3.727475926280021667e-02
6.509658694267272949e-02
-1.255541890859603882e-01
1.034752577543258667e-01
2.165646553039550781e-01
7.828500866889953613e-02
4.563480988144874573e-02
6.412929296493530273e-02
1.109451949596405029e-01
-1.486234962940216064e-01
-1.498452275991439819e-01
2.557432055473327637e-01
3.473390638828277588e-01
-9.079790115356445312e-02
8.963723480701446533e-02
1.861789673566818237e-01
6.052397564053535461e-02
1.838033944368362427e-01
1.022588461637496948e-01
-1.353959143161773682e-01
-1.043175160884857178e-01
-9.950450062751770020e-02
1.549297124147415161e-01
3.660253062844276428e-02
-1.132769063115119934e-01
1.997181922197341919e-01
-2.076915651559829712e-01
-4.666806198656558990e-03
-2.547474810853600502e-03
2.875150367617607117e-02
-3.971387445926666260e-02
1.876713186502456665e-01
1.043901126831769943e-02
-2.240523099899291992e-01
7.972353696823120117e-02
2.643347978591918945e-01
-5.293552577495574951e-02
1.214595064520835876e-01
-2.644560039043426514e-01
5.117904767394065857e-02
2.967953681945800781e-01
3.330151364207267761e-02
-2.813125848770141602e-01
1.729685217142105103e-01
8.455425500869750977e-02
-2.533992826938629150e-01
-1.599307805299758911e-01
2.332236766815185547e-01
2.250635325908660889e-01
-1.527494788169860840e-01
-2.711449051275849342e-03
1.056824438273906708e-02
-8.825171738862991333e-02
1.462594121694564819e-01
2.554140388965606689e-01
-1.670732535421848297e-02
-2.376677840948104858e-02
2.159153223037719727e-01
-9.625045210123062134e-02
-1.431967169046401978e-01
-4.599170386791229248e-02
-9.332615882158279419e-02
-2.103843435179442167e-04
2.678491175174713135e-01
-1.283706165850162506e-02
6.567692011594772339e-02
1.808736324310302734e-01
-4.059328511357307434e-02
-8.151824772357940674e-02
2.476771026849746704e-01
6.726592779159545898e-02
1.599020212888717651e-01
3.720498830080032349e-02
3.093896433711051941e-02
-1.600271277129650116e-02
-5.032354965806007385e-02
1.481906473636627197e-01
-5.581273138523101807e-02
3.273875266313552856e-02
-5.637447908520698547e-02
3.396292030811309814e-01
-1.909208744764328003e-01
-1.507931798696517944e-01
-1.527986824512481689e-01
-1.533417999744415283e-01
-6.567171961069107056e-02
1.256839558482170105e-02
-1.790457405149936676e-02
-2.234682440757751465e-02
3.816135600209236145e-02
-4.322448372840881348e-02
9.234154969453811646e-02
5.959107354283332825e-02
4.470842890441417694e-03
1.259666681289672852e-01
1.709196567535400391e-01
7.047059014439582825e-03
-1.541992649435997009e-02
-1.728395521640777588e-01
2.514379471540451050e-02
-8.064664155244827271e-02
-2.453234046697616577e-02
-7.770635187625885010e-02
-8.872257173061370850e-02
-8.134193718433380127e-03
-7.839830964803695679e-02
2.977150678634643555e-01
-2.335851192474365234e-01
-6.345038115978240967e-02
-7.947766780853271484e-02
3.908668830990791321e-02
8.028616011142730713e-02
1.406487450003623962e-02
-1.377908140420913696e-01
-2.082764357328414917e-02
3.946558237075805664e-01
7.555093616247177124e-02
1.330450363457202911e-02
-1.145286634564399719e-01
6.146981194615364075e-02
-4.914580285549163818e-02
2.742801234126091003e-02
3.539035618305206299e-01
-4.986092913895845413e-03
-4.113829135894775391e-02
-1.122522801160812378e-01
1.281726956367492676e-01
2.266993746161460876e-02
-3.404945135116577148e-02
2.831890583038330078e-01
4.959697835147380829e-03
-3.167260587215423584e-01
9.221105277538299561e-02
-1.085994243621826172e-01
-8.292756229639053345e-02
3.273017704486846924e-02
3.874651789665222168e-01
-7.725933939218521118e-02
5.395131185650825500e-02
8.087567985057830811e-03
-8.806760609149932861e-02
-1.031340286135673523e-01
1.489927470684051514e-01
-8.573728799819946289e-02
1.932636350393295288e-01
3.897412493824958801e-02
2.775222957134246826e-01
1.002836320549249649e-02
-4.796504601836204529e-02
7.894427329301834106e-02
-1.521193981170654297e-01
8.215448260307312012e-02
-1.124364361166954041e-01
8.103588223457336426e-02
-2.744857920333743095e-03
1.353415101766586304e-01
8.218035101890563965e-02
1.459933724254369736e-02
8.083197474479675293e-02
-1.784700453281402588e-01
8.932122029364109039e-03
-8.571258932352066040e-02
-2.033323422074317932e-02
2.297278344631195068e-01
7.786524295806884766e-02
8.710125088691711426e-02
-1.004088595509529114e-01
-7.059048861265182495e-03
-1.399521827697753906e-01
3.845975548028945923e-02
-2.242823690176010132e-01
3.114162944257259369e-02
4.722344130277633667e-02
-1.301807016134262085e-01
4.874384496361017227e-03
