1.423568092286586761e-02
3.247566893696784973e-02
-1.281475722789764404e-01
1.521559245884418488e-02
-5.375972762703895569e-02
1.982981711626052856e-01
2.094669789075851440e-01
1.138456463813781738e-01
-3.242848441004753113e-02
1.882278919219970703e-01
1.474520117044448853e-01
2.574862912297248840e-02
-8.040452748537063599e-02
3.196625411510467529e-01
2.015264332294464111e-01
-2.674542367458343506e-01
9.710413962602615356e-02
-1.428969055414199829e-01
-9.281345456838607788e-02
-6.377808749675750732e-02
-2.350729145109653473e-02
7.091831415891647339e-03
-9.396912902593612671e-02
-4.782425239682197571e-02
9.308206290006637573e-02
8.854922652244567871e-02
-2.399258315563201904e-02
2.042426764965057373e-01
-1.914160326123237610e-02
1.388067658990621567e-02
1.458676755428314209e-01
-9.626634418964385986e-02
-1.995881646871566772e-01
2.618300914764404297e-01
1.442981809377670288e-01
2.657210230827331543e-01
-6.630917079746723175e-03
-4.103693738579750061e-02
1.621056348085403442e-02
1.706208437681198120e-01
-1.225065160542726517e-02
2.832446992397308350e-01
-1.094774249941110611e-02
-1.302610635757446289e-01
1.581968218088150024e-01
5.250677466392517090e-02
1.835529133677482605e-02
2.365587651729583740e-01
-2.584778368473052979e-01
2.687729895114898682e-02
5.816202983260154724e-02
5.892982706427574158e-02
-4.094778373837471008e-02
2.679770290851593018e-01
1.577907949686050415e-01
-1.010953336954116821e-01
-9.194605052471160889e-02
-1.803806424140930176e-02
-4.099262133240699768e-02
9.512340277433395386e-02
-3.523906692862510681e-02
2.564894258975982666e-01
1.110717952251434326e-01
-1.403717249631881714e-01
-1.556641310453414917e-01
-1.249338015913963318e-01
2.663261257112026215e-02
-3.330362495034933090e-03
2.540769428014755249e-02
-5.155482515692710876e-02
9.213212132453918457e-02
-1.284354031085968018e-01
-8.005549758672714233e-02
3.280934318900108337e-02
-8.009663224220275879e-02
2.310002446174621582e-01
2.774336375296115875e-02
1.674603074789047241e-01
1.252203285694122314e-01
-2.835527248680591583e-02
3.010573089122772217e-01
3.944446444511413574e-01
-1.580408215522766113e-01
3.120320141315460205e-01
2.471034973859786987e-01
3.980692010372877121e-03
1.102035641670227051e-01
1.555966436862945557e-01
1.114148721098899841e-01
-2.505897283554077148e-01
1.357115358114242554e-01
-4.962954297661781311e-02
-2.781268395483493805e-02
6.061283871531486511e-02
-1.549408733844757080e-01
-1.455859690904617310e-01
2.040680795907974243e-01
7.696974277496337891e-02
-2.779627963900566101e-02
-1.369132380932569504e-02
1.902298778295516968e-01
-4.606028646230697632e-02
8.939804881811141968e-02
2.319714576005935669e-01
1.412839889526367188e-01
2.822047770023345947e-01
-2.042867392301559448e-01
2.847540378570556641e-02
-1.028304919600486755e-02
1.697139739990234375e-01
1.087538972496986389e-01
1.303642243146896362e-01
-2.218885719776153564e-02
8.340565860271453857e-02
1.560004353523254395e-01
8.007355779409408569e-02
2.979211509227752686e-01
8.347138762474060059e-02
-5.366296321153640747e-02
-2.975247334688901901e-04
2.270695567131042480e-01
-4.105102643370628357e-02
6.320248544216156006e-02
-6.523637473583221436e-02
2.545114755630493164e-01
-4.943298548460006714e-02
2.679089009761810303e-01
-9.202656149864196777e-02
1.619198471307754517e-01
3.957501649856567383e-01
7.959985733032226562e-02
8.379151113331317902e-03
-3.416503667831420898e-01
1.447546482086181641e-01
1.453768163919448853e-01
1.406300812959671021e-01
-1.140209883451461792e-01
1.019884049892425537e-01
2.098373621702194214e-01
3.437231108546257019e-02
1.587814986705780029e-01
3.938459977507591248e-02
8.717169985175132751e-03
-1.419259309768676758e-01
-8.565419912338256836e-02
3.189724981784820557e-01
-1.936028599739074707e-01
8.678118139505386353e-02
3.041079938411712646e-01
-1.797187030315399170e-01
5.405818670988082886e-02
1.788610368967056274e-01
-3.349374234676361084e-02
4.696753248572349548e-02
-7.213692367076873779e-02
-2.584773115813732147e-02
1.676355605013668537e-03
5.957027524709701538e-02
2.679078280925750732e-01
1.733733713626861572e-01
2.207357436418533325e-01
-6.846658140420913696e-02
-7.797637581825256348e-02
3.775187432765960693e-01
3.082663416862487793e-01
8.172303438186645508e-02
-3.320663794875144958e-02
-1.085713412612676620e-02
-3.707608953118324280e-02
1.342569142580032349e-01
-1.158179715275764465e-01
-2.016438692808151245e-01
-1.550275236368179321e-01
3.724642470479011536e-02
5.846351385116577148e-02
1.426218897104263306e-01
1.649056673049926758e-01
2.071211040019989014e-01
4.489114284515380859e-01
2.195541709661483765e-01
1.232871487736701965e-01
1.791880279779434204e-01
-3.116769529879093170e-02
2.615931630134582520e-01
-2.056485712528228760e-01
5.500787496566772461e-02
8.613551408052444458e-02
-1.752441823482513428e-01
-9.382519870996475220e-03
1.206042617559432983e-01
1.425672904588282108e-03
3.121943175792694092e-01
2.904959022998809814e-01
1.123632788658142090e-01
5.195525661110877991e-02
-1.021493449807167053e-01
4.123832583427429199e-01
-6.744078826159238815e-03
-1.008268743753433228e-01
2.560406029224395752e-01
8.899264037609100342e-02
-3.099491447210311890e-02
2.373370528221130371e-02
1.524410396814346313e-02
-6.014876067638397217e-02
2.110973447561264038e-01
-1.294088363647460938e-02
-5.430215224623680115e-02
2.218503355979919434e-01
-2.463685721158981323e-02
1.120698265731334686e-02
2.153118886053562164e-02
2.325483858585357666e-01
-3.664957359433174133e-02
2.768476009368896484e-01
-4.745667055249214172e-02
-1.082536205649375916e-02
6.327543407678604126e-02
3.922403976321220398e-02
-2.713947296142578125e-01
1.036906242370605469e-01
-9.533908963203430176e-02
-2.914944849908351898e-02
-2.220027521252632141e-02
4.738566349260509014e-04
