2.267265170812606812e-01
1.730369180440902710e-01
2.548696696758270264e-01
1.552789509296417236e-01
1.588903516530990601e-01
2.359618693590164185e-01
3.541995286941528320e-01
1.859631538391113281e-01
2.041972428560256958e-02
1.471768915653228760e-01
2.920387089252471924e-01
2.080547511577606201e-01
2.743189334869384766e-01
2.756025083363056183e-02
2.091906517744064331e-01
3.666399046778678894e-02
2.589441835880279541e-02
2.180149108171463013e-01
1.541927605867385864e-01
2.332736998796463013e-01
3.771382570266723633e-01
2.919127941131591797e-01
8.924771100282669067e-02
2.235575169324874878e-01
1.337099075317382812e-01
2.453230619430541992e-01
1.786796934902667999e-02
2.798341214656829834e-01
2.701624035835266113e-01
5.117424577474594116e-02
2.465849220752716064e-01
2.487188726663589478e-01
2.764037847518920898e-01
2.686558663845062256e-01
1.410986185073852539e-01
1.322899162769317627e-01
1.722958683967590332e-01
2.486474364995956421e-01
2.783743739128112793e-01
1.624245643615722656e-01
2.656518518924713135e-01
1.944666206836700439e-01
2.211558669805526733e-01
3.450932204723358154e-01
2.042204290628433228e-01
1.951541900634765625e-01
1.997243911027908325e-01
2.469988912343978882e-01
1.114022210240364075e-01
1.739603281021118164e-01
3.145399689674377441e-01
2.951353788375854492e-01
4.798974096775054932e-01
2.223382145166397095e-01
1.247671917080879211e-01
2.398210465908050537e-01
2.131497710943222046e-01
2.653231322765350342e-01
2.741671502590179443e-01
1.419841200113296509e-01
1.335452646017074585e-01
2.640817463397979736e-01
9.166350215673446655e-02
4.007824957370758057e-01
1.562146097421646118e-01
1.209694817662239075e-01
1.506311744451522827e-01
1.948140412569046021e-01
8.267501741647720337e-02
4.691908881068229675e-02
1.488183140754699707e-01
1.301152259111404419e-01
1.352186948060989380e-01
2.865641415119171143e-01
1.527426987886428833e-01
2.955374717712402344e-01
2.031025141477584839e-01
2.764749825000762939e-01
3.458857238292694092e-01
2.047747373580932617e-01
7.630717009305953979e-02
3.438025712966918945e-01
1.217012405395507812e-01
2.576794922351837158e-01
1.749509274959564209e-01
1.810603886842727661e-01
2.074537873268127441e-01
1.805779933929443359e-01
2.687490582466125488e-01
1.743941754102706909e-01
1.538750529289245605e-01
8.499198406934738159e-02
9.909575432538986206e-02
3.038498163223266602e-01
2.777768969535827637e-01
1.372014731168746948e-01
2.819101214408874512e-01
2.453561723232269287e-01
2.237294912338256836e-01
2.080748230218887329e-01
2.331621646881103516e-01
1.523064225912094116e-01
3.768650889396667480e-01
4.189642071723937988e-01
3.374902904033660889e-01
1.756522804498672485e-01
2.939012944698333740e-01
1.922696977853775024e-01
1.118291467428207397e-01
2.608464360237121582e-01
1.572234928607940674e-01
2.117302734404802322e-03
1.470029801130294800e-01
9.491093456745147705e-02
2.312433868646621704e-01
1.661532968282699585e-01
2.889201939105987549e-01
1.088941171765327454e-01
2.598161697387695312e-01
2.894158363342285156e-01
1.969411224126815796e-01
2.622310519218444824e-01
1.832342892885208130e-01
3.926103413105010986e-01
1.529880762100219727e-01
2.089260220527648926e-01
1.354152560234069824e-01
3.108271062374114990e-01
3.659106791019439697e-01
1.781087219715118408e-01
4.286330342292785645e-01
1.701323986053466797e-01
2.357297837734222412e-01
2.537100911140441895e-01
1.753481030464172363e-01
3.295187354087829590e-01
3.129127919673919678e-01
2.454432696104049683e-01
3.118494749069213867e-01
2.895344197750091553e-01
3.018943965435028076e-01
1.529142260551452637e-01
1.655022799968719482e-01
1.632784157991409302e-01
1.344129294157028198e-01
1.654309630393981934e-01
3.218329548835754395e-01
5.863023176789283752e-02
2.781042754650115967e-01
1.825628131628036499e-01
2.324038594961166382e-01
4.648070931434631348e-01
2.751632332801818848e-01
3.362041115760803223e-01
2.802413403987884521e-01
1.766683757305145264e-01
2.662406265735626221e-01
3.698386549949645996e-01
2.444881647825241089e-01
1.961284726858139038e-01
3.403316438198089600e-01
2.072692513465881348e-01
3.641740083694458008e-01
2.276326417922973633e-01
1.462594270706176758e-01
3.870236575603485107e-01
2.181069254875183105e-01
2.098033726215362549e-01
4.802706465125083923e-02
2.883279025554656982e-01
2.315057218074798584e-01
1.960931867361068726e-01
3.168762624263763428e-01
3.158384859561920166e-01
1.768609881401062012e-01
2.752276360988616943e-01
3.702008724212646484e-01
2.335705608129501343e-01
2.601633667945861816e-01
1.673164516687393188e-01
1.619791537523269653e-01
2.430738806724548340e-01
3.073735535144805908e-01
4.425187110900878906e-01
2.465643584728240967e-01
3.607795760035514832e-02
2.699161767959594727e-01
3.603992462158203125e-01
3.258308470249176025e-01
2.484829425811767578e-01
1.246251463890075684e-01
3.774047195911407471e-01
7.430155575275421143e-02
1.793057769536972046e-01
2.044364511966705322e-01
2.628001272678375244e-01
3.302582204341888428e-01
2.882669270038604736e-01
2.620935738086700439e-01
3.880054354667663574e-01
2.552552223205566406e-01
