[0.98552591 0.95755054 0.99039333 0.99842266 0.99947606 0.99974826
 0.99984604 0.99988691 0.99990302 0.99990406 0.99989041 0.99985308
 0.99975883 0.99946109 0.99770247 0.97758946 0.9980208  0.99929586
 0.99957325 0.99965873 0.99966925 0.99962362 0.99949973 0.99921003
 0.9984437  0.9957167  0.98091946 0.97709549 0.99163523 0.99494851
 0.99560859 0.9949212  0.99205553 0.98047942 0.87508718 0.93924895
 0.98693421 0.99412415 0.99628595 0.99710425 0.99735762 0.99723709
 0.99669952 0.99543722 0.99245794 0.98427488 0.96095385 0.9554673
 0.97931072 0.98892593 0.99244028 0.99373307 0.9938559  0.99287144
 0.98991363 0.9814315  0.95811754 0.96686929 0.98908289 0.99548634
 0.99765111 0.99857347 0.99903432 0.99929088 0.99944466 0.99954136
 0.99960365 0.99964357 0.99966778 0.99968    0.99968215 0.99967492
 0.99965798 0.99963    0.99958844 0.99952905 0.99944506 0.99932548
 0.99915218 0.99889406]
