-1.823353022336959839e-01
-5.219825729727745056e-02
-2.189453132450580597e-02
-2.683438956737518311e-01
1.998346857726573944e-02
2.314847148954868317e-02
6.195655092597007751e-02
-2.275853045284748077e-02
7.575279474258422852e-02
-1.658700220286846161e-02
-2.841554880142211914e-01
-5.544050410389900208e-02
-1.535379141569137573e-02
-7.144599407911300659e-02
-2.153178490698337555e-02
1.163139846175909042e-02
1.293060779571533203e-01
1.170510705560445786e-02
1.034995913505554199e-02
-1.442193984985351562e-01
2.120423316955566406e-01
-6.593700498342514038e-02
-3.499864414334297180e-02
-2.138069868087768555e-01
1.350757330656051636e-01
-1.956292539834976196e-01
2.543903887271881104e-02
-7.514067925512790680e-03
1.995051838457584381e-02
1.152919083833694458e-01
-5.754164978861808777e-02
1.650457084178924561e-01
-4.901585355401039124e-02
1.081896424293518066e-01
6.202519685029983521e-02
-6.598045676946640015e-02
-1.276339739561080933e-01
1.536393761634826660e-01
3.703759238123893738e-02
-2.140267193317413330e-01
7.837593555450439453e-02
-3.531200811266899109e-02
-6.113988547440385446e-06
2.120618149638175964e-02
8.262773603200912476e-02
1.480423063039779663e-01
-4.925522953271865845e-02
1.499495506286621094e-01
9.550886228680610657e-03
1.065214052796363831e-01
4.659391008317470551e-03
-3.118682838976383209e-02
-1.725674122571945190e-01
9.522402286529541016e-02
-3.125577792525291443e-02
1.175847873091697693e-01
-1.163602620363235474e-02
-1.010346934199333191e-01
-1.778829097747802734e-02
-1.772691607475280762e-01
-4.888298362493515015e-02
-3.590998053550720215e-02
4.691243916749954224e-02
9.829789400100708008e-02
2.415559999644756317e-02
-2.060588151216506958e-01
1.144693493843078613e-01
-7.291320711374282837e-02
6.887231022119522095e-02
-4.001154750585556030e-02
-2.049285918474197388e-01
1.114010717719793320e-02
-6.319802999496459961e-02
1.308346092700958252e-01
-5.386557802557945251e-02
2.118221968412399292e-01
1.683527082204818726e-01
-2.343923225998878479e-02
-3.289788961410522461e-02
-4.404165968298912048e-02
-1.056617721915245056e-01
-8.773148804903030396e-02
-2.555985189974308014e-02
-3.019104711711406708e-02
-1.163415834307670593e-01
-6.831350177526473999e-02
1.308462470769882202e-01
-7.981708645820617676e-02
-3.154880134388804436e-03
1.571212261915206909e-01
-4.950965195894241333e-02
-8.461403101682662964e-02
5.709229037165641785e-02
-5.303649231791496277e-02
2.194917052984237671e-01
9.025995433330535889e-02
-3.162103146314620972e-02
-2.264720201492309570e-02
-1.599111855030059814e-01
-4.934682697057723999e-02
-1.006850525736808777e-01
-3.118906356394290924e-02
-9.576752036809921265e-02
-2.294882200658321381e-02
1.582489907741546631e-02
6.219081208109855652e-02
-1.041345149278640747e-01
-2.470543049275875092e-02
1.184426173567771912e-01
-1.571400463581085205e-01
-2.291396707296371460e-01
-7.230535149574279785e-03
-1.447961181402206421e-01
2.504251711070537567e-02
5.406692624092102051e-02
-5.081369355320930481e-02
-5.537462234497070312e-02
-2.323590032756328583e-02
6.037746742367744446e-02
-2.964362502098083496e-02
