1.030037626624107361e-01
-4.264883697032928467e-02
1.137805953621864319e-01
5.147889256477355957e-02
4.925508424639701843e-02
-8.836599998176097870e-03
-2.993622235953807831e-02
2.599018625915050507e-02
5.665958672761917114e-02
5.272677168250083923e-03
-4.244716465473175049e-02
-1.009986624121665955e-01
-3.883457183837890625e-02
4.926300048828125000e-02
1.369966715574264526e-01
-1.462739985436201096e-02
-1.017715930938720703e-01
-1.431769728660583496e-01
3.968192264437675476e-02
3.156729042530059814e-02
-1.004988551139831543e-01
9.183993190526962280e-02
1.897550970315933228e-01
-2.836416661739349365e-01
-9.392591565847396851e-02
-6.932835280895233154e-02
-8.360234647989273071e-02
2.878292929381132126e-03
9.713905304670333862e-02
5.406212434172630310e-02
2.097974531352519989e-02
5.829093977808952332e-02
-3.974234312772750854e-02
7.122149318456649780e-02
1.774488575756549835e-02
3.427602350711822510e-02
-7.428966462612152100e-03
7.138701528310775757e-02
-2.205047570168972015e-02
3.526616841554641724e-02
3.385767340660095215e-02
8.572184294462203979e-02
1.088802814483642578e-01
-1.934497803449630737e-02
2.138485014438629150e-02
2.283499017357826233e-02
-2.167380228638648987e-02
2.909808419644832611e-02
-2.347467467188835144e-02
6.830448657274246216e-02
8.931349031627178192e-03
1.140137240290641785e-01
1.468931790441274643e-02
-3.618275001645088196e-02
1.294526904821395874e-01
-4.184824973344802856e-02
1.373290866613388062e-01
6.318230181932449341e-02
-7.273448258638381958e-02
-1.082787513732910156e-01
-1.899284273386001587e-01
1.005212813615798950e-01
3.987324982881546021e-02
6.254357844591140747e-02
9.709162265062332153e-02
-5.877695232629776001e-02
1.211356893181800842e-01
-4.621446877717971802e-02
-1.523826178163290024e-02
1.271957010030746460e-01
-6.347207725048065186e-02
4.053863510489463806e-02
-5.230795964598655701e-02
-3.075444512069225311e-02
1.532015055418014526e-01
-1.606897413730621338e-01
8.731963485479354858e-02
1.058360114693641663e-01
3.320340439677238464e-02
-1.120610460638999939e-01
-5.760639905929565430e-02
1.416711360216140747e-01
1.059373170137405396e-01
3.459627553820610046e-02
-8.640448004007339478e-02
-1.143930945545434952e-02
-1.372263580560684204e-02
4.651295021176338196e-02
-2.410230971872806549e-02
1.023953184485435486e-01
2.584480214864015579e-03
3.763987123966217041e-02
-3.653380274772644043e-02
7.575969398021697998e-02
1.361681520938873291e-01
3.187616914510726929e-02
1.551482733339071274e-02
3.888252750039100647e-02
8.184091746807098389e-02
-9.916447848081588745e-02
-1.067860890179872513e-02
1.345479190349578857e-01
4.093274101614952087e-02
5.819314345717430115e-02
1.048520952463150024e-01
7.181580644100904465e-03
-2.219150774180889130e-02
-8.130653202533721924e-02
-3.625191375613212585e-02
-2.004415541887283325e-01
-6.564806681126356125e-03
-1.886575073003768921e-01
8.473473601043224335e-03
-2.894618213176727295e-01
4.371634870767593384e-02
-1.541432142257690430e-01
2.277953177690505981e-01
-1.789067983627319336e-01
-3.423875942826271057e-02
-8.113833516836166382e-02
