-5.350577458739280701e-02
-9.907477349042892456e-02
-1.278136856853961945e-02
-1.301762610673904419e-01
1.356894671916961670e-01
1.567670851945877075e-01
-9.271141141653060913e-02
-1.238210573792457581e-01
-2.496971748769283295e-02
5.782495066523551941e-02
6.731326878070831299e-02
1.220628172159194946e-01
-1.516447812318801880e-01
6.450967490673065186e-02
1.566707789897918701e-01
8.644085377454757690e-02
-1.970396041870117188e-01
1.452573239803314209e-01
-2.591010741889476776e-02
1.136892959475517273e-01
6.871401518583297729e-02
2.464382164180278778e-02
6.464304774999618530e-02
5.572142545133829117e-03
5.117396637797355652e-02
5.339981243014335632e-02
-5.949207022786140442e-02
-2.542220056056976318e-02
4.266392812132835388e-02
3.437710925936698914e-02
7.991995662450790405e-03
-1.003178954124450684e-02
-9.601213783025741577e-02
-8.111279457807540894e-02
1.298592537641525269e-01
-1.193693429231643677e-01
2.986027672886848450e-02
7.779032737016677856e-02
-3.499199077486991882e-02
1.274373233318328857e-01
-4.619666188955307007e-02
-1.229405030608177185e-01
-6.030939146876335144e-02
-9.804490022361278534e-03
-4.083329066634178162e-02
2.020338550209999084e-02
-2.101144045591354370e-01
-8.902623504400253296e-02
9.444516152143478394e-02
-1.844416409730911255e-01
-2.973237447440624237e-02
-9.241191297769546509e-02
-5.279657244682312012e-02
-2.626877464354038239e-02
-7.034196984022855759e-03
-3.659590333700180054e-02
-1.239316090941429138e-01
-2.307215929031372070e-01
5.551792308688163757e-02
-3.885819390416145325e-02
5.570539459586143494e-02
5.204420909285545349e-02
-1.332666631788015366e-02
-1.650284677743911743e-01
4.916851222515106201e-02
7.174804061651229858e-02
4.647081717848777771e-02
-3.300954028964042664e-02
2.324624173343181610e-02
-1.223480105400085449e-01
-1.034195423126220703e-01
9.649221599102020264e-02
6.712367385625839233e-02
3.265573456883430481e-02
-4.600201547145843506e-02
-1.409201789647340775e-02
1.129547040909528732e-02
-5.544661357998847961e-02
7.252511382102966309e-02
7.905055582523345947e-02
-1.792723685503005981e-01
-2.012833952903747559e-02
3.177609667181968689e-02
-1.663968116044998169e-01
-1.920242607593536377e-02
-1.440051048994064331e-01
1.300064772367477417e-01
-1.589537709951400757e-01
1.341225951910018921e-01
1.215561553835868835e-01
5.283892154693603516e-02
1.331911236047744751e-02
6.498807668685913086e-02
-1.454678084701299667e-02
2.643434517085552216e-02
-1.278157234191894531e-01
6.045157462358474731e-02
-1.497482359409332275e-01
5.257421359419822693e-02
-4.513246938586235046e-02
5.132861807942390442e-02
-1.177236959338188171e-01
8.846755325794219971e-02
-1.668415814638137817e-01
-2.929379418492317200e-02
-6.207758933305740356e-02
3.670193254947662354e-03
4.324525594711303711e-03
1.179901137948036194e-01
-7.129200547933578491e-02
-2.396284788846969604e-01
-2.772485092282295227e-02
-1.717623025178909302e-01
9.809890389442443848e-02
-8.879517763853073120e-02
1.440576165914535522e-01
6.538977473974227905e-02
-8.996895514428615570e-03
7.871749252080917358e-02
-4.862655326724052429e-02
