1.441321242600679398e-02
1.686963289976119995e-01
-1.124254800379276276e-02
-3.496900200843811035e-02
8.816307783126831055e-02
2.588189542293548584e-01
1.219770833849906921e-01
1.012844443321228027e-01
2.145660966634750366e-01
7.747765630483627319e-02
1.080674305558204651e-01
-5.033579096198081970e-02
-4.202086478471755981e-02
3.300039097666740417e-03
1.051774621009826660e-01
3.869525715708732605e-02
1.516603082418441772e-01
1.415102626197040081e-03
8.364024758338928223e-02
-4.153611138463020325e-02
-1.442316621541976929e-01
-1.103897020220756531e-01
-7.474039494991302490e-02
-7.234599441289901733e-02
-1.273080473765730858e-03
-7.779546827077865601e-02
9.256068617105484009e-02
2.932400070130825043e-02
-5.025685951113700867e-02
1.321281045675277710e-01
7.388170808553695679e-02
8.836643397808074951e-02
-7.952549494802951813e-03
7.364337146282196045e-02
2.026937715709209442e-02
2.493867836892604828e-02
1.788849532604217529e-01
-1.636604033410549164e-02
1.457530260086059570e-02
-5.595008283853530884e-02
1.776652224361896515e-02
2.578205801546573639e-02
-4.421267285943031311e-02
-1.911096572875976562e-01
-1.167275235056877136e-01
9.836787730455398560e-02
-1.434248387813568115e-01
-2.219268381595611572e-01
-5.985892936587333679e-02
-1.050493493676185608e-01
7.148247957229614258e-02
4.016272723674774170e-02
1.363857835531234741e-01
1.309860683977603912e-02
-9.014652669429779053e-02
8.388260751962661743e-02
1.181234270334243774e-01
-1.775951087474822998e-01
1.067716255784034729e-01
-6.485959142446517944e-02
-7.783483713865280151e-02
-4.839991405606269836e-02
4.347896203398704529e-02
-2.552816830575466156e-02
1.421145200729370117e-01
-2.528743445873260498e-02
1.934968493878841400e-02
1.143663674592971802e-01
-4.124515131115913391e-02
-7.105883955955505371e-02
5.739739164710044861e-02
3.496857360005378723e-02
5.296660587191581726e-02
3.847821382805705070e-03
-2.773669920861721039e-02
8.375116437673568726e-02
5.266635678708553314e-03
4.654856026172637939e-02
-6.337506230920553207e-03
9.231961518526077271e-02
-3.013814054429531097e-02
2.602761844173073769e-03
3.816431015729904175e-02
-6.820388883352279663e-02
1.295190304517745972e-01
1.573124825954437256e-01
1.552759259939193726e-01
1.166984587907791138e-01
4.464885219931602478e-02
6.021312624216079712e-02
4.466265439987182617e-02
-6.679581850767135620e-02
-5.408782511949539185e-02
-1.755526363849639893e-01
-7.704580575227737427e-02
1.099915727972984314e-01
-2.221152037382125854e-01
-9.124802798032760620e-02
5.765893682837486267e-02
-1.775063276290893555e-01
-1.252222508192062378e-01
-1.918366998434066772e-01
-3.804896771907806396e-02
1.272673457860946655e-01
-6.806413829326629639e-02
-3.921763971447944641e-02
2.477944642305374146e-01
-2.127279154956340790e-02
-2.267657816410064697e-01
-4.857504367828369141e-02
-1.171518862247467041e-02
-2.458395436406135559e-02
1.957548260688781738e-01
-2.737796120345592499e-02
-4.163410887122154236e-02
-3.773961588740348816e-02
2.735379710793495178e-02
6.040870677679777145e-03
3.127486258745193481e-02
7.799830287694931030e-02
