1.627705246210098267e-01
-8.012585341930389404e-02
4.150371626019477844e-02
-2.557889558374881744e-02
-7.794444262981414795e-02
-7.297770678997039795e-02
-3.684062138199806213e-02
8.873940259218215942e-02
-9.383356571197509766e-02
1.084278803318738937e-02
-7.848601043224334717e-02
3.165517002344131470e-03
-6.435861438512802124e-02
1.345440298318862915e-01
1.549524366855621338e-01
-1.031827256083488464e-01
6.533936411142349243e-02
-1.296671926975250244e-01
-8.579523861408233643e-02
-5.500585958361625671e-02
3.622521087527275085e-02
1.022041216492652893e-01
-4.935885965824127197e-02
8.383179455995559692e-02
-3.333458676934242249e-02
-8.564868941903114319e-03
-1.664169691503047943e-02
-1.269414722919464111e-01
-7.755289319902658463e-03
-7.648710906505584717e-02
-2.530785501003265381e-01
-2.558200387284159660e-03
-1.882366687059402466e-01
2.397318184375762939e-02
-1.589998453855514526e-01
-5.277453735470771790e-02
-1.052332296967506409e-02
-3.469122573733329773e-02
-9.073216468095779419e-02
1.653926074504852295e-02
2.681125402450561523e-01
-6.187794357538223267e-02
-1.030774265527725220e-01
6.491228193044662476e-02
-6.077651306986808777e-02
-5.789790302515029907e-02
-1.038770843297243118e-02
3.535898402333259583e-02
1.240466833114624023e-01
3.502253908663988113e-03
-1.113964542746543884e-01
-2.049968242645263672e-01
1.342626940459012985e-02
-5.187426880002021790e-02
1.309178471565246582e-01
-1.910487264394760132e-01
-1.351502072066068649e-02
-2.277282327413558960e-01
4.277275502681732178e-02
5.510759353637695312e-02
7.398057729005813599e-02
-9.304510056972503662e-02
-1.590809673070907593e-01
-1.386532187461853027e-01
1.691126972436904907e-01
6.889577489346265793e-04
-2.172090858221054077e-01
-1.625448837876319885e-02
2.448843717575073242e-01
1.083433255553245544e-01
1.156308650970458984e-01
-1.675795763731002808e-01
-2.198060415685176849e-02
-6.566533446311950684e-02
1.093449741601943970e-01
-1.366543024778366089e-01
-1.664479449391365051e-02
5.052987486124038696e-02
-9.785391390323638916e-02
4.985196888446807861e-02
-6.187770888209342957e-02
6.109338719397783279e-04
-3.176236525177955627e-02
-6.070236489176750183e-02
-3.433421626687049866e-02
1.775812939740717411e-03
1.208189278841018677e-01
1.625125706195831299e-01
-6.056542322039604187e-02
-6.202871724963188171e-02
-3.412874415516853333e-02
1.786213964223861694e-01
-6.965722888708114624e-02
7.628592103719711304e-02
1.977379769086837769e-01
-2.606891095638275146e-02
9.767960757017135620e-02
-4.093478247523307800e-02
3.840982913970947266e-02
-8.765275590121746063e-03
4.847363010048866272e-02
-2.118605822324752808e-01
1.788924783468246460e-01
-6.927889585494995117e-02
1.077667027711868286e-01
3.338483348488807678e-02
-1.944094449281692505e-01
-9.394586086273193359e-02
-9.386536478996276855e-02
-2.918163081631064415e-03
-6.937087327241897583e-02
-3.423201665282249451e-02
1.814610511064529419e-02
-9.595875442028045654e-02
1.212533637881278992e-01
-2.542888931930065155e-02
-5.905485153198242188e-02
5.238596815615892410e-03
-2.794718311633914709e-04
5.953402444720268250e-02
