1.402371376752853394e-01
-1.159241888672113419e-02
-2.575557446107268333e-03
-2.112979255616664886e-02
-7.716917246580123901e-02
-1.759803891181945801e-01
-6.541760265827178955e-02
6.329395622014999390e-02
-1.103028878569602966e-01
1.610330790281295776e-01
-1.006950363516807556e-01
1.349863857030868530e-01
4.687579348683357239e-02
-6.809420138597488403e-02
-1.541047692298889160e-01
-1.214222535490989685e-01
-8.511403575539588928e-04
4.261985421180725098e-02
6.511139124631881714e-02
-1.256829779595136642e-02
-7.915434241294860840e-02
4.543930757790803909e-03
5.788847431540489197e-02
-5.282614845782518387e-03
4.426576197147369385e-02
-1.861697733402252197e-01
9.022022783756256104e-02
-9.211551398038864136e-02
-4.620625823736190796e-02
1.105162277817726135e-01
2.803194336593151093e-02
9.124883264303207397e-02
-6.555666774511337280e-02
-5.249408632516860962e-02
3.639935329556465149e-02
6.201909855008125305e-02
-9.259948134422302246e-02
6.040833145380020142e-02
8.778695948421955109e-03
8.350033313035964966e-02
1.647182554006576538e-01
5.212726071476936340e-02
-1.137036457657814026e-01
-1.364922225475311279e-01
2.844559028744697571e-02
-8.683412522077560425e-02
6.108612939715385437e-02
8.504330366849899292e-02
-4.742600023746490479e-02
-1.075566932559013367e-01
7.754940539598464966e-02
-2.292431518435478210e-02
1.028319448232650757e-02
-2.975684106349945068e-01
-2.048442214727401733e-01
-2.838362194597721100e-02
-8.941530436277389526e-02
-2.021102011203765869e-01
5.946836993098258972e-02
2.074125921353697777e-03
-4.446137696504592896e-02
9.895209968090057373e-02
1.175046712160110474e-02
1.837096735835075378e-02
-1.143955960869789124e-01
1.091381534934043884e-01
-1.098787933588027954e-01
-9.824036061763763428e-02
7.969569414854049683e-02
-9.955707192420959473e-02
-1.477073729038238525e-01
-2.370980940759181976e-02
7.619034498929977417e-02
2.766931056976318359e-01
1.232087239623069763e-01
-8.998650312423706055e-02
-9.284302592277526855e-02
1.429836750030517578e-01
-8.867861330509185791e-02
1.299517899751663208e-01
8.819456212222576141e-03
-1.069297567009925842e-01
3.446149453520774841e-02
1.852172613143920898e-01
1.571233719587326050e-01
-4.720455035567283630e-02
8.688183873891830444e-02
-2.967238985002040863e-02
-1.067048832774162292e-01
6.703487783670425415e-02
-1.084822192788124084e-01
3.049868904054164886e-02
3.182963654398918152e-02
-1.232225075364112854e-01
-2.666542492806911469e-02
-2.881075814366340637e-02
1.429085899144411087e-02
5.081453919410705566e-02
1.344600021839141846e-01
1.654763909755274653e-04
1.126569509506225586e-01
-1.271882355213165283e-01
1.016106735914945602e-02
-1.323261708021163940e-01
2.274429984390735626e-02
-2.661764994263648987e-02
-4.993407428264617920e-02
-5.322965979576110840e-02
9.330069273710250854e-02
-6.752377003431320190e-02
-1.436889320611953735e-01
-4.653040319681167603e-02
9.823876433074474335e-03
2.656381810083985329e-03
1.636759005486965179e-02
-5.240690335631370544e-02
-1.502786017954349518e-02
8.301540464162826538e-02
-7.601877301931381226e-02
-3.850275417789816856e-03
