-5.971524119377136230e-02
-4.444165900349617004e-02
-6.581520289182662964e-02
2.679456770420074463e-02
-9.368191659450531006e-02
-5.190286040306091309e-02
4.625630006194114685e-02
-8.430758118629455566e-02
1.493018772453069687e-02
-6.991749163717031479e-03
1.612001843750476837e-02
-6.259549409151077271e-02
-1.356135308742523193e-01
-1.234813556075096130e-01
-5.765640735626220703e-02
1.055186986923217773e-01
-5.138034373521804810e-02
2.080651372671127319e-02
-1.959995776414871216e-01
-7.603808492422103882e-02
1.554728895425796509e-01
-9.124791622161865234e-02
-1.115712076425552368e-01
-4.725881665945053101e-02
-1.321059316396713257e-01
1.220273897051811218e-01
5.189939960837364197e-02
7.312517613172531128e-02
-7.448156923055648804e-02
6.192015483975410461e-02
8.794672042131423950e-02
-8.751709759235382080e-02
-8.004429191350936890e-02
-1.754642874002456665e-01
-6.913501769304275513e-02
1.456525772809982300e-01
-2.259634435176849365e-02
5.782696884125471115e-03
5.999930202960968018e-03
1.994476616382598877e-01
8.850457519292831421e-02
1.752086542546749115e-02
1.089818403124809265e-01
6.738429516553878784e-02
-1.186912581324577332e-01
-1.236227899789810181e-01
5.321679264307022095e-02
1.455273926258087158e-01
-1.850580424070358276e-01
8.126782625913619995e-02
-2.714108303189277649e-02
5.699423607438802719e-03
2.970602214336395264e-01
-5.181670188903808594e-02
1.611685156822204590e-01
-1.917259693145751953e-01
6.912194937467575073e-02
6.016322877258062363e-03
1.751197427511215210e-01
-6.404829025268554688e-02
-2.064100466668605804e-02
-1.434981673955917358e-01
4.950544610619544983e-02
6.554897874593734741e-02
5.031177029013633728e-02
1.244825497269630432e-01
1.506945937871932983e-01
-8.010408841073513031e-03
-9.750889986753463745e-02
-1.077830940485000610e-01
5.800273641943931580e-02
5.657190084457397461e-02
-2.467603981494903564e-01
-9.874405711889266968e-02
-8.339605480432510376e-02
2.829600311815738678e-02
1.348697990179061890e-01
1.198705192655324936e-02
-1.390607208013534546e-01
-1.154231354594230652e-01
1.343623250722885132e-01
1.076338887214660645e-01
-2.180564962327480316e-02
6.178957968950271606e-02
6.777549535036087036e-02
3.445167839527130127e-02
4.419374838471412659e-02
2.369705885648727417e-01
5.147869698703289032e-03
9.131844341754913330e-02
1.133292838931083679e-01
-5.165354162454605103e-02
7.183366268873214722e-02
-6.268890947103500366e-02
1.202787905931472778e-01
1.302896738052368164e-01
4.871889576315879822e-02
7.684051245450973511e-02
2.756828628480434418e-02
1.057312916964292526e-02
-1.563221365213394165e-01
8.504643291234970093e-02
2.084699831902980804e-02
4.372229799628257751e-03
-5.774725601077079773e-02
1.317222719080746174e-03
1.406189203262329102e-01
-1.424270309507846832e-02
5.680434033274650574e-02
-1.169374957680702209e-01
-1.812989823520183563e-02
2.398333102464675903e-01
3.133572265505790710e-02
4.289548844099044800e-02
1.085144430398941040e-01
4.202986310701817274e-04
-2.481618672609329224e-01
1.282613724470138550e-02
-1.332739442586898804e-01
1.155903935432434082e-01
