-1.820100843906402588e-02
-6.617499049752950668e-03
5.173513200134038925e-03
1.446320265531539917e-01
1.135968789458274841e-01
1.260291486978530884e-01
-1.249520555138587952e-01
9.569605812430381775e-03
7.344152778387069702e-03
-7.754623889923095703e-02
1.605940237641334534e-02
1.829512715339660645e-01
-1.131067276000976562e-01
8.732725679874420166e-02
6.050766631960868835e-02
-6.250493973493576050e-02
3.494965657591819763e-02
-8.041473478078842163e-02
1.654047220945358276e-01
-3.127574548125267029e-02
5.073517188429832458e-02
1.469044238328933716e-01
6.219942122697830200e-02
-7.405872642993927002e-02
-1.033673435449600220e-01
-1.970208622515201569e-02
-8.510728925466537476e-02
-3.360228240489959717e-02
-1.477105319499969482e-01
5.598830804228782654e-02
-6.095849350094795227e-02
1.625077985227108002e-02
-1.338012814521789551e-01
6.665323674678802490e-02
-2.050977945327758789e-01
1.988062560558319092e-01
-5.209550727158784866e-03
5.855780839920043945e-02
1.033224835991859436e-01
4.832785949110984802e-02
-2.090534716844558716e-01
2.240502685308456421e-01
-4.131532832980155945e-02
2.069339714944362640e-02
-2.938486076891422272e-02
1.446839421987533569e-01
-1.717734187841415405e-01
4.516873974353075027e-03
1.415105909109115601e-01
-6.976536661386489868e-02
-1.514500230550765991e-01
1.509173810482025146e-01
-1.103382483124732971e-01
6.920780986547470093e-02
1.265538632869720459e-01
-9.656897746026515961e-03
7.439522445201873779e-02
6.816802173852920532e-02
7.515637576580047607e-02
3.011522069573402405e-02
8.244233578443527222e-02
-1.145973578095436096e-01
-1.186044439673423767e-01
-5.504363402724266052e-02
7.308619469404220581e-02
9.177072346210479736e-02
1.172669529914855957e-01
-9.540969878435134888e-02
-4.131321236491203308e-02
-8.412667363882064819e-02
-1.951269209384918213e-01
4.638574644923210144e-02
-8.230841159820556641e-02
6.216057762503623962e-02
-5.299663171172142029e-02
-1.151644736528396606e-01
-2.970820069313049316e-01
5.232835561037063599e-02
1.155627332627773285e-02
1.954457610845565796e-01
-6.416935473680496216e-03
-1.463945489376783371e-02
3.321374580264091492e-02
2.326282709836959839e-01
6.950803846120834351e-02
-2.124750465154647827e-01
7.364236563444137573e-02
-9.426595270633697510e-02
8.907965384423732758e-04
1.116682663559913635e-01
-1.456414312124252319e-01
9.124878048896789551e-02
1.707111485302448273e-02
3.186400234699249268e-02
2.038096189498901367e-01
7.639541476964950562e-02
-4.533786699175834656e-02
9.259995818138122559e-02
6.116062030196189880e-02
-1.845296472311019897e-01
-1.560380589216947556e-02
5.045632272958755493e-02
6.701771914958953857e-02
-8.798263967037200928e-02
-9.559399448335170746e-03
-7.375147193670272827e-02
1.408997625112533569e-01
-2.983775176107883453e-02
-8.626925200223922729e-02
-1.070520207285881042e-01
-1.120926719158887863e-02
-1.229993700981140137e-01
2.258016169071197510e-01
2.838118933141231537e-02
-6.960926111787557602e-03
8.652986586093902588e-02
-3.054983215406537056e-03
2.968446910381317139e-02
-2.004184275865554810e-01
1.975112967193126678e-02
