-6.772002577781677246e-02
-1.333888154476881027e-02
2.557465247809886932e-02
-5.966497585177421570e-02
4.160184413194656372e-02
-1.040644571185112000e-01
2.526871301233768463e-02
1.144837364554405212e-01
5.590800195932388306e-02
1.118125692009925842e-01
7.699153572320938110e-02
-3.314711851999163628e-03
-2.739691138267517090e-01
4.479675740003585815e-02
-6.943786144256591797e-02
2.867049537599086761e-02
6.434684246778488159e-02
2.314982376992702484e-02
1.781526803970336914e-01
8.032338321208953857e-02
-1.088630333542823792e-01
-7.046615332365036011e-02
2.804888188838958740e-01
1.601859778165817261e-01
-5.055440217256546021e-02
1.896571666002273560e-01
1.501700188964605331e-02
1.591790169477462769e-01
6.903555244207382202e-02
2.206567488610744476e-02
3.248797729611396790e-03
-2.426251024007797241e-02
2.044776976108551025e-01
8.725603669881820679e-02
-2.047114670276641846e-01
-9.478955715894699097e-02
7.638763636350631714e-02
2.804392576217651367e-02
2.076798118650913239e-02
9.668285958468914032e-03
-6.991861015558242798e-02
4.673227667808532715e-02
-1.732584685087203979e-01
-5.634665023535490036e-03
-1.289423853158950806e-01
9.378489106893539429e-02
-3.879030421376228333e-02
4.503118246793746948e-02
1.104671880602836609e-01
-1.310811191797256470e-01
1.973781734704971313e-01
-1.881831139326095581e-01
-8.370531350374221802e-02
1.437598913908004761e-01
-1.879149377346038818e-01
-6.504707783460617065e-02
-8.356159180402755737e-02
5.751344561576843262e-02
3.704873961396515369e-04
-8.478601276874542236e-02
-1.247901543974876404e-01
5.810571461915969849e-02
1.101446524262428284e-01
9.340504556894302368e-02
-1.198292002081871033e-01
-4.772403091192245483e-02
1.654819846153259277e-01
1.544830948114395142e-01
4.858277738094329834e-02
-9.729115664958953857e-02
3.307324275374412537e-02
-3.120024316012859344e-02
3.146533295512199402e-02
-1.051231399178504944e-01
1.119236946105957031e-01
-3.083659708499908447e-02
-2.841653525829315186e-01
8.428248763084411621e-02
-1.121029257774353027e-01
-2.919096313416957855e-02
1.189649384468793869e-02
1.199406757950782776e-01
2.093350738286972046e-01
-1.834550648927688599e-01
1.207885518670082092e-01
1.652983874082565308e-01
-1.549629718065261841e-01
4.541895911097526550e-02
5.231996998190879822e-02
1.515476852655410767e-01
3.783621639013290405e-02
-4.789476469159126282e-02
-7.827519625425338745e-02
1.789532452821731567e-01
-1.494968961924314499e-02
-9.164035320281982422e-02
1.304900348186492920e-01
-6.897044181823730469e-02
7.023641467094421387e-02
-8.029841631650924683e-02
1.133993417024612427e-01
3.972795791923999786e-03
8.459697663784027100e-02
-4.193202778697013855e-02
-6.246705725789070129e-02
-1.221247948706150055e-02
2.769016660749912262e-02
-1.040952801704406738e-01
1.017790436744689941e-01
-5.860069394111633301e-02
2.932661473751068115e-01
-4.452097415924072266e-02
-9.925867617130279541e-02
1.789837703108787537e-02
-1.996359229087829590e-02
-1.083546429872512817e-01
-1.951305568218231201e-01
1.119184717535972595e-01
-8.252491801977157593e-02
1.270342916250228882e-01
