1.574474424123764038e-01
-5.749098211526870728e-02
2.020289562642574310e-02
-9.407936781644821167e-02
-1.495562344789505005e-01
-7.027561962604522705e-02
1.187740936875343323e-01
4.032018780708312988e-02
1.821578294038772583e-01
-8.736934512853622437e-02
1.454755850136280060e-02
8.698843419551849365e-02
-1.210035458207130432e-01
7.339565455913543701e-02
2.309328690171241760e-02
4.920362308621406555e-02
1.997560821473598480e-02
6.233752518892288208e-02
-7.671608775854110718e-02
-2.714802138507366180e-02
-2.569340728223323822e-02
9.472273290157318115e-02
-1.952499151229858398e-02
5.470898747444152832e-02
-4.471498355269432068e-02
8.178258687257766724e-02
4.570515081286430359e-02
6.422775238752365112e-02
-1.381321698427200317e-01
1.013605967164039612e-01
-1.340078562498092651e-01
-1.178177818655967712e-01
8.018437027931213379e-02
-3.617151454091072083e-02
8.987016230821609497e-02
-1.023910418152809143e-01
1.560397744178771973e-01
-5.819191411137580872e-02
9.157098829746246338e-02
-1.211248859763145447e-01
1.135688796639442444e-01
-1.819974370300769806e-02
1.983799226582050323e-02
1.537588238716125488e-01
-4.322476685047149658e-02
1.991794109344482422e-01
1.148540377616882324e-01
-1.356460619717836380e-03
1.634903550148010254e-01
1.479164958000183105e-01
-2.584386384114623070e-03
-7.024811953306198120e-02
-1.184851303696632385e-01
5.428717285394668579e-02
-3.221134096384048462e-02
1.160584688186645508e-01
-7.005079835653305054e-02
1.257373392581939697e-02
1.026955712586641312e-02
-1.671566977165639400e-03
-1.048591360449790955e-01
3.023583628237247467e-02
-2.181358337402343750e-01
2.789943479001522064e-02
-4.449465125799179077e-02
-9.281029552221298218e-02
-1.161259636282920837e-01
9.817975014448165894e-02
8.361136168241500854e-02
8.658096939325332642e-02
5.387483909726142883e-02
-5.493725463747978210e-02
1.488339006900787354e-01
5.508190393447875977e-02
5.461253225803375244e-03
1.882057934999465942e-01
3.438136726617813110e-02
-1.799458116292953491e-01
1.657226532697677612e-01
1.469058096408843994e-01
1.223405590280890465e-03
9.816210716962814331e-03
-1.253155469894409180e-01
1.338786911219358444e-02
-5.292685702443122864e-02
5.349326133728027344e-02
1.206972226500511169e-01
3.649042174220085144e-02
9.409350156784057617e-02
-2.617945335805416107e-02
9.470419585704803467e-02
7.542462646961212158e-02
-6.970200687646865845e-02
-1.956078410148620605e-01
-2.461335659027099609e-01
-3.304734081029891968e-02
-3.391255438327789307e-02
-9.798325598239898682e-02
-2.798383869230747223e-02
-1.479496359825134277e-01
1.075609251856803894e-01
3.741472959518432617e-02
-3.372948989272117615e-02
-9.437393397092819214e-03
1.321250852197408676e-02
-8.691555261611938477e-02
-5.683236755430698395e-03
1.206703670322895050e-02
6.190358661115169525e-03
-1.586964130401611328e-01
1.212248113006353378e-02
3.177179396152496338e-02
-1.392279565334320068e-01
1.499764919281005859e-01
6.861805170774459839e-02
2.008538134396076202e-02
-1.701255701482295990e-02
-7.540179044008255005e-02
1.425101011991500854e-01
2.023616060614585876e-02
