1.336942017078399658e-01
7.863519340753555298e-02
-3.424624726176261902e-02
6.527610868215560913e-02
1.517884619534015656e-02
-1.337574720382690430e-01
-1.824427396059036255e-02
-4.601422231644392014e-03
-8.793883025646209717e-03
-1.752721667289733887e-01
-5.645657703280448914e-02
-1.531491875648498535e-01
3.477430343627929688e-02
1.483166217803955078e-01
1.957516930997371674e-02
-3.594922274351119995e-02
1.422901172190904617e-02
-6.753354519605636597e-02
-2.469610236585140228e-02
-3.270232677459716797e-02
-1.270524561405181885e-01
-9.893822669982910156e-02
-4.579747840762138367e-02
1.022897362709045410e-01
4.857602342963218689e-02
-1.148898154497146606e-01
-4.444484412670135498e-02
1.434996873140335083e-01
8.592411130666732788e-02
-9.932060539722442627e-02
-2.566824555397033691e-01
-6.643039174377918243e-03
-3.294329717755317688e-02
8.975880593061447144e-02
2.145517170429229736e-01
-2.186925709247589111e-01
3.242498636245727539e-02
2.014051377773284912e-02
-8.138273656368255615e-02
5.247844383120536804e-02
-4.421688988804817200e-02
-1.562497019767761230e-01
3.437758656218647957e-03
-4.681397695094347000e-03
8.048155158758163452e-02
8.828686922788619995e-02
-2.253897935152053833e-01
-5.022776778787374496e-03
1.230090484023094177e-01
8.023048937320709229e-02
-8.517850190401077271e-02
-1.135063096880912781e-01
1.878284513950347900e-01
-1.406637281179428101e-01
-2.920107357203960419e-02
-1.163992509245872498e-01
-8.530868589878082275e-02
-2.486380748450756073e-02
5.824492545798420906e-04
-6.988409161567687988e-02
-1.187199726700782776e-01
1.535827666521072388e-01
-1.438431888818740845e-01
-1.473047863692045212e-02
2.062083780765533447e-02
-1.052386760711669922e-01
1.347188930958509445e-02
-1.424869596958160400e-01
-5.434845015406608582e-02
4.112627729773521423e-02
-2.627076767385005951e-02
-3.267423063516616821e-02
-7.683271914720535278e-02
-1.430657953023910522e-01
-1.472533047199249268e-01
1.291373074054718018e-01
-8.088646084070205688e-02
2.046601288020610809e-02
-1.572323590517044067e-01
-6.582465767860412598e-02
6.402134150266647339e-02
4.428551474120467901e-04
-1.956950426101684570e-01
-1.604985073208808899e-02
3.183021908625960350e-03
8.616341650485992432e-02
6.220016628503799438e-02
1.163094416260719299e-01
-1.629177927970886230e-01
-1.194645166397094727e-01
-1.325733214616775513e-01
-1.801626533269882202e-01
-1.896567642688751221e-01
-1.351879090070724487e-01
-4.362684488296508789e-02
5.858692526817321777e-02
3.652296587824821472e-02
1.823169440031051636e-01
1.251070946455001831e-01
5.506286025047302246e-02
-1.865681111812591553e-01
-7.308186590671539307e-02
-2.300955802202224731e-01
1.951977014541625977e-01
5.320821329951286316e-02
-9.288926422595977783e-02
-3.284432739019393921e-02
1.351145952939987183e-01
1.900209672749042511e-02
-1.640119850635528564e-01
1.197255682200193405e-02
1.650116294622421265e-01
8.433796465396881104e-02
-1.584858149290084839e-01
6.079816725105047226e-03
-5.563586950302124023e-02
3.751797601580619812e-02
1.077677384018898010e-01
3.579495474696159363e-03
1.008686795830726624e-01
