2.692001638934016228e-03
1.874804794788360596e-01
1.215259544551372528e-03
-4.089863225817680359e-02
-1.719880104064941406e-02
1.094975396990776062e-01
-1.089173741638660431e-02
1.438946579582989216e-03
3.934329375624656677e-02
7.417995482683181763e-02
7.677858322858810425e-02
9.605371206998825073e-02
-8.149057626724243164e-02
-1.878114193677902222e-01
-1.163344457745552063e-02
6.155394390225410461e-02
6.336616817861795425e-03
8.240368217229843140e-02
2.549608983099460602e-02
-1.419948786497116089e-01
-5.532416049391031265e-03
1.100922599434852600e-01
5.159677937626838684e-02
1.586171099916100502e-03
-1.834349483251571655e-01
1.552132219076156616e-01
1.175305470824241638e-01
-1.002929806709289551e-01
1.007558684796094894e-02
3.596470654010772705e-01
5.970494821667671204e-02
6.540203839540481567e-02
-3.356547281146049500e-02
4.600588232278823853e-02
-1.156799569725990295e-01
-7.920935004949569702e-02
8.330219238996505737e-02
-1.391027420759201050e-01
-2.074244320392608643e-01
-3.046420216560363770e-01
3.607068955898284912e-02
-2.141670556738972664e-03
-3.316896781325340271e-02
1.924009062349796295e-02
-3.053221106529235840e-02
4.496175795793533325e-03
6.379138678312301636e-02
-1.226151138544082642e-01
1.265618205070495605e-02
-3.657777234911918640e-02
-2.149082534015178680e-02
-2.784382365643978119e-02
1.129887029528617859e-01
-7.860352843999862671e-02
-2.629685103893280029e-01
2.657723985612392426e-02
-5.124231055378913879e-02
-9.260793030261993408e-02
1.251899451017379761e-01
-4.754617437720298767e-02
-6.481640040874481201e-02
-4.868068173527717590e-02
-3.734442219138145447e-02
1.603389531373977661e-01
-4.132669419050216675e-02
-6.044744979590177536e-03
-7.141347974538803101e-02
-7.398212701082229614e-02
2.656898833811283112e-02
-1.336812525987625122e-01
-7.065590471029281616e-02
-7.823543995618820190e-02
-1.244562789797782898e-01
3.176917135715484619e-02
-1.173362880945205688e-01
-6.569548696279525757e-02
-5.032177641987800598e-02
1.128908619284629822e-01
1.050537824630737305e-01
8.340961486101150513e-02
-8.777599781751632690e-02
1.303763240575790405e-01
-1.536157429218292236e-01
-1.278838664293289185e-01
-5.827336385846138000e-02
-8.809919469058513641e-03
-1.442546993494033813e-01
1.092423349618911743e-01
-1.449754685163497925e-01
-6.105189397931098938e-02
-7.379692047834396362e-02
-1.215755566954612732e-01
7.712353020906448364e-02
1.117937713861465454e-01
-1.109307631850242615e-01
-5.531296133995056152e-02
1.339035034179687500e-01
-6.706052273511886597e-02
-8.087534457445144653e-02
-9.693696349859237671e-02
7.736207544803619385e-02
-2.786892466247081757e-02
-9.085289388895034790e-02
-6.985840946435928345e-02
2.138305753469467163e-01
1.667582988739013672e-01
-6.899551302194595337e-02
-1.081653162837028503e-01
-1.012865453958511353e-01
9.537144750356674194e-02
1.265690773725509644e-01
-6.014589220285415649e-02
-1.393838506191968918e-02
1.352545022964477539e-01
9.428684599697589874e-03
-3.413586644455790520e-03
3.097636997699737549e-02
-9.433961473405361176e-03
7.206466794013977051e-02
-5.622643511742353439e-03
