-1.326078921556472778e-01
-6.270498037338256836e-02
-1.070481464266777039e-01
-4.282876383513212204e-03
2.453396469354629517e-02
8.422892540693283081e-02
-4.696257039904594421e-02
-1.036105677485466003e-01
9.757960587739944458e-02
-4.959116503596305847e-02
-4.197391495108604431e-02
-7.729970663785934448e-02
4.050049185752868652e-02
-1.436045616865158081e-01
1.088924333453178406e-01
3.524992242455482483e-02
1.322625279426574707e-01
-3.734193369746208191e-02
1.054140552878379822e-01
-8.647545240819454193e-03
-6.054155156016349792e-02
-1.283788532018661499e-01
-2.250604145228862762e-02
3.096978366374969482e-01
-1.113667041063308716e-01
3.419660404324531555e-02
7.559649646282196045e-02
-2.998098433017730713e-01
7.730721682310104370e-02
7.334954291582107544e-02
2.455481737852096558e-01
5.187437683343887329e-02
-2.266179304569959641e-03
-7.532243430614471436e-02
9.531705826520919800e-02
8.644392341375350952e-02
-1.361109502613544464e-02
2.563468553125858307e-02
-4.061456769704818726e-02
-4.286323860287666321e-02
1.413936610333621502e-03
-1.048620566725730896e-01
-5.328926444053649902e-02
4.945835843682289124e-02
-8.155729621648788452e-02
-5.357170850038528442e-02
-9.555700421333312988e-02
-7.012255489826202393e-02
6.162365153431892395e-02
-4.100258275866508484e-02
1.046226248145103455e-01
-6.652545183897018433e-02
-1.915301084518432617e-01
3.150489553809165955e-02
-1.342602819204330444e-01
-2.583844959735870361e-02
-7.313649635761976242e-03
-5.277498438954353333e-02
8.586273528635501862e-03
1.029736772179603577e-01
-5.673925951123237610e-02
1.775772124528884888e-01
-1.429675240069627762e-02
-1.467720419168472290e-01
8.639732375741004944e-03
1.143152639269828796e-01
3.593052271753549576e-03
1.091082841157913208e-01
6.665351334959268570e-03
6.877859681844711304e-02
-2.527919411659240723e-02
3.223010897636413574e-02
3.801765665411949158e-02
-3.422504058107733727e-03
-1.617257148027420044e-01
2.875865101814270020e-01
-1.887213587760925293e-01
1.029242202639579773e-01
6.350085139274597168e-02
-1.447777003049850464e-01
5.761510878801345825e-02
-1.963199611054733396e-05
-6.623356044292449951e-02
3.062732517719268799e-02
1.934117078781127930e-01
2.900806069374084473e-01
1.098989993333816528e-01
1.117288619279861450e-01
1.384874433279037476e-01
3.857937455177307129e-02
-3.432846441864967346e-02
1.303104013204574585e-01
7.709265500307083130e-02
-3.021167032420635223e-02
6.730863451957702637e-02
9.491162002086639404e-02
-7.358797639608383179e-02
-2.636594511568546295e-02
1.634518504142761230e-01
8.690382353961467743e-03
-8.675108850002288818e-02
6.084842607378959656e-02
-3.422763198614120483e-02
-1.135792955756187439e-01
-6.128202751278877258e-02
2.468114644289016724e-01
1.534258853644132614e-02
4.226349759846925735e-03
-3.609358891844749451e-02
-8.835825324058532715e-02
5.239119008183479309e-02
-1.330832988023757935e-01
-7.258199155330657959e-03
-7.092966884374618530e-02
8.146054111421108246e-03
5.499881505966186523e-02
-1.041807159781455994e-01
-5.006046034395694733e-03
-2.654280327260494232e-02
8.835057169198989868e-02
