4.093139618635177612e-02
6.018737703561782837e-02
6.639661639928817749e-02
1.752475835382938385e-02
-5.940525606274604797e-02
4.184008762240409851e-02
-3.294431790709495544e-02
-6.532056722790002823e-04
1.899650506675243378e-02
-4.782853648066520691e-02
9.179984219372272491e-03
-5.749243497848510742e-02
-8.698799461126327515e-02
2.755310237407684326e-01
-1.785368472337722778e-01
2.321720868349075317e-02
-1.082956418395042419e-01
1.474632769823074341e-01
-7.561822235584259033e-02
3.316478133201599121e-01
1.110886707901954651e-01
-4.233321174979209900e-02
2.984736673533916473e-02
-1.076255086809396744e-02
-6.738308817148208618e-02
-3.011680580675601959e-02
-3.529775887727737427e-02
-1.094448566436767578e-01
1.583567112684249878e-01
1.044373512268066406e-01
-3.549764677882194519e-02
-5.676334723830223083e-02
-3.872064501047134399e-02
1.465492248535156250e-01
2.308546155691146851e-01
-2.564996480941772461e-02
2.125540524721145630e-01
-2.059373706579208374e-01
1.301249116659164429e-02
-5.582903698086738586e-02
-5.845294520258903503e-02
-6.676488369703292847e-02
-1.679521501064300537e-01
4.953682422637939453e-02
1.116721853613853455e-01
1.199291571974754333e-01
1.229791529476642609e-02
1.075691804289817810e-01
-9.705764055252075195e-02
1.204030867666006088e-02
-6.350097805261611938e-02
-1.072740778326988220e-01
-1.134188007563352585e-02
-7.370951026678085327e-02
4.470344260334968567e-02
1.286914497613906860e-01
-6.526842713356018066e-02
4.893436655402183533e-02
1.627272665500640869e-01
7.061330974102020264e-02
4.607433080673217773e-02
-2.867473103106021881e-02
1.989084668457508087e-02
5.036143586039543152e-02
1.735658757388591766e-02
1.264161616563796997e-01
-6.518637388944625854e-02
8.621989190578460693e-02
3.552229702472686768e-02
-3.796945512294769287e-02
6.559646874666213989e-02
-1.689637452363967896e-01
-1.379638016223907471e-01
7.480043917894363403e-02
1.803953014314174652e-02
3.157950192689895630e-02
-1.612444072961807251e-01
-2.443613260984420776e-01
2.426321059465408325e-02
2.985368110239505768e-02
3.275656327605247498e-02
1.379311084747314453e-02
9.480019658803939819e-02
1.057584434747695923e-01
1.022273451089859009e-01
1.593168675899505615e-01
5.218769237399101257e-02
2.006032317876815796e-02
-5.704794451594352722e-02
9.564244002103805542e-02
7.298449426889419556e-02
1.733660884201526642e-02
-4.211147129535675049e-02
1.058257594704627991e-01
-1.283874362707138062e-01
4.449872300028800964e-02
-2.123083174228668213e-01
3.038114635273814201e-03
6.575733423233032227e-03
-5.219039320945739746e-02
-7.575576007366180420e-02
4.136159271001815796e-02
3.518217802047729492e-02
1.514819711446762085e-01
1.383805572986602783e-01
4.698200151324272156e-02
6.483837217092514038e-02
5.260615423321723938e-02
-1.883829981088638306e-01
-2.703636884689331055e-02
2.627476118505001068e-02
4.482702910900115967e-02
-3.380792960524559021e-02
-6.046635657548904419e-02
2.524108998477458954e-02
1.161982789635658264e-01
3.509975969791412354e-02
1.031536683440208435e-01
5.890517309308052063e-02
5.810564849525690079e-03
