-5.050683394074440002e-03
-1.452108174562454224e-01
-3.625629469752311707e-02
-3.422006219625473022e-02
1.297245081514120102e-02
-9.721107780933380127e-02
-1.658163368701934814e-01
-8.788650482892990112e-02
5.372110009193420410e-02
1.852556318044662476e-02
-1.800322905182838440e-02
1.204176768660545349e-01
-2.399192936718463898e-02
-6.165286526083946228e-02
4.600378498435020447e-02
-6.025393679738044739e-02
-1.999520361423492432e-01
-5.710018333047628403e-03
3.945191204547882080e-02
-3.815918043255805969e-02
-7.871342450380325317e-02
2.288164570927619934e-02
-3.336016833782196045e-02
-2.841150574386119843e-02
-5.735203251242637634e-02
7.683467119932174683e-02
4.637062177062034607e-02
3.863835707306861877e-02
5.658723786473274231e-02
-6.379061192274093628e-02
4.563545435667037964e-02
1.009652614593505859e-01
-1.137775182723999023e-01
2.755606174468994141e-02
1.533200591802597046e-02
1.187304630875587463e-01
1.286732852458953857e-01
5.590982362627983093e-02
4.588705673813819885e-02
1.832007169723510742e-01
6.092832237482070923e-02
-1.319037377834320068e-01
2.368871420621871948e-01
6.428790092468261719e-02
-1.553879827260971069e-01
-4.840192943811416626e-02
-1.935314573347568512e-02
-7.937713712453842163e-02
-2.892598509788513184e-01
2.226917073130607605e-02
1.823236942291259766e-01
1.446479260921478271e-01
-1.069408655166625977e-02
1.117911711335182190e-01
2.028251998126506805e-03
5.072921514511108398e-02
-6.389530748128890991e-02
-1.208969019353389740e-02
-1.487969160079956055e-01
8.037929423153400421e-03
4.684317857027053833e-02
4.630899429321289062e-02
5.618687346577644348e-02
-3.737218305468559265e-02
1.187654063105583191e-01
-1.313152909278869629e-01
-1.847603917121887207e-01
-1.327632963657379150e-01
1.134449765086174011e-01
6.125614047050476074e-02
1.558592915534973145e-01
6.910289078950881958e-02
1.105186343193054199e-01
-3.869958966970443726e-02
-1.179320621304214001e-03
2.704577147960662842e-02
-1.919313892722129822e-02
4.322745278477668762e-02
-1.720457896590232849e-02
5.120235309004783630e-02
1.634409651160240173e-02
-8.950105309486389160e-02
1.268752068281173706e-01
-5.767710506916046143e-03
1.580803282558917999e-02
-1.599157899618148804e-01
-9.387320280075073242e-02
1.517372578382492065e-01
-2.349123917520046234e-02
-2.891689538955688477e-01
1.786546856164932251e-01
1.033170223236083984e-01
3.130807876586914062e-01
5.064871534705162048e-02
6.302865687757730484e-03
-5.677493754774332047e-03
5.305705592036247253e-02
2.564647197723388672e-01
-2.066351287066936493e-02
5.785415321588516235e-02
-1.623713523149490356e-01
1.916705444455146790e-02
-3.277277573943138123e-02
-9.772492945194244385e-02
1.560065895318984985e-02
-8.731233328580856323e-02
7.623923569917678833e-02
1.481309235095977783e-01
1.570745930075645447e-02
4.862605128437280655e-03
1.210651546716690063e-01
-7.942502200603485107e-02
5.085368081927299500e-02
4.072220250964164734e-02
1.255084276199340820e-01
3.273741155862808228e-02
1.385166496038436890e-01
2.229749262332916260e-01
1.487991660833358765e-01
1.055397391319274902e-01
