-5.877636000514030457e-02
5.228171497583389282e-02
-7.879157550632953644e-03
-1.608950942754745483e-01
1.430075764656066895e-01
-1.071355715394020081e-01
5.924838781356811523e-02
-1.972725838422775269e-01
-2.003956288099288940e-01
-5.903642252087593079e-02
1.201514005661010742e-01
-4.202454164624214172e-02
-4.413670301437377930e-02
1.230856999754905701e-01
5.619411543011665344e-02
1.285696476697921753e-01
-5.187420919537544250e-02
-5.682400614023208618e-02
3.785983845591545105e-02
1.103035360574722290e-02
-1.799175702035427094e-02
-9.296946227550506592e-02
4.352301731705665588e-02
1.043152436614036560e-01
-1.972784250974655151e-01
-2.287111803889274597e-02
1.763935200870037079e-02
-8.408268541097640991e-02
3.190094232559204102e-02
-7.861211150884628296e-02
-1.120786592364311218e-01
-6.530915200710296631e-02
-3.469374403357505798e-02
1.125394627451896667e-01
2.296615689992904663e-01
-7.006305456161499023e-02
-9.586885571479797363e-02
-1.076414808630943298e-01
2.796023897826671600e-02
3.949565812945365906e-02
-5.856170877814292908e-02
-5.453481152653694153e-02
5.316215381026268005e-02
1.690279096364974976e-01
-1.051172763109207153e-01
-8.074952661991119385e-02
4.522679373621940613e-02
-2.109557762742042542e-02
-1.209294423460960388e-01
8.903060853481292725e-02
-1.091017350554466248e-01
5.994718149304389954e-02
9.123419225215911865e-02
-9.778638929128646851e-02
-8.031703531742095947e-02
1.114751324057579041e-01
5.677573010325431824e-02
1.238059252500534058e-02
-1.664337664842605591e-01
5.315398331731557846e-03
-3.633147105574607849e-03
-1.039286609739065170e-02
6.991256028413772583e-03
7.012339681386947632e-02
-1.239979490637779236e-01
-8.748982101678848267e-02
9.610612690448760986e-02
-1.327266097068786621e-01
-1.023492589592933655e-01
1.919393092393875122e-01
7.158847898244857788e-02
-1.556555032730102539e-01
1.001700088381767273e-01
4.589221626520156860e-02
1.337533146142959595e-01
-4.367947985883802176e-04
-2.349828332662582397e-01
6.453595310449600220e-02
-1.179682612419128418e-01
5.290643498301506042e-02
1.054499968886375427e-01
-1.862701624631881714e-01
-1.278597563505172729e-01
1.460827291011810303e-01
2.084649354219436646e-02
1.995965093374252319e-02
-8.546455763280391693e-03
1.735400259494781494e-01
9.082958102226257324e-02
1.464474797248840332e-01
-8.792610466480255127e-02
-8.542016148567199707e-02
4.809593781828880310e-02
-1.821402162313461304e-01
3.468220680952072144e-02
1.008913666009902954e-01
-8.281489461660385132e-02
-5.761462450027465820e-02
6.497754901647567749e-02
-7.395598292350769043e-02
2.830350212752819061e-02
-1.295927017927169800e-01
4.843544960021972656e-02
7.636196166276931763e-02
-1.179383546113967896e-01
-6.443894002586603165e-03
4.979586601257324219e-02
-1.272831764072179794e-02
-6.073621660470962524e-02
-2.530458010733127594e-02
-1.411045640707015991e-01
-1.564848721027374268e-01
-5.623311549425125122e-02
2.976423501968383789e-02
1.304905302822589874e-02
9.499793872237205505e-03
-2.277991734445095062e-02
-1.443131417036056519e-01
-2.197146974503993988e-02
-1.023835465312004089e-01
