-1.582308262586593628e-01
-1.316488832235336304e-01
-5.794737022370100021e-03
-1.011774092912673950e-01
-8.649492263793945312e-02
6.821657717227935791e-02
-1.052105426788330078e-01
-1.728110313415527344e-01
3.464286401867866516e-02
-1.912399530410766602e-01
5.800629779696464539e-02
-2.017716132104396820e-02
-1.430436670780181885e-01
-7.823006063699722290e-02
3.274379968643188477e-01
1.016498208045959473e-01
-5.972303077578544617e-02
2.650579623878002167e-02
4.699047654867172241e-02
1.244553253054618835e-01
-4.262787103652954102e-02
1.283674389123916626e-01
8.018975704908370972e-02
4.228766541928052902e-03
1.071787625551223755e-01
-4.616052284836769104e-02
9.938747435808181763e-02
6.729834526777267456e-02
-7.389909029006958008e-02
1.142238080501556396e-02
-2.630075812339782715e-01
-8.925828337669372559e-02
8.280859142541885376e-02
2.340009203180670738e-03
6.747085601091384888e-02
-9.225769340991973877e-02
-7.724876701831817627e-02
6.628374010324478149e-02
1.911343447864055634e-02
-3.998195379972457886e-02
-9.145642071962356567e-02
-1.817676983773708344e-02
-8.354977518320083618e-02
-1.343815028667449951e-01
-2.390712797641754150e-01
-2.215294390916824341e-01
-4.078035056591033936e-02
4.907782003283500671e-02
-1.954902857542037964e-01
1.496745552867650986e-02
-1.024656812660396099e-04
-1.315347105264663696e-01
1.242116838693618774e-01
-5.379389598965644836e-02
-1.021551527082920074e-02
1.175939664244651794e-01
1.795422099530696869e-02
-1.329454034566879272e-01
-6.421455740928649902e-02
-1.568461358547210693e-01
-1.841674186289310455e-02
9.583449363708496094e-02
9.706813842058181763e-02
7.606497406959533691e-02
-1.895974949002265930e-02
-3.599662333726882935e-02
-4.453476518392562866e-02
-1.890875548124313354e-01
-4.698208719491958618e-02
2.079143971204757690e-01
-1.577752083539962769e-01
2.012884169816970825e-01
-8.224160969257354736e-02
3.784233331680297852e-02
-1.374201774597167969e-01
1.018236204981803894e-01
1.203367486596107483e-01
1.065032277256250381e-02
1.931061595678329468e-02
3.699168190360069275e-02
-2.752968668937683105e-01
1.940956711769104004e-01
4.776584729552268982e-02
-8.210797607898712158e-02
1.229621395468711853e-01
7.050374150276184082e-02
-9.545823186635971069e-02
6.749851256608963013e-02
2.236824668943881989e-02
-2.630427852272987366e-02
8.960806578397750854e-02
-1.216704398393630981e-01
-4.121995344758033752e-02
8.389723300933837891e-02
3.601234778761863708e-02
5.355113744735717773e-02
8.974426239728927612e-02
-3.198739886283874512e-02
-1.655566990375518799e-01
-7.525401562452316284e-02
1.092757210135459900e-01
1.554366853088140488e-02
-3.710099682211875916e-02
1.698729209601879120e-02
6.820506602525711060e-02
6.180648878216743469e-02
1.593434624373912811e-02
-2.951000630855560303e-01
-8.031196892261505127e-02
-5.216952785849571228e-02
4.747382923960685730e-02
9.031561017036437988e-02
-2.631617523729801178e-02
-1.951957792043685913e-01
-6.916848570108413696e-02
9.967642277479171753e-02
-6.536242552101612091e-03
1.097742095589637756e-01
-4.820538684725761414e-02
1.070378646254539490e-01
