-1.050052791833877563e-01
-2.691872976720333099e-02
9.543117135763168335e-02
2.553061954677104950e-02
5.329791828989982605e-02
5.594765022397041321e-02
-1.607648879289627075e-01
-8.650261908769607544e-02
7.875371724367141724e-02
-7.039594650268554688e-02
1.598016917705535889e-01
1.434927731752395630e-01
2.667046897113323212e-02
-4.018599167466163635e-02
-3.138566389679908752e-02
8.966836147010326385e-03
-4.737040773034095764e-02
-1.340068280696868896e-01
7.421901915222406387e-03
1.410282850265502930e-01
-8.377178758382797241e-02
-5.127276852726936340e-02
-7.895012944936752319e-02
-7.110168784856796265e-02
-4.193242639303207397e-02
-6.458761543035507202e-02
6.253562401980161667e-03
-4.438435658812522888e-02
9.533253312110900879e-02
1.350596547126770020e-01
-1.941186748445034027e-02
-2.098129317164421082e-02
1.593143492937088013e-02
9.563370048999786377e-02
-6.811132282018661499e-02
1.097348108887672424e-01
7.992777042090892792e-03
-2.031067162752151489e-01
4.326068237423896790e-02
-5.060363560914993286e-02
2.448774687945842743e-02
-1.011688634753227234e-01
2.117359451949596405e-02
1.743228286504745483e-01
-5.751863121986389160e-02
1.703554987907409668e-01
1.466448158025741577e-01
1.458748877048492432e-01
-4.182721674442291260e-02
8.331368118524551392e-02
-6.590557098388671875e-02
-1.514045428484678268e-02
-6.166386231780052185e-02
-1.653163321316242218e-02
-7.074635475873947144e-02
-5.356691405177116394e-02
-3.555893898010253906e-03
6.898971647024154663e-02
-6.823866069316864014e-02
5.416572093963623047e-02
5.805287510156631470e-03
-4.630362614989280701e-02
1.964198499917984009e-01
-1.606549769639968872e-01
6.267427653074264526e-02
1.548224873840808868e-02
-6.503427773714065552e-02
-2.619753777980804443e-02
1.673337370157241821e-01
-2.761618793010711670e-02
-1.238002106547355652e-01
-4.017456993460655212e-02
-2.873110584914684296e-02
1.595061570405960083e-01
-6.106559187173843384e-02
1.323967427015304565e-01
1.339236199855804443e-01
5.931792780756950378e-02
-1.052068397402763367e-01
2.282725088298320770e-02
-4.195811599493026733e-02
1.097824797034263611e-01
-5.638736486434936523e-02
-1.987564563751220703e-01
1.915448717772960663e-02
7.810818403959274292e-02
-1.948507875204086304e-02
-1.532699167728424072e-01
6.376866251230239868e-02
-1.300100237131118774e-01
1.539706345647573471e-02
1.871784180402755737e-01
-4.580523446202278137e-02
-5.023316666483879089e-02
-1.470203846693038940e-01
-8.413805067539215088e-02
-1.876298896968364716e-02
1.972816698253154755e-02
7.454569637775421143e-02
-3.514604270458221436e-02
1.889461651444435120e-03
-2.535975575447082520e-01
5.994733050465583801e-02
-8.756933361291885376e-02
-3.799946978688240051e-02
9.530615061521530151e-02
1.687949448823928833e-01
2.604433298110961914e-01
2.001760452985763550e-01
-5.897518992424011230e-02
-5.390525609254837036e-02
-8.628227561712265015e-02
-2.131066285073757172e-02
9.624279104173183441e-03
-6.348978728055953979e-02
-8.393007330596446991e-03
8.883617818355560303e-02
-1.402132958173751831e-01
2.618114091455936432e-02
3.395029902458190918e-02
