1.117154136300086975e-01
-4.543883726000785828e-02
5.478513240814208984e-02
-6.172622367739677429e-02
4.298018664121627808e-02
-8.462765067815780640e-02
-7.519821077585220337e-02
6.555937975645065308e-02
-1.263301074504852295e-01
1.020897179841995239e-01
-2.161673158407211304e-01
-1.156148687005043030e-01
6.645421963185071945e-03
-1.439136266708374023e-01
-2.951472811400890350e-02
1.338149011135101318e-01
-5.011416506022214890e-03
9.184314310550689697e-02
1.359959365800023079e-03
1.224021688103675842e-01
-4.868635162711143494e-02
1.945620030164718628e-01
-4.972088709473609924e-02
-7.902604527771472931e-03
8.523260243237018585e-03
3.498763963580131531e-02
4.284800589084625244e-02
2.554091215133666992e-01
4.324416443705558777e-02
1.466414798051118851e-02
-1.320974826812744141e-01
-7.534193247556686401e-02
3.524089604616165161e-02
5.918536707758903503e-02
-1.969747990369796753e-01
1.550349034368991852e-02
-7.679246366024017334e-02
3.944573923945426941e-02
1.924919150769710541e-02
-2.713820897042751312e-02
-3.070192597806453705e-02
6.659520417451858521e-02
2.212844602763652802e-02
3.563999896869063377e-03
-2.560162544250488281e-01
2.312808036804199219e-01
-8.287373930215835571e-02
-2.097472250461578369e-01
9.485305845737457275e-02
-9.126188606023788452e-02
-1.720167845487594604e-01
7.006224244832992554e-02
3.786888346076011658e-02
8.564393036067485809e-03
-1.532980054616928101e-01
1.043656989932060242e-01
-1.214482709765434265e-01
4.056092817336320877e-03
-5.092520639300346375e-02
-4.079163074493408203e-02
4.052457213401794434e-02
1.435578316450119019e-01
7.062820345163345337e-02
1.438927929848432541e-02
8.723657578229904175e-02
-1.026977971196174622e-02
3.254975425079464912e-03
2.069017384201288223e-03
1.988093368709087372e-02
-7.052535563707351685e-02
-7.470688968896865845e-02
1.042681094259023666e-02
-1.360230445861816406e-01
-8.785124868154525757e-02
7.521991847170284018e-06
-5.718977656215429306e-03
4.131343588232994080e-02
-1.533306539058685303e-01
1.293676346540451050e-01
-1.015833616256713867e-01
2.457515336573123932e-02
5.630718544125556946e-02
2.988757565617561340e-02
4.675040766596794128e-02
-2.721894532442092896e-03
2.026380412280559540e-02
2.322475761175155640e-01
3.890962153673171997e-02
-5.355691537261009216e-02
7.018107175827026367e-02
5.135100707411766052e-02
7.190232723951339722e-02
4.634121432900428772e-02
-1.334930509328842163e-01
7.765872776508331299e-02
-5.064267665147781372e-02
-2.603154815733432770e-02
1.286134868860244751e-01
1.364752836525440216e-02
-1.917114704847335815e-01
-1.499337553977966309e-01
3.322739526629447937e-02
-1.230531092733144760e-02
6.172269117087125778e-03
-8.349043130874633789e-02
5.228579044342041016e-02
-5.805854871869087219e-02
2.849878743290901184e-02
-9.413225203752517700e-02
2.385297231376171112e-02
-2.087697014212608337e-02
-1.972894519567489624e-01
3.517765924334526062e-02
-1.688153482973575592e-03
-4.852817207574844360e-02
-1.107629537582397461e-01
1.996422186493873596e-02
2.357051521539688110e-02
1.585690490901470184e-02
1.110518798232078552e-01
