-2.938043512403964996e-02
5.808446556329727173e-03
-1.339827030897140503e-01
9.843620471656322479e-03
1.388631314039230347e-01
1.687358766794204712e-01
5.433693155646324158e-02
1.263829041272401810e-02
-6.315108388662338257e-02
2.454300969839096069e-01
-3.758743032813072205e-02
-9.757079929113388062e-02
-1.266195476055145264e-01
-2.392872236669063568e-02
3.198712691664695740e-02
-7.707110140472650528e-03
-6.643029302358627319e-02
1.328123267740011215e-02
2.651873603463172913e-02
3.932584077119827271e-02
3.012131713330745697e-02
-1.733128577470779419e-01
-1.371998339891433716e-01
9.656015783548355103e-02
2.032029442489147186e-02
8.195661939680576324e-03
-3.151758387684822083e-02
-3.316537290811538696e-02
4.254611209034919739e-02
3.363476321101188660e-02
4.217539727687835693e-02
-1.411844342947006226e-01
-9.367655962705612183e-02
1.128417253494262695e-01
-7.637372706085443497e-03
7.387342303991317749e-02
-1.436583846807479858e-01
-9.580968879163265228e-03
4.873127862811088562e-02
4.439342394471168518e-02
-6.520950049161911011e-02
-4.468770325183868408e-02
-5.302113294601440430e-02
-6.113392859697341919e-02
8.957345038652420044e-03
-1.121530309319496155e-01
-1.299893260002136230e-01
1.789129674434661865e-01
8.090435713529586792e-02
-6.076240539550781250e-02
-2.159966677427291870e-01
2.169367857277393341e-02
-9.890714287757873535e-02
-1.856559067964553833e-01
-9.329360723495483398e-02
4.564573988318443298e-02
-3.935370594263076782e-02
-8.879097551107406616e-02
7.194670289754867554e-02
2.861293032765388489e-02
-9.056805819272994995e-02
1.299174735322594643e-03
-1.464180797338485718e-01
1.012337803840637207e-01
1.211030315607786179e-02
-1.134800910949707031e-01
5.794109776616096497e-02
2.772051692008972168e-01
3.777344897389411926e-02
1.104130074381828308e-01
1.015511751174926758e-01
-1.011023148894309998e-01
-3.943014424294233322e-03
-1.118454113602638245e-01
3.254492580890655518e-02
-4.153282567858695984e-02
1.062898784875869751e-01
-9.328999370336532593e-02
-1.686776280403137207e-01
5.605337768793106079e-02
2.785374037921428680e-02
3.767159208655357361e-02
7.916107028722763062e-02
-7.233624905347824097e-02
1.096834912896156311e-01
-7.821420207619667053e-03
1.380807347595691681e-02
-7.986547797918319702e-02
3.683605790138244629e-02
3.129198402166366577e-02
-5.247664079070091248e-02
1.190742477774620056e-01
-1.261492725461721420e-02
-1.638822853565216064e-01
1.900403411127626896e-03
-1.810686737298965454e-01
-6.784000992774963379e-02
-1.332739591598510742e-01
6.759347766637802124e-02
4.700214043259620667e-02
2.021006867289543152e-02
-1.421588510274887085e-01
-4.091101512312889099e-02
8.423778228461742401e-03
1.819622814655303955e-01
4.223763197660446167e-02
2.627113461494445801e-01
-2.409515827894210815e-01
6.335114687681198120e-02
8.440558612346649170e-02
2.018270790576934814e-01
-1.131036411970853806e-02
-1.349989175796508789e-01
1.786353141069412231e-01
1.437997072935104370e-01
-1.387467235326766968e-02
1.275738924741744995e-01
3.338118642568588257e-02
7.504456490278244019e-02
7.879539392888545990e-03
