1.094450131058692932e-01
-2.688363566994667053e-02
7.966434955596923828e-02
-4.492742195725440979e-02
9.103313833475112915e-02
-1.362831443548202515e-01
-1.421805769205093384e-01
-3.218093141913414001e-02
2.255057357251644135e-02
1.662852824665606022e-03
1.212390884757041931e-01
-7.810273766517639160e-02
7.746400684118270874e-02
-4.861325491219758987e-03
2.519792690873146057e-02
6.633701920509338379e-02
-2.410561591386795044e-01
3.411074355244636536e-02
-6.468751467764377594e-03
-1.331519931554794312e-01
1.222896482795476913e-02
-3.735870495438575745e-02
4.435066133737564087e-03
2.065051347017288208e-01
-2.471527084708213806e-02
1.492509394884109497e-01
1.207593362778425217e-03
9.209663420915603638e-02
1.014009937644004822e-01
1.059976872056722641e-02
6.109117995947599411e-03
-7.317011244595050812e-03
4.308499023318290710e-02
2.821440063416957855e-02
-9.807765483856201172e-02
-9.761389344930648804e-02
-3.841842338442802429e-02
6.997205317020416260e-02
1.837182492017745972e-01
-4.512928053736686707e-02
-2.391547663137316704e-03
-7.919102907180786133e-02
5.589682143181562424e-03
1.834176294505596161e-02
-9.223111718893051147e-02
-2.202294617891311646e-01
-1.072669215500354767e-02
7.011993974447250366e-02
1.936087161302566528e-01
3.861849894747138023e-03
-1.461231615394353867e-02
-8.904169499874114990e-02
8.207153528928756714e-02
-1.583396494388580322e-01
-4.213760606944561005e-03
-6.907358020544052124e-02
1.472120732069015503e-01
-7.626170665025711060e-02
9.935212135314941406e-02
5.630272626876831055e-02
4.630093276500701904e-02
9.102935343980789185e-02
2.480327384546399117e-03
1.485686153173446655e-01
8.247525990009307861e-02
-2.730636298656463623e-01
1.037645246833562851e-02
4.146556928753852844e-02
9.038762003183364868e-02
-2.120802877470850945e-03
1.738699898123741150e-02
9.396217018365859985e-02
-5.323416739702224731e-02
1.239597722887992859e-01
-1.555486917495727539e-01
1.708666533231735229e-01
1.182087063789367676e-01
8.995943516492843628e-02
-1.560388412326574326e-02
2.219265699386596680e-01
3.740961477160453796e-02
3.136788308620452881e-02
3.809610381722450256e-02
1.320879440754652023e-02
-8.040324598550796509e-02
-1.331000775098800659e-01
-4.666222631931304932e-02
3.683602064847946167e-02
-8.740550838410854340e-03
-5.697212740778923035e-02
7.387934625148773193e-02
-1.861735619604587555e-02
1.090489421039819717e-02
8.581431582570075989e-03
5.710605182684957981e-04
8.060086518526077271e-02
4.806158691644668579e-02
1.571323722600936890e-01
-4.055072553455829620e-03
-1.021179929375648499e-02
1.650469154119491577e-01
3.117787279188632965e-02
7.505151629447937012e-02
-1.032988950610160828e-01
-4.514565691351890564e-02
-2.552777528762817383e-02
1.773460768163204193e-02
-1.158194765448570251e-01
1.008308120071887970e-02
3.241982161998748779e-01
1.117853522300720215e-01
-7.038184255361557007e-02
2.873145975172519684e-02
-4.796323925256729126e-02
-6.540592759847640991e-02
-4.255239292979240417e-02
3.219567704945802689e-03
-1.655371636152267456e-01
7.562797516584396362e-03
-7.837668806314468384e-02
