-4.246189724653959274e-03
-1.074485387653112411e-02
-9.507324546575546265e-02
3.595820441842079163e-02
5.390733480453491211e-02
8.984218537807464600e-02
-7.301682978868484497e-02
1.169923171401023865e-01
1.386799514293670654e-01
5.912622809410095215e-02
7.782471179962158203e-02
8.381373435258865356e-02
5.992034822702407837e-02
-9.524208307266235352e-02
-1.117674931883811951e-01
2.744920318946242332e-03
5.302885174751281738e-02
-2.389817684888839722e-02
5.678171664476394653e-02
6.480240076780319214e-02
-8.236129581928253174e-02
-6.153849512338638306e-02
1.144130900502204895e-02
-1.465793401002883911e-01
2.270801924169063568e-02
1.746936701238155365e-02
1.030340716242790222e-01
-9.128087013959884644e-02
9.636957198381423950e-02
6.439690478146076202e-03
-1.380994468927383423e-01
5.919376760721206665e-02
1.549641229212284088e-02
7.256812602281570435e-02
-4.231600090861320496e-02
1.957510262727737427e-01
7.111113518476486206e-02
-7.868059724569320679e-02
-5.771914869546890259e-02
3.019373677670955658e-02
-1.812833249568939209e-01
-5.795967206358909607e-02
-6.605567038059234619e-02
6.585481017827987671e-02
6.657130271196365356e-02
2.104821801185607910e-02
7.358807325363159180e-02
-6.344511359930038452e-02
8.124557323753833771e-03
-1.449101418256759644e-01
1.220561042428016663e-01
-1.437242925167083740e-01
-1.065060049295425415e-01
-2.014299854636192322e-02
5.096266418695449829e-02
5.828854441642761230e-02
-3.733966965228319168e-03
-1.751247644424438477e-01
-6.372649222612380981e-02
-1.044075861573219299e-01
9.947532415390014648e-02
-2.976302755996584892e-03
-8.560411632061004639e-02
8.938729017972946167e-02
1.104729175567626953e-01
-3.509939461946487427e-02
2.417845185846090317e-03
-3.140134364366531372e-02
-3.202000632882118225e-03
8.615985512733459473e-02
1.001243740320205688e-01
-3.465678915381431580e-02
-1.042023524641990662e-01
1.540892273187637329e-01
-9.190743416547775269e-02
-3.453655540943145752e-02
-6.464496999979019165e-02
-6.240192800760269165e-02
7.233392447233200073e-02
1.506105661392211914e-01
9.889911860227584839e-02
1.801446527242660522e-01
-1.522255362942814827e-03
-2.018209695816040039e-01
8.198397234082221985e-03
-3.808845952153205872e-02
-1.215700134634971619e-01
-1.410124152898788452e-01
-1.238872855901718140e-02
5.153555423021316528e-02
5.280741676688194275e-02
8.075180463492870331e-03
-2.084372006356716156e-02
1.193922758102416992e-02
5.679659172892570496e-02
-6.028402596712112427e-02
-9.956746548414230347e-02
-9.917031973600387573e-02
-2.471914887428283691e-02
-1.240079626441001892e-01
2.285114675760269165e-02
-1.335266083478927612e-01
8.352351933717727661e-02
-1.653960719704627991e-02
-1.417634822428226471e-02
-1.745156943798065186e-01
4.656610265374183655e-02
3.120809793472290039e-02
9.243332780897617340e-03
-5.320747569203376770e-02
-1.622035056352615356e-01
1.093852519989013672e-01
-2.595497481524944305e-02
-2.053225785493850708e-02
1.092162951827049255e-01
4.228866659104824066e-03
-3.404152765870094299e-02
4.468291625380516052e-02
1.537557691335678101e-01
2.936374954879283905e-02
