-1.432480383664369583e-02
-1.200344972312450409e-02
-3.156878054141998291e-03
8.037558943033218384e-02
8.127187937498092651e-02
-8.806581795215606689e-02
-3.742713481187820435e-02
5.649402365088462830e-02
-4.209543019533157349e-02
3.857251256704330444e-02
2.952745929360389709e-02
6.467451900243759155e-02
6.212284043431282043e-02
5.609864741563796997e-02
3.361160680651664734e-02
-1.685216873884201050e-01
-4.783037118613719940e-03
-8.239310234785079956e-02
1.249282620847225189e-02
5.567580088973045349e-02
-7.461279630661010742e-02
-1.282643675804138184e-01
-6.617420911788940430e-02
1.034409403800964355e-01
1.164665967226028442e-01
1.653474383056163788e-02
2.546580508351325989e-02
-5.259190872311592102e-02
1.273670196533203125e-01
-1.502371728420257568e-01
-9.646844118833541870e-02
-6.081901118159294128e-02
-3.453047201037406921e-02
1.251600533723831177e-01
5.851658806204795837e-02
-1.262885630130767822e-01
-8.193434774875640869e-02
1.999247260391712189e-02
-4.984349757432937622e-02
-8.041806519031524658e-03
-9.556533396244049072e-02
-5.777433514595031738e-02
-9.224611520767211914e-02
8.445116877555847168e-02
-6.071034073829650879e-02
9.481744468212127686e-02
-2.691443562507629395e-01
-1.050146967172622681e-01
-2.517277933657169342e-02
1.520875394344329834e-01
2.054802924394607544e-01
1.065242812037467957e-01
-1.285026688128709793e-02
1.997939497232437134e-02
8.327862597070634365e-04
-1.887999288737773895e-02
-1.183979511260986328e-01
8.616378158330917358e-02
4.384686239063739777e-03
-1.789893582463264465e-02
2.313799411058425903e-02
-1.325986385345458984e-01
2.076309872791171074e-03
4.404315724968910217e-02
-2.578062703832983971e-03
1.135771200060844421e-01
4.646499082446098328e-02
-7.645796984434127808e-02
3.558893501758575439e-02
1.755849644541740417e-02
-1.073007956147193909e-01
-1.076772809028625488e-01
-4.262249916791915894e-02
1.571851819753646851e-01
-1.026492491364479065e-01
1.846850365400314331e-01
1.624810546636581421e-01
-1.460504382848739624e-01
3.357429429888725281e-02
4.900905862450599670e-02
1.363813579082489014e-01
-4.353241529315710068e-03
1.719138771295547485e-01
-1.289158910512924194e-01
4.026839882135391235e-02
8.007407188415527344e-02
1.066796761006116867e-02
-4.621592164039611816e-02
-6.894975155591964722e-02
2.568440735340118408e-01
-6.309863179922103882e-02
-3.457868844270706177e-02
-4.012704268097877502e-02
7.889328896999359131e-02
9.045595675706863403e-02
1.124049201607704163e-01
4.064290225505828857e-02
-1.320903003215789795e-01
9.171881526708602905e-02
4.764608666300773621e-02
-2.313636057078838348e-02
-7.450164854526519775e-02
1.088051572442054749e-01
-3.464049473404884338e-02
-1.656567864120006561e-02
-5.406376346945762634e-02
-2.198771201074123383e-02
-1.033976897597312927e-01
-9.000968188047409058e-03
7.679703086614608765e-02
3.743725642561912537e-02
-4.593232274055480957e-02
1.934508830308914185e-01
-2.084565535187721252e-02
-9.607129544019699097e-02
-3.918727394193410873e-03
-1.849785330705344677e-03
5.667443852871656418e-03
-2.863365411758422852e-02
1.178201958537101746e-01
