1.620754599571228027e-03
-9.007138013839721680e-02
-8.478990197181701660e-02
1.756771281361579895e-02
-1.063086539506912231e-01
2.105674743652343750e-01
8.023287169635295868e-03
1.151632070541381836e-01
-9.737228602170944214e-02
-6.017838045954704285e-02
2.219036035239696503e-02
1.807705610990524292e-01
1.159359589219093323e-01
7.112472504377365112e-02
-1.613540798425674438e-01
8.821053430438041687e-03
-4.544153437018394470e-02
-4.882228001952171326e-02
-3.240329399704933167e-02
-1.034871712327003479e-01
1.844137161970138550e-02
-9.259001910686492920e-02
-1.446250546723604202e-02
1.260102838277816772e-01
1.480880230665206909e-01
-1.428015064448118210e-02
-9.097889810800552368e-02
-5.619881674647331238e-02
1.996503025293350220e-01
1.379453837871551514e-01
-2.064184658229351044e-02
2.302377298474311829e-02
1.273473501205444336e-01
4.455265030264854431e-02
-2.081491947174072266e-01
-5.376793816685676575e-02
-5.445448681712150574e-02
-1.472222656011581421e-01
9.111796505749225616e-03
-1.150487288832664490e-01
5.364513397216796875e-02
6.502946466207504272e-02
6.832381337881088257e-02
9.293297305703163147e-03
-1.731795258820056915e-02
3.234818577766418457e-03
-8.120049536228179932e-02
-7.343216240406036377e-02
2.911049127578735352e-02
2.772305905818939209e-02
2.535201013088226318e-01
-7.777395099401473999e-02
-4.516996443271636963e-03
-7.899644225835800171e-02
-2.451646886765956879e-02
1.819591522216796875e-01
7.344278693199157715e-02
1.730859130620956421e-01
2.263805419206619263e-01
-5.892124772071838379e-02
-5.641917139291763306e-02
2.379367314279079437e-02
-1.214784663170576096e-02
-8.740650862455368042e-02
2.994194440543651581e-02
1.847537420690059662e-02
3.556194528937339783e-02
-2.439987957477569580e-01
-4.876212403178215027e-02
-2.970826327800750732e-01
-1.071501299738883972e-01
1.414950788021087646e-01
5.685920268297195435e-02
1.290647536516189575e-01
-1.109404396265745163e-02
4.988864064216613770e-02
-9.676585905253887177e-03
1.226993352174758911e-01
5.161960050463676453e-02
-9.425152093172073364e-02
-3.369054198265075684e-02
-1.444972585886716843e-02
-1.017445847392082214e-01
8.004777878522872925e-02
2.179751247167587280e-01
2.720976807177066803e-02
-2.144245244562625885e-02
4.834905266761779785e-02
-2.502341009676456451e-02
1.266217827796936035e-01
7.678257673978805542e-02
7.612601853907108307e-03
-6.083712726831436157e-02
-1.853947341442108154e-02
-4.648848995566368103e-02
-9.991317987442016602e-03
-1.533650457859039307e-01
-2.951971627771854401e-02
4.769299551844596863e-02
-5.360305309295654297e-03
1.211665645241737366e-01
4.187921434640884399e-02
1.250869631767272949e-01
-4.940924048423767090e-02
-1.497461050748825073e-01
-1.340564042329788208e-01
-3.302302211523056030e-02
-2.559880353510379791e-02
3.658514842391014099e-02
-6.440318375825881958e-02
-1.085528358817100525e-02
-1.676579713821411133e-01
7.258686423301696777e-02
-2.481099218130111694e-02
3.508527576923370361e-02
-7.318206876516342163e-02
2.507934346795082092e-02
8.934757858514785767e-02
-1.375204920768737793e-01
-4.511576518416404724e-02
