-5.602399352937936783e-03
1.226756125688552856e-01
-4.904121160507202148e-02
6.183550879359245300e-02
-1.272684037685394287e-01
1.008570417761802673e-01
3.091439232230186462e-02
-7.982232421636581421e-02
6.965109705924987793e-02
-8.241125941276550293e-02
-1.305678784847259521e-01
-7.623059675097465515e-03
2.689504623413085938e-02
-1.765559315681457520e-01
1.030659526586532593e-01
3.361790999770164490e-02
-2.333620376884937286e-02
-3.288630023598670959e-02
4.962804168462753296e-02
5.793667584657669067e-02
1.219049990177154541e-01
-1.715522818267345428e-02
-9.549972414970397949e-02
-6.422741711139678955e-02
7.375246845185756683e-03
-4.567551240324974060e-02
1.463017016649246216e-01
-1.443389654159545898e-01
1.042475644499063492e-02
4.402851313352584839e-02
1.121768653392791748e-01
5.926095694303512573e-02
-1.027836725115776062e-01
3.434779867529869080e-02
-1.241238554939627647e-03
-1.025464087724685669e-01
-5.977639183402061462e-02
-2.283947169780731201e-01
7.173684239387512207e-02
2.540574036538600922e-02
1.144620939157903194e-03
1.830827631056308746e-02
6.046058237552642822e-02
-4.996139556169509888e-02
4.518534522503614426e-03
1.369284689426422119e-01
1.214308384805917740e-02
1.574041321873664856e-02
-4.320160020142793655e-03
-1.138149425387382507e-01
-1.506651472300291061e-02
1.887056529521942139e-01
3.046918660402297974e-02
-7.360309362411499023e-02
-3.852483928203582764e-01
1.151072606444358826e-02
1.282733585685491562e-02
-8.258521556854248047e-02
-9.206412732601165771e-02
1.027620732784271240e-01
7.392948865890502930e-02
-6.414151936769485474e-02
1.037246510386466980e-01
-1.391454041004180908e-02
1.152099817991256714e-01
7.912714034318923950e-02
1.401196420192718506e-01
-1.638893410563468933e-02
4.185773804783821106e-02
-1.447361242026090622e-02
1.260972619056701660e-01
3.006685674190521240e-01
-6.637568771839141846e-02
-1.048535555601119995e-01
1.048422530293464661e-01
2.665646560490131378e-02
-4.856577143073081970e-02
-1.788337826728820801e-01
-1.593996584415435791e-02
1.029381453990936279e-01
1.131966710090637207e-01
-1.993397623300552368e-01
7.612347602844238281e-02
7.659067865461111069e-03
1.032554730772972107e-01
8.603144437074661255e-02
-3.923282027244567871e-02
-2.200150787830352783e-01
1.106654480099678040e-01
-2.712353691458702087e-02
2.013989258557558060e-03
2.308430150151252747e-02
-1.286741197109222412e-01
5.745073407888412476e-02
1.980997994542121887e-02
-7.008215785026550293e-02
-9.367971122264862061e-02
1.340212821960449219e-01
-1.358588784933090210e-01
6.416656076908111572e-02
-7.967960834503173828e-02
-1.586736142635345459e-01
3.165964270010590553e-03
-1.794359087944030762e-01
1.547751277685165405e-01
5.387615039944648743e-02
-4.286475479602813721e-02
-1.475688368082046509e-01
-3.931745141744613647e-02
-3.987652435898780823e-02
-6.246095150709152222e-02
6.825488060712814331e-02
-1.213510558009147644e-01
6.606164854019880295e-03
-8.087304979562759399e-02
-8.700960129499435425e-02
-7.680691033601760864e-02
-3.359454125165939331e-02
6.370131671428680420e-02
-8.038512617349624634e-02
