3.125573974102735519e-03
1.563781797885894775e-01
-8.944999426603317261e-02
-1.426046900451183319e-02
1.291235983371734619e-01
2.350109368562698364e-01
7.636026293039321899e-02
-6.032609939575195312e-02
-1.375822629779577255e-02
1.262256354093551636e-01
-8.092664927244186401e-02
1.000420898199081421e-01
1.072653532028198242e-01
2.937957830727100372e-02
-8.294717222452163696e-02
-3.686191141605377197e-02
-1.818897724151611328e-01
-3.772280737757682800e-02
-3.315880149602890015e-02
9.180552512407302856e-02
-1.005587633699178696e-02
-1.693060398101806641e-01
-3.613043576478958130e-02
3.688343986868858337e-02
-3.156023472547531128e-02
1.067051896825432777e-03
6.571672111749649048e-02
-1.018146052956581116e-01
-4.179511964321136475e-02
6.361377239227294922e-02
4.357302188873291016e-02
-2.731445729732513428e-01
-6.751622259616851807e-02
6.519852578639984131e-02
1.078366674482822418e-02
1.999207288026809692e-01
2.217715531587600708e-01
-1.055411845445632935e-01
7.885668426752090454e-02
6.968698650598526001e-02
-6.930762529373168945e-02
-7.663386315107345581e-02
-3.124303743243217468e-02
-6.144487997516989708e-04
-4.160233214497566223e-02
-2.073373794555664062e-01
4.904229193925857544e-02
-9.730008989572525024e-02
-8.637554943561553955e-02
-1.181272789835929871e-01
2.091375738382339478e-02
-1.468743849545717239e-02
-3.778316825628280640e-02
7.343021035194396973e-02
2.530268393456935883e-02
4.901507124304771423e-02
-5.404382012784481049e-03
7.134246081113815308e-02
-1.066585630178451538e-01
-1.004636064171791077e-01
-9.397207945585250854e-02
9.716695547103881836e-02
-2.103213919326663017e-03
1.464065760374069214e-01
-2.783501446247100830e-01
5.571478232741355896e-02
1.053070500493049622e-01
2.418113350868225098e-01
3.693888336420059204e-02
-9.918747842311859131e-02
-7.135143969208002090e-03
-3.456950187683105469e-02
-1.062316298484802246e-01
2.827067673206329346e-02
-5.191588774323463440e-02
-1.134452372789382935e-01
-2.049624547362327576e-02
1.068323105573654175e-02
-1.187492534518241882e-01
-6.903462111949920654e-02
-7.961404509842395782e-03
2.736767940223217010e-02
2.904846705496311188e-02
-1.773878186941146851e-01
4.789641126990318298e-02
-7.944022119045257568e-02
1.460260245949029922e-02
1.858704164624214172e-02
-1.123478189110755920e-01
1.411604136228561401e-01
-7.204636186361312866e-02
4.031268879771232605e-02
1.386482268571853638e-01
1.953568123281002045e-02
-4.903406836092472076e-03
-3.387489914894104004e-02
6.468266248703002930e-02
-8.906280249357223511e-02
1.198906451463699341e-01
7.058776915073394775e-02
-2.053687721490859985e-02
-4.999555274844169617e-02
4.483557492494583130e-02
-9.077221900224685669e-02
1.546934098005294800e-01
-2.947606705129146576e-02
1.602468788623809814e-01
-3.933003172278404236e-02
-1.415734589099884033e-01
-7.346660643815994263e-02
-1.592806130647659302e-01
-3.551009669899940491e-02
6.224007159471511841e-02
4.280070587992668152e-02
7.136254757642745972e-02
4.247965663671493530e-02
7.919180206954479218e-03
-9.015350788831710815e-02
-3.758552251383662224e-03
-1.543689817190170288e-01
