2.866453491151332855e-02
-3.997446969151496887e-02
-7.516394834965467453e-03
-1.297108642756938934e-02
-2.272930443286895752e-01
8.250577002763748169e-02
-1.631685793399810791e-01
1.268097311258316040e-01
9.925302118062973022e-02
5.860808119177818298e-02
-6.423053890466690063e-02
9.392931824550032616e-04
6.033119559288024902e-02
-1.246184483170509338e-02
9.986703842878341675e-02
1.149412244558334351e-01
-1.823537200689315796e-01
-7.864137180149555206e-03
-3.984824195504188538e-02
1.004029065370559692e-01
2.187295854091644287e-01
2.126797474920749664e-02
-3.794532269239425659e-02
6.620495021343231201e-02
-4.835960641503334045e-02
6.030746549367904663e-02
2.160016298294067383e-01
-4.523422569036483765e-02
5.926834419369697571e-02
1.247640466317534447e-03
-2.770990133285522461e-01
1.218139231204986572e-01
6.842394173145294189e-02
1.190551789477467537e-03
-1.473641693592071533e-01
1.880797147750854492e-01
-1.578749041073024273e-03
1.661410629749298096e-01
1.525105386972427368e-01
5.614277441054582596e-03
-1.530474275350570679e-01
-6.692586839199066162e-02
2.655138261616230011e-02
5.359480157494544983e-02
1.231220215559005737e-01
-1.742504835128784180e-01
6.217180937528610229e-02
-1.809855252504348755e-01
-6.141858175396919250e-02
1.437874585390090942e-01
1.927314847707748413e-01
-5.694663152098655701e-02
3.168705850839614868e-02
-1.345839947462081909e-01
-9.100291132926940918e-02
-1.414343118667602539e-01
-1.644578948616981506e-02
-1.204039603471755981e-01
-4.862716048955917358e-02
2.855598554015159607e-02
1.695808619260787964e-01
2.309970557689666748e-02
1.240195184946060181e-01
1.277322620153427124e-01
1.885249018669128418e-01
-1.010924950242042542e-01
-4.931782558560371399e-02
-5.900780111551284790e-02
4.393696039915084839e-02
-2.241282723844051361e-02
-7.264038175344467163e-02
-1.613264158368110657e-02
2.841196395456790924e-02
-6.386476010084152222e-02
8.183866739273071289e-02
-5.193451792001724243e-02
-1.326000317931175232e-02
-5.335815250873565674e-02
-3.193619102239608765e-02
-1.982140541076660156e-02
-9.678468108177185059e-02
3.884031251072883606e-02
-1.197537034749984741e-01
-5.378583446145057678e-02
1.335322111845016479e-01
-2.422938309609889984e-02
-1.722741872072219849e-01
-1.374849379062652588e-01
2.975340560078620911e-02
-5.939080566167831421e-02
7.944247871637344360e-02
-3.410602733492851257e-02
1.357370018959045410e-01
2.551120519638061523e-02
-3.679745644330978394e-02
-7.808540016412734985e-02
3.225431591272354126e-02
5.893769487738609314e-02
-6.924732122570276260e-03
1.540663987398147583e-01
1.286734938621520996e-01
1.739271283149719238e-01
9.723346680402755737e-02
1.119193434715270996e-01
-4.085913300514221191e-02
7.420020643621683121e-03
-6.281169503927230835e-02
1.779600977897644043e-01
-1.997650563716888428e-01
-8.231522887945175171e-02
4.917052760720252991e-02
-2.005882188677787781e-02
1.220644339919090271e-01
-7.143659517168998718e-03
-3.688674420118331909e-02
-6.376498192548751831e-02
-4.239600896835327148e-02
-7.812203839421272278e-03
-5.144248530268669128e-02
-9.753614664077758789e-03
