4.337764531373977661e-02
1.251981314271688461e-02
1.154974196106195450e-02
1.367976516485214233e-01
1.426177769899368286e-01
6.595864426344633102e-03
2.152138501405715942e-01
-9.489755146205425262e-03
1.104435920715332031e-01
-3.098142147064208984e-02
1.006342098116874695e-01
2.805058658123016357e-02
-1.555188745260238647e-01
5.107964947819709778e-02
-9.481167793273925781e-02
1.617065519094467163e-01
5.981046706438064575e-02
7.151351124048233032e-02
-1.336472481489181519e-01
6.096952781081199646e-02
4.909051582217216492e-02
9.524589776992797852e-02
1.204624772071838379e-01
2.569721080362796783e-02
8.475336432456970215e-02
-6.209210306406021118e-02
7.326700538396835327e-02
-7.830562442541122437e-02
2.280078828334808350e-02
-2.961198985576629639e-02
1.168378219008445740e-01
-3.611258789896965027e-02
-2.350950241088867188e-01
8.949505165219306946e-03
-2.394071547314524651e-03
-1.262253224849700928e-01
9.962119162082672119e-02
3.160224063321948051e-03
8.076531440019607544e-02
1.470069140195846558e-01
5.755953118205070496e-02
-1.482689840486273170e-04
-1.255161911249160767e-01
7.115521281957626343e-02
-4.521673172712326050e-02
-2.509709000587463379e-01
-5.125699192285537720e-02
9.964979439973831177e-02
-8.011809736490249634e-02
-2.256516516208648682e-01
-6.060151010751724243e-02
8.476874977350234985e-02
8.233904838562011719e-02
1.903108805418014526e-01
-1.393553614616394043e-01
-3.125785663723945618e-02
-2.168077081441879272e-01
7.062896341085433960e-02
1.452647615224123001e-02
-1.402184665203094482e-01
9.219759702682495117e-02
-1.240909472107887268e-01
-9.659560769796371460e-02
1.316318660974502563e-01
6.543090101331472397e-03
-9.251654148101806641e-02
4.601907357573509216e-02
3.701376542448997498e-02
-5.349873378872871399e-02
-4.726500064134597778e-02
1.795834861695766449e-02
5.946359783411026001e-02
1.241224557161331177e-01
1.600834541022777557e-02
-1.821324527263641357e-01
9.803624451160430908e-02
-3.262231498956680298e-02
1.400352455675601959e-02
-9.616658091545104980e-02
-5.666755512356758118e-02
-2.626618444919586182e-01
-7.512269169092178345e-02
-1.964067667722702026e-02
-1.062121521681547165e-02
-1.212698221206665039e-01
-7.658912334591150284e-03
7.020931690931320190e-02
4.007163271307945251e-02
-1.433511823415756226e-02
-4.870530962944030762e-02
2.665045261383056641e-01
1.579846441745758057e-01
-1.689055711030960083e-01
4.403017926961183548e-03
-4.008763656020164490e-02
2.568006888031959534e-02
-1.304596196860074997e-02
-6.890151649713516235e-02
-2.941143326461315155e-02
-4.852037131786346436e-02
1.602610051631927490e-01
1.642929613590240479e-01
2.439621649682521820e-02
1.295334547758102417e-01
-6.794480979442596436e-02
-5.105608701705932617e-02
-4.217506572604179382e-02
-2.395432740449905396e-01
-1.144867762923240662e-01
1.509692072868347168e-01
8.638387173414230347e-02
-3.286102414131164551e-02
2.947345189750194550e-02
1.295933574438095093e-01
7.216788083314895630e-02
-5.953149124979972839e-02
-1.040494069457054138e-01
-2.201432734727859497e-01
1.318531036376953125e-01
-7.520058751106262207e-02
