6.260599195957183838e-02
-1.092487499117851257e-01
5.215553566813468933e-02
5.144207738339900970e-03
-6.024431064724922180e-02
6.316393613815307617e-02
-9.094204753637313843e-02
-3.864756226539611816e-02
1.493104845285415649e-01
2.388637140393257141e-02
-2.849109470844268799e-02
6.660488247871398926e-02
7.197964191436767578e-02
4.495170433074235916e-03
-6.492643058300018311e-02
-6.095195561647415161e-02
7.529411464929580688e-02
-1.582968682050704956e-01
-6.549281999468803406e-03
2.019368857145309448e-01
-1.551736146211624146e-01
1.262788623571395874e-01
-8.882041089236736298e-03
-2.181841582059860229e-01
2.216645888984203339e-02
-5.756887793540954590e-02
-3.385864198207855225e-02
5.008715018630027771e-02
-5.095658823847770691e-02
2.818661741912364960e-02
-6.753096822649240494e-03
2.855697646737098694e-03
2.784987352788448334e-02
1.006673201918601990e-01
-1.659770458936691284e-01
5.599166080355644226e-02
-1.388743966817855835e-01
-1.160004884004592896e-01
1.889585554599761963e-01
-4.927145317196846008e-02
-1.907667964696884155e-01
-8.118858188390731812e-02
-7.472931873053312302e-03
-2.088016457855701447e-02
1.278561167418956757e-02
1.187250763177871704e-01
1.470655016601085663e-02
-7.172728329896926880e-02
-4.801374673843383789e-02
-7.640873640775680542e-02
-9.506915695965290070e-03
2.039817124605178833e-01
-3.459331393241882324e-02
3.235282376408576965e-02
1.451582182198762894e-02
-1.223220229148864746e-01
-6.993842869997024536e-02
2.740739658474922180e-02
-4.265427216887474060e-02
2.386883366852998734e-03
6.791540235280990601e-02
2.647863700985908508e-02
3.754019364714622498e-02
-1.581792831420898438e-01
-1.515111606568098068e-02
-2.527035474777221680e-01
9.329437464475631714e-02
-5.356855690479278564e-03
3.830303251743316650e-02
8.541675657033920288e-02
9.004421532154083252e-02
-8.821998536586761475e-02
-1.018571183085441589e-01
2.006597965955734253e-01
-1.789535880088806152e-01
-4.859847947955131531e-02
-4.269443452358245850e-02
-2.351015061140060425e-02
-9.330304712057113647e-02
8.788590878248214722e-02
-1.128335520625114441e-01
7.179803680628538132e-03
-1.122886687517166138e-01
4.056456312537193298e-02
6.745105143636465073e-03
5.706803873181343079e-02
-7.131404429674148560e-02
-9.533994831144809723e-03
7.845541089773178101e-02
-6.765477359294891357e-02
-1.099499687552452087e-01
-9.639868140220642090e-02
-6.677175313234329224e-02
2.769949100911617279e-02
7.532549649477005005e-02
-6.712635979056358337e-03
-1.119722276926040649e-01
-2.128394693136215210e-02
5.782895907759666443e-02
-2.043839357793331146e-02
-1.501192003488540649e-01
-1.079118344932794571e-02
5.620028451085090637e-02
-2.909182570874691010e-02
-9.269832819700241089e-02
-1.002413257956504822e-01
-1.731691658496856689e-01
-1.143890023231506348e-01
-8.352697640657424927e-02
7.767651230096817017e-02
9.605620801448822021e-02
-3.078138642013072968e-02
-1.309035867452621460e-01
-5.629428848624229431e-02
-1.370533555746078491e-02
8.113092929124832153e-02
1.090506091713905334e-01
6.636358052492141724e-02
-1.362823136150836945e-02
1.066862270236015320e-01
