1.925463676452636719e-01
-2.543316688388586044e-03
5.056245997548103333e-02
3.105835616588592529e-02
-9.499862045049667358e-02
-4.331394564360380173e-03
1.188537664711475372e-02
-1.946402527391910553e-02
-1.403934210538864136e-01
-1.352914888411760330e-02
1.109236269257962704e-03
-1.414543241262435913e-01
4.533856734633445740e-02
-1.211994513869285583e-01
2.460392266511917114e-01
1.004257705062627792e-02
1.914640772156417370e-03
-8.759634941816329956e-02
6.451436132192611694e-02
-3.117657499387860298e-03
-4.299582168459892273e-02
1.708414219319820404e-02
3.225219622254371643e-02
-1.054280325770378113e-01
1.847307384014129639e-02
4.383890703320503235e-02
-3.154535591602325439e-02
-2.780477702617645264e-01
3.261532634496688843e-02
4.734408482909202576e-02
-7.962393015623092651e-02
3.450213000178337097e-02
4.413586482405662537e-02
-9.613318741321563721e-02
4.835236817598342896e-03
-2.876834943890571594e-02
-6.142910197377204895e-02
9.723924845457077026e-02
1.245194226503372192e-01
2.548746466636657715e-01
1.910647004842758179e-01
1.428716778755187988e-01
5.754394084215164185e-02
1.302460432052612305e-01
-1.867125779390335083e-01
2.835037745535373688e-02
5.265036225318908691e-02
8.805631846189498901e-02
1.444233655929565430e-01
3.053340874612331390e-02
9.328652173280715942e-02
-1.110602244734764099e-01
5.226726643741130829e-04
6.774406414479017258e-03
-1.012564897537231445e-01
-1.603105217218399048e-01
4.674091935157775879e-02
-1.200460419058799744e-01
1.531910598278045654e-01
-9.944480657577514648e-02
-3.982149437069892883e-02
4.916099458932876587e-02
-1.431047767400741577e-01
1.839944422245025635e-01
-1.392247825860977173e-01
-2.315569482743740082e-02
-4.929460957646369934e-02
-4.165932536125183105e-03
-2.766959182918071747e-02
1.260123103857040405e-01
-4.592008888721466064e-02
-3.516745567321777344e-02
5.216175317764282227e-02
-2.167662791907787323e-02
5.804875399917364120e-03
-1.751073822379112244e-02
-1.511736661195755005e-01
1.465848088264465332e-01
2.799422852694988251e-02
1.166023537516593933e-01
5.528477579355239868e-02
-9.369496256113052368e-03
-6.454780697822570801e-02
-1.376110911369323730e-01
1.453406363725662231e-01
8.847381919622421265e-02
7.443767040967941284e-02
-4.944126307964324951e-02
1.346566677093505859e-01
9.319674223661422729e-02
-6.002348661422729492e-02
-8.462449163198471069e-02
1.241258531808853149e-01
6.227044016122817993e-02
-3.206287277862429619e-03
8.896001428365707397e-02
-1.076377648860216141e-02
-2.026734175160527229e-03
3.887472674250602722e-02
1.043745800852775574e-01
-1.521372646093368530e-01
1.998499482870101929e-01
-1.045524999499320984e-01
1.112241372466087341e-01
-3.231630101799964905e-02
-7.091301959007978439e-03
-1.145662218332290649e-01
9.912299364805221558e-02
5.050691962242126465e-02
1.435930933803319931e-02
-6.478063017129898071e-02
2.272798269987106323e-01
1.115533933043479919e-01
2.722280658781528473e-02
-2.285525649785995483e-01
-5.324697121977806091e-02
-9.729012101888656616e-02
-1.768412254750728607e-02
1.572503447532653809e-01
3.295642882585525513e-02
