-8.573169261217117310e-02
2.860905788838863373e-02
-1.726989634335041046e-03
-5.210987851023674011e-02
-1.173157542943954468e-01
1.120085045695304871e-01
6.781893968582153320e-02
-1.539850682020187378e-01
-1.009976714849472046e-01
-1.080899164080619812e-01
-1.120676323771476746e-01
-5.666400492191314697e-02
-9.088506922125816345e-03
-3.527823090553283691e-02
-2.102905064821243286e-01
4.782130941748619080e-02
-3.047991171479225159e-02
1.834918558597564697e-02
6.643880158662796021e-03
-1.791229099035263062e-02
-5.062879994511604309e-02
-1.737050265073776245e-01
-9.257508814334869385e-02
3.898754343390464783e-02
-9.391811909154057503e-04
-9.411698579788208008e-02
1.069798469543457031e-01
-1.094117909669876099e-01
-6.854677945375442505e-02
-9.395051747560501099e-02
2.653454244136810303e-01
-2.023441717028617859e-02
-3.145008534193038940e-02
6.348896306008100510e-03
-1.383044850081205368e-02
-2.887016721069812775e-02
7.112093269824981689e-02
-6.759350001811981201e-02
5.152715742588043213e-02
1.003459617495536804e-01
-8.039280772209167480e-03
2.344096079468727112e-02
1.083130016922950745e-02
7.567115128040313721e-02
-1.091900765895843506e-01
5.780336796306073666e-04
2.604594267904758453e-02
1.306101381778717041e-01
-6.985899060964584351e-02
2.980697713792324066e-02
-1.866845786571502686e-02
1.564745903015136719e-01
-1.761269122362136841e-01
-1.043931618332862854e-01
-6.862227618694305420e-02
6.800203770399093628e-02
7.044921815395355225e-02
2.942079491913318634e-02
1.608343869447708130e-01
-5.608137696981430054e-02
-8.292005956172943115e-02
-1.946165710687637329e-01
-1.795745044946670532e-01
4.748658090829849243e-02
7.658331096172332764e-02
-1.695754379034042358e-01
-3.397557511925697327e-02
2.545830793678760529e-03
7.434388250112533569e-02
8.986204862594604492e-02
1.557243019342422485e-01
-7.039297372102737427e-02
2.045931071043014526e-01
-5.542887374758720398e-02
-1.395531743764877319e-02
-3.271268680691719055e-02
5.403145775198936462e-02
-8.576007932424545288e-02
-2.956924140453338623e-01
-1.076516732573509216e-01
1.252244114875793457e-01
1.038857027888298035e-01
-8.840060792863368988e-03
1.183618791401386261e-02
-6.374958902597427368e-02
-1.061538383364677429e-01
1.229317411780357361e-01
-1.623180508613586426e-01
-1.428048461675643921e-01
6.702057272195816040e-02
2.010585814714431763e-01
-1.762877255678176880e-01
4.453466087579727173e-02
1.647410541772842407e-01
2.544021606445312500e-01
2.192119508981704712e-02
-6.826364248991012573e-02
-8.021695166826248169e-02
-1.185749694705009460e-01
8.672617375850677490e-02
-1.197746023535728455e-01
-9.770475327968597412e-02
-5.811008065938949585e-02
5.056030349805951118e-04
1.430555582046508789e-01
-2.943013608455657959e-01
-3.536004573106765747e-02
-2.257624082267284393e-02
1.991084069013595581e-01
-7.505622506141662598e-02
-6.587211042642593384e-02
2.064350247383117676e-02
1.020103506743907928e-02
-1.406939625740051270e-01
7.755324989557266235e-02
6.903833150863647461e-02
-9.839899837970733643e-02
1.092133745551109314e-01
9.359157830476760864e-02
1.381752360612154007e-02
