-1.753264665603637695e-01
-8.091244101524353027e-02
-1.839200854301452637e-01
9.647071361541748047e-02
-1.305130720138549805e-01
1.410454362630844116e-01
2.123214453458786011e-01
1.644604653120040894e-01
-1.099452078342437744e-01
-1.015913709998130798e-01
1.864087134599685669e-01
-1.428383216261863708e-02
3.873130679130554199e-02
2.112956345081329346e-02
-5.402907729148864746e-02
-2.852011844515800476e-02
6.612694705836474895e-04
9.396358579397201538e-02
-6.962901353836059570e-02
-4.727743566036224365e-02
-3.441513329744338989e-02
-1.093653962016105652e-01
-1.433974653482437134e-01
-8.261406421661376953e-02
-2.290064096450805664e-01
4.671781137585639954e-02
8.536957204341888428e-03
-1.236275807023048401e-01
7.589054852724075317e-02
-1.435693949460983276e-01
3.324489295482635498e-02
-2.866256609559059143e-02
9.357301145792007446e-02
-2.251202054321765900e-02
1.207067146897315979e-01
1.055354923009872437e-01
-6.496208254247903824e-03
3.573219850659370422e-02
-1.998744010925292969e-01
6.083370652049779892e-03
4.944597184658050537e-02
1.233462989330291748e-01
-3.734270110726356506e-02
6.359119713306427002e-02
-4.223532974720001221e-02
-1.014155596494674683e-01
-1.240227092057466507e-02
-5.758857727050781250e-02
-9.342937916517257690e-02
-5.888225510716438293e-02
9.899300336837768555e-02
8.422560244798660278e-02
1.543747484683990479e-01
1.106908842921257019e-01
2.285751551389694214e-01
-7.356426864862442017e-02
-4.743527248501777649e-02
-2.802719734609127045e-02
1.038006469607353210e-01
-4.944487661123275757e-02
1.364638563245534897e-02
-5.641009286046028137e-02
5.696808174252510071e-02
2.060237377882003784e-01
3.719875961542129517e-02
1.037585660815238953e-01
3.959709778428077698e-02
-1.363234873861074448e-02
5.593975260853767395e-02
9.993394836783409119e-03
-1.700154691934585571e-01
-1.474449783563613892e-01
1.199475154280662537e-01
9.425216913223266602e-02
-1.320382300764322281e-02
4.625912010669708252e-02
-6.389214843511581421e-02
2.837938442826271057e-02
-4.952591285109519958e-02
-5.563652142882347107e-02
-9.477805346250534058e-02
-8.355683088302612305e-02
-2.866054512560367584e-02
-1.131423711776733398e-01
-8.731542527675628662e-02
1.049480959773063660e-01
1.855260692536830902e-02
3.978763520717620850e-02
7.401449978351593018e-02
1.205647811293601990e-01
-9.913228452205657959e-02
-2.857434563338756561e-02
5.932272225618362427e-02
3.253168240189552307e-02
1.447213441133499146e-01
8.092400431632995605e-02
9.653458371758460999e-03
-7.368597388267517090e-02
1.368930190801620483e-01
4.537495970726013184e-02
-1.946952939033508301e-02
-2.547087520360946655e-02
1.385503560304641724e-01
2.619805932044982910e-02
-9.700055420398712158e-02
2.390831150114536285e-02
9.973141551017761230e-02
5.901953205466270447e-02
9.132550098001956940e-03
-1.932697147130966187e-01
-9.098773822188377380e-03
5.934397503733634949e-02
-1.197309494018554688e-01
-4.957029968500137329e-02
8.360353857278823853e-02
-3.158561512827873230e-02
3.524249792098999023e-02
-1.791045516729354858e-01
-7.840842008590698242e-02
6.819989532232284546e-02
