-2.381282672286033630e-02
-6.579095125198364258e-02
1.069943606853485107e-01
-7.804491370916366577e-02
-6.404278427362442017e-02
-7.671279832720756531e-03
-1.620630025863647461e-01
-1.432920992374420166e-01
5.675486847758293152e-02
-2.278287149965763092e-02
-3.048834204673767090e-02
-9.719984978437423706e-02
7.590133463963866234e-04
6.483747065067291260e-02
-8.782441914081573486e-02
-1.088355332612991333e-01
-1.392888277769088745e-01
-4.568135738372802734e-02
4.835001006722450256e-02
4.480135068297386169e-02
-2.227739803493022919e-02
2.845323458313941956e-02
1.178614571690559387e-01
2.585136890411376953e-02
-3.993097320199012756e-02
-2.803511358797550201e-02
-1.519477963447570801e-01
1.823866218328475952e-01
-4.005675762891769409e-02
-1.254459470510482788e-01
6.015469133853912354e-02
-1.589429378509521484e-01
-8.506528288125991821e-02
1.658486723899841309e-01
9.113531559705734253e-02
-1.046352759003639221e-01
-1.469125449657440186e-01
-3.133619576692581177e-02
-2.328487671911716461e-02
-1.511846333742141724e-01
1.487499009817838669e-02
7.101688534021377563e-02
1.717950101010501385e-03
-5.049486085772514343e-02
-8.828445523977279663e-02
2.196521684527397156e-02
6.424614042043685913e-02
1.710685342550277710e-01
-6.081466749310493469e-02
8.595008403062820435e-02
-2.541938982903957367e-02
-1.215194910764694214e-02
4.970566555857658386e-02
-4.063449054956436157e-02
-6.074370816349983215e-02
-2.042144909501075745e-02
1.221002191305160522e-01
1.698438823223114014e-01
-3.397168591618537903e-02
-1.023934688419103622e-02
-6.779584102332592010e-03
1.024354398250579834e-01
-1.086192354559898376e-01
8.592688292264938354e-02
-2.391302213072776794e-02
-6.479329615831375122e-02
-1.630067080259323120e-01
1.872052997350692749e-02
4.571961984038352966e-02
-4.730488732457160950e-02
-5.538830161094665527e-02
-3.686800971627235413e-02
-7.355800271034240723e-02
6.490474939346313477e-02
7.138245552778244019e-02
6.070794910192489624e-02
-1.571432352066040039e-01
-1.684790253639221191e-01
-7.837168127298355103e-02
-9.302615374326705933e-02
-3.941929712891578674e-02
1.090640276670455933e-01
4.146338626742362976e-02
2.031663618981838226e-02
-1.328125745058059692e-01
-1.331461220979690552e-01
2.913390994071960449e-01
6.291592866182327271e-02
1.754130274057388306e-01
-8.152969181537628174e-03
2.698763832449913025e-02
5.442552268505096436e-02
2.339076995849609375e-01
9.467636048793792725e-02
-1.026307120919227600e-01
-5.756162479519844055e-02
7.205733656883239746e-02
-1.313813179731369019e-01
6.999465078115463257e-02
7.643552869558334351e-02
1.121543645858764648e-01
1.210105791687965393e-01
-1.373168081045150757e-01
1.418900787830352783e-01
1.392992138862609863e-01
1.017735674977302551e-01
-2.798313461244106293e-02
-1.780511736869812012e-01
-1.370469480752944946e-02
1.793018132448196411e-01
1.320435106754302979e-02
6.059706956148147583e-02
-4.180907830595970154e-02
2.929018624126911163e-02
-3.387834131717681885e-02
-8.637378364801406860e-02
-2.433880567550659180e-01
-1.772524230182170868e-02
-2.862908877432346344e-02
2.349621430039405823e-02
