8.874425292015075684e-02
-1.219080910086631775e-01
-1.286723557859659195e-02
-4.892617929726839066e-03
1.025153324007987976e-01
-5.118853598833084106e-02
-4.043290391564369202e-02
4.834996536374092102e-02
7.139255106449127197e-02
-1.257135272026062012e-01
-1.405898183584213257e-01
5.438503623008728027e-02
-3.649206086993217468e-02
6.296448409557342529e-02
-1.462873220443725586e-01
3.132293373346328735e-02
1.339103281497955322e-01
1.119704395532608032e-01
-1.532318592071533203e-01
1.093502342700958252e-02
-8.916836231946945190e-02
2.788944169878959656e-02
1.012374088168144226e-01
1.285140216350555420e-02
4.079161584377288818e-02
-1.813445426523685455e-02
-8.071697317063808441e-03
1.201939303427934647e-02
1.114497110247612000e-01
1.755671575665473938e-03
-1.131528392434120178e-01
-1.048437878489494324e-01
9.140627831220626831e-02
3.750982880592346191e-02
3.946720063686370850e-02
9.570129960775375366e-02
2.699210541322827339e-03
1.885516755282878876e-02
1.235372666269540787e-02
-4.722014442086219788e-02
1.473577041178941727e-02
-2.521384693682193756e-02
1.098699774593114853e-02
9.580472484230995178e-03
2.247803471982479095e-02
-6.470230873674154282e-03
-1.141811534762382507e-01
-1.834588684141635895e-02
-2.499605529010295868e-02
-1.026227474212646484e-01
1.620353460311889648e-01
7.437275350093841553e-02
-1.397213190793991089e-01
-5.249844118952751160e-02
3.514714911580085754e-02
1.327668726444244385e-01
1.068430095911026001e-01
1.058373376727104187e-01
-1.229856982827186584e-01
1.938723586499691010e-02
4.404753819108009338e-02
-4.753659293055534363e-02
-5.254850909113883972e-02
1.659157723188400269e-01
7.216221094131469727e-02
5.894175916910171509e-02
-8.280838280916213989e-02
2.445241250097751617e-02
-1.133870631456375122e-01
1.008326187729835510e-02
9.586243331432342529e-02
-1.921779513359069824e-01
1.193859428167343140e-02
8.844705298542976379e-03
3.196520730853080750e-02
4.360731691122055054e-02
1.113120466470718384e-03
1.004708856344223022e-01
-1.377661228179931641e-01
9.143538028001785278e-02
-5.268146470189094543e-02
-8.260591328144073486e-02
9.077777713537216187e-02
-1.055359989404678345e-01
2.003194093704223633e-01
8.515661582350730896e-03
-1.883435994386672974e-02
-2.026110514998435974e-02
-9.327875822782516479e-02
1.129517704248428345e-01
1.374632567167282104e-01
6.249590590596199036e-02
-1.709511131048202515e-01
1.138159558176994324e-01
1.148650422692298889e-01
2.401360273361206055e-01
-3.545904904603958130e-02
-1.862554810941219330e-02
1.986112892627716064e-01
1.019621714949607849e-01
-1.535418350249528885e-02
-1.346121579408645630e-01
-1.628860644996166229e-02
-3.262522071599960327e-02
-1.081032082438468933e-01
-3.279549255967140198e-02
1.157561466097831726e-01
5.949639156460762024e-02
7.175405323505401611e-02
-1.237224116921424866e-01
-2.431998699903488159e-01
-1.598888486623764038e-01
-1.879351562820374966e-03
3.570036217570304871e-02
-5.799933522939682007e-02
2.419531159102916718e-02
5.630280449986457825e-02
-8.347806334495544434e-02
-2.289255894720554352e-02
6.618987768888473511e-02
