-1.565605215728282928e-02
-9.533338993787765503e-02
-7.907836697995662689e-03
1.256439536809921265e-01
-1.278717964887619019e-01
-1.461424231529235840e-01
3.876854851841926575e-02
-6.781346350908279419e-02
-2.394556440412998199e-02
-7.989716529846191406e-02
7.324359565973281860e-02
-1.800306290388107300e-01
-2.800338901579380035e-02
-8.897306770086288452e-02
8.163190633058547974e-02
-1.027284488081932068e-01
6.347862072288990021e-03
-2.117345295846462250e-02
1.862877421081066132e-02
-1.304964870214462280e-01
6.920640915632247925e-02
-4.179158713668584824e-03
-1.531825959682464600e-01
3.396807238459587097e-02
-1.277267038822174072e-01
-1.815156191587448120e-01
1.216041073203086853e-01
4.942530300468206406e-03
1.348345726728439331e-01
9.541595727205276489e-02
2.194360457360744476e-02
1.637297868728637695e-01
3.194434568285942078e-02
1.559754181653261185e-02
1.778011620044708252e-01
-4.735341668128967285e-02
8.667742460966110229e-02
-2.600804204121232033e-03
2.240523844957351685e-01
-1.611241512000560760e-02
2.344270795583724976e-01
1.234762221574783325e-01
-8.422872982919216156e-03
1.888984255492687225e-02
-2.119305543601512909e-02
-1.222450956702232361e-01
3.214669122826308012e-04
4.817379638552665710e-02
6.317688524723052979e-02
-5.527613312005996704e-02
-9.701889008283615112e-02
-4.361619357950985432e-04
8.274035900831222534e-02
-2.191140875220298767e-02
-1.382997930049896240e-01
6.473085284233093262e-02
6.980117410421371460e-02
1.405050903558731079e-01
1.573120206594467163e-01
-2.092721126973628998e-02
2.163406610488891602e-01
-2.144032567739486694e-01
1.067310199141502380e-01
-1.198136806488037109e-01
-1.525668799877166748e-01
5.637767538428306580e-02
2.603126503527164459e-02
1.210967898368835449e-01
6.490577757358551025e-02
-1.735003739595413208e-01
9.196932613849639893e-02
-2.143525145947933197e-02
-7.435302436351776123e-02
2.933880500495433807e-02
-1.836181245744228363e-02
-2.424151450395584106e-01
1.981171667575836182e-01
-2.868365310132503510e-02
-1.090436335653066635e-02
3.381998091936111450e-02
-1.850862354040145874e-01
7.286159694194793701e-02
3.771940991282463074e-02
8.255185931921005249e-02
1.080638691782951355e-01
-3.191210702061653137e-02
-2.671199105679988861e-02
3.179654851555824280e-02
-3.119686841964721680e-01
-5.170511081814765930e-02
6.925823539495468140e-02
-7.205070555210113525e-02
-9.464681893587112427e-02
-3.342301771044731140e-02
3.189706802368164062e-02
5.918402224779129028e-02
-3.423173353075981140e-02
-1.594649404287338257e-01
-1.717017404735088348e-02
8.239788562059402466e-02
-8.731832355260848999e-02
1.128174886107444763e-01
4.977954179048538208e-02
-4.918682202696800232e-02
2.190044373273849487e-01
-3.416628763079643250e-02
-2.270322665572166443e-02
7.532539218664169312e-02
-1.197705417871475220e-01
1.364755481481552124e-01
-1.399706453084945679e-01
-1.435730885714292526e-02
1.975489258766174316e-01
-5.332891270518302917e-02
1.912208832800388336e-02
6.864328682422637939e-02
5.749303847551345825e-02
-1.031852699816226959e-02
8.692007511854171753e-02
-1.311823576688766479e-01
