-9.721800684928894043e-02
-2.295499108731746674e-02
1.245110109448432922e-02
2.374703586101531982e-01
4.382317513227462769e-02
3.048944845795631409e-02
-8.746210485696792603e-02
9.012721478939056396e-02
-6.385618448257446289e-02
-8.877453207969665527e-02
4.815927147865295410e-02
1.233761310577392578e-01
2.332016453146934509e-02
-9.432659298181533813e-02
-1.841235756874084473e-01
1.831038147211074829e-01
-9.249391406774520874e-02
1.570662558078765869e-01
-2.180479653179645538e-02
-1.881712824106216431e-01
-9.303455054759979248e-02
8.078072965145111084e-02
-4.404918849468231201e-02
1.121651530265808105e-01
-1.249762065708637238e-02
-4.860774427652359009e-02
-8.141007274389266968e-03
1.429924964904785156e-01
-3.782846033573150635e-03
1.506398990750312805e-02
-1.851619221270084381e-03
-4.192924872040748596e-02
-8.304686844348907471e-02
4.012287408113479614e-02
-1.909222267568111420e-02
1.831987127661705017e-02
-6.679822504520416260e-02
3.662533685564994812e-02
-5.261749029159545898e-02
-1.597477346658706665e-01
-2.039775624871253967e-02
-1.435517966747283936e-01
-2.132271528244018555e-01
-9.444692730903625488e-02
-9.437026083469390869e-02
-7.399288564920425415e-02
7.563102245330810547e-02
2.771031297743320465e-02
3.543167933821678162e-02
7.834140211343765259e-02
-1.993128284811973572e-02
1.247393041849136353e-01
3.688078746199607849e-02
-1.456383615732192993e-01
1.324003040790557861e-01
-3.745610266923904419e-02
-1.050255224108695984e-01
7.039149105548858643e-02
2.010020911693572998e-01
6.967938691377639771e-02
1.633516699075698853e-01
-8.226588368415832520e-02
6.222169473767280579e-02
-1.094171591103076935e-02
5.102797970175743103e-02
1.027474999427795410e-01
7.287240773439407349e-02
9.148630499839782715e-02
-6.081884726881980896e-02
-1.145192086696624756e-01
6.569790840148925781e-02
1.799831539392471313e-01
4.474338889122009277e-02
-3.836321830749511719e-02
-8.957891911268234253e-02
1.549016088247299194e-01
-1.939308643341064453e-01
3.720944002270698547e-02
-6.933365017175674438e-02
6.441091001033782959e-02
-1.315036714076995850e-01
-2.365610301494598389e-01
7.048156112432479858e-02
-7.415309548377990723e-02
-3.571538627147674561e-02
-1.551676392555236816e-01
3.568901866674423218e-02
1.050028875470161438e-01
6.307659298181533813e-02
5.740417167544364929e-02
7.003520429134368896e-02
4.104952886700630188e-02
3.242867812514305115e-02
4.068712145090103149e-02
-3.911606222391128540e-02
1.295896917581558228e-01
-1.514854840934276581e-03
1.087101642042398453e-02
-7.044951431453227997e-03
5.743673443794250488e-02
