7.503790548071265221e-04
-3.664885088801383972e-02
-5.555876344442367554e-02
-9.613738395273685455e-03
-1.962333917617797852e-01
-2.835920080542564392e-03
-1.180988848209381104e-01
-1.524320691823959351e-01
2.827278338372707367e-02
-2.186584472656250000e-02
-2.199253737926483154e-01
-4.908293485641479492e-02
-5.689136683940887451e-03
-3.059926815330982208e-02
3.753323853015899658e-02
-7.396211149170994759e-04
8.043367415666580200e-02
-5.920406430959701538e-02
1.196015253663063049e-01
1.279408298432826996e-02
-2.637525796890258789e-01
9.674951434135437012e-02
-6.463330239057540894e-02
-1.969239115715026855e-01
-1.925850659608840942e-02
-1.322442432865500450e-03
6.337142735719680786e-02
1.158706494607031345e-03
5.833558365702629089e-02
7.800081372261047363e-02
-4.844938963651657104e-02
-8.243139833211898804e-02
8.357980288565158844e-03
8.202939480543136597e-02
-1.419103741645812988e-01
-9.863822162151336670e-02
8.164156228303909302e-02
-6.055447086691856384e-02
-1.393622457981109619e-01
-1.583663746714591980e-02
8.647784590721130371e-03
-7.570065092295408249e-03
8.024539798498153687e-02
-2.514607645571231842e-02
-1.076802909374237061e-01
-4.947169125080108643e-02
-1.476476490497589111e-01
4.699062556028366089e-02
7.328100502490997314e-02
-2.319854870438575745e-02
1.491058617830276489e-01
9.783143550157546997e-02
9.598235785961151123e-02
4.659506678581237793e-02
5.514878779649734497e-02
-1.214306131005287170e-01
-8.494231849908828735e-02
3.105607070028781891e-02
1.046976819634437561e-01
-1.510429829359054565e-01
-5.843015387654304504e-02
3.578310459852218628e-02
1.561394780874252319e-01
-1.004238948225975037e-01
1.616265252232551575e-02
-2.867002785205841064e-01
5.993210151791572571e-02
-1.421158611774444580e-01
-5.883233249187469482e-02
1.125835776329040527e-01
2.518991529941558838e-01
1.391658782958984375e-01
5.063290148973464966e-02
-1.611612141132354736e-01
1.002984344959259033e-01
-9.658270515501499176e-03
-1.326967924833297729e-01
-3.076762892305850983e-02
2.506954967975616455e-02
-3.776567755267024040e-03
-4.865724127739667892e-03
4.951374977827072144e-02
1.599078476428985596e-01
9.067567437887191772e-02
-1.103949397802352905e-01
-2.147426158189773560e-01
8.355554193258285522e-03
-1.412066519260406494e-01
5.923528596758842468e-02
-9.122764319181442261e-02
-1.631609946489334106e-01
5.287980288267135620e-02
1.891182512044906616e-01
1.410427391529083252e-01
-2.621554397046566010e-02
1.651844233274459839e-01
-2.053256891667842865e-02
5.190596356987953186e-02
1.146300062537193298e-01
8.257637917995452881e-02
-5.225150287151336670e-02
2.882645232602953911e-03
-1.902109384536743164e-01
4.695739969611167908e-02
7.184368371963500977e-02
-1.108841150999069214e-01
-2.879525162279605865e-02
3.140464425086975098e-01
1.411944627761840820e-02
-4.706894047558307648e-03
2.327341213822364807e-02
-9.823425114154815674e-02
5.061351880431175232e-02
-1.778590530157089233e-01
-3.019542433321475983e-03
-5.383317172527313232e-02
-9.370443411171436310e-03
-3.209707140922546387e-02
-1.680507957935333252e-01
-1.353577226400375366e-01
