-7.121434900909662247e-03
-8.741240948438644409e-02
7.602345198392868042e-02
5.399091914296150208e-02
-1.477369107306003571e-02
4.993641376495361328e-02
6.031503155827522278e-02
-5.351592227816581726e-02
-2.477345019578933716e-01
-3.010823763906955719e-02
-1.260106451809406281e-02
3.574572876095771790e-02
-2.839252725243568420e-02
7.122310250997543335e-02
-7.897005416452884674e-03
-1.999667473137378693e-02
6.030870601534843445e-02
-5.825479701161384583e-02
1.863475292921066284e-01
-1.344794481992721558e-01
1.268205046653747559e-01
-1.182662025094032288e-01
5.466321855783462524e-02
-1.406296063214540482e-02
2.100935280323028564e-01
6.027244497090578079e-03
1.547325849533081055e-01
3.226114511489868164e-01
-1.071769837290048599e-02
4.017868265509605408e-02
1.824269145727157593e-01
-3.147084638476371765e-02
-9.963466227054595947e-02
1.449041217565536499e-01
1.766736060380935669e-02
-8.680407702922821045e-02
4.423271492123603821e-02
1.418351661413908005e-02
-8.672063797712326050e-02
-3.112092614173889160e-03
-2.855260111391544342e-02
5.206128582358360291e-02
-1.369953900575637817e-02
1.641742438077926636e-01
-1.713577471673488617e-02
6.855072081089019775e-02
-3.345636418089270592e-03
-5.578252673149108887e-02
6.574876606464385986e-02
1.742006540298461914e-01
6.504805386066436768e-02
-8.390132337808609009e-02
-2.042602300643920898e-01
-2.426775358617305756e-02
-4.012993723154067993e-02
-9.275011718273162842e-03
-1.308461725711822510e-01
8.442888408899307251e-02
7.543841842561960220e-03
4.543618857860565186e-02
-2.474200911819934845e-02
-5.052896216511726379e-02
3.831025585532188416e-02
2.983133541420102119e-03
1.475563198328018188e-01
5.986937880516052246e-02
-4.983437806367874146e-02
2.868548408150672913e-02
5.903150513768196106e-02
1.138535290956497192e-01
-2.799058333039283752e-02
-1.348778754472732544e-01
-1.049024239182472229e-01
2.241162061691284180e-01
8.331396430730819702e-02
6.643695384263992310e-02
1.535641551017761230e-01
1.306707113981246948e-01
2.199590951204299927e-01
1.192480325698852539e-01
-9.899566881358623505e-03
1.306814253330230713e-01
1.143082752823829651e-01
-3.625867888331413269e-02
-2.423743717372417450e-03
-2.117476984858512878e-02
1.123580858111381531e-01
-2.377610839903354645e-02
5.633179098367691040e-02
-7.585055381059646606e-02
-5.187865719199180603e-02
-1.434688419103622437e-01
-2.413820475339889526e-01
1.861550509929656982e-01
-2.898947000503540039e-01
1.023317724466323853e-01
-1.540240794420242310e-01
1.135505214333534241e-01
-4.325459152460098267e-02
1.896871775388717651e-01
-2.776547335088253021e-02
-5.225479230284690857e-02
-9.191012382507324219e-02
-6.797482073307037354e-02
-5.751786753535270691e-02
8.261162042617797852e-02
-1.545319147408008575e-02
-1.711145887384191155e-04
-2.118789218366146088e-02
-7.123430818319320679e-02
1.449584215879440308e-01
-1.341218203306198120e-01
-7.043134421110153198e-02
-1.522000432014465332e-01
2.885324135422706604e-02
9.219575673341751099e-02
-5.800809338688850403e-02
7.763325423002243042e-02
-1.639039665460586548e-01
-6.903739273548126221e-02
