-1.639485210180282593e-01
1.961300969123840332e-01
1.329801883548498154e-02
2.804164960980415344e-02
1.238388195633888245e-01
-7.721331715583801270e-02
-1.146937832236289978e-01
-1.123386844992637634e-01
9.765773266553878784e-02
-1.914003305137157440e-02
8.323206007480621338e-02
4.858219996094703674e-02
-2.435747161507606506e-02
-1.627439707517623901e-01
1.021960750222206116e-01
-1.096828579902648926e-01
4.537264630198478699e-02
1.208593510091304779e-02
-2.157361060380935669e-01
8.686373382806777954e-02
1.917704939842224121e-01
3.478778526186943054e-02
-2.276653796434402466e-02
-3.587340936064720154e-02
3.321004624012857676e-04
5.108628794550895691e-02
-9.542375802993774414e-02
2.559512853622436523e-01
7.312884926795959473e-02
-3.215660154819488525e-02
-5.784136056900024414e-02
-1.515193432569503784e-01
-6.858833879232406616e-02
-1.036991700530052185e-01
-2.987144328653812408e-02
1.212786063551902771e-01
2.300967462360858917e-02
9.060680121183395386e-02
-2.362763881683349609e-01
-9.552571922540664673e-03
-4.160182923078536987e-02
-5.608471855521202087e-02
2.795552276074886322e-02
1.182485148310661316e-01
7.830193638801574707e-02
5.650823190808296204e-02
9.689364582300186157e-02
7.490893453359603882e-02
-4.671475663781166077e-02
1.148040890693664551e-01
1.278745085000991821e-01
4.704689607024192810e-02
4.964930936694145203e-02
-8.736231178045272827e-02
-4.481412842869758606e-02
-6.534320861101150513e-02
-1.194285899400711060e-01
6.301549077033996582e-02
-8.786650747060775757e-02
-2.576925419270992279e-02
-1.436887979507446289e-01
-6.785719841718673706e-02
-5.576663091778755188e-02
-3.455199673771858215e-02
5.615211278200149536e-02
-1.053308844566345215e-01
7.453200966119766235e-02
1.190199032425880432e-01
-1.502166595309972763e-02
1.109585165977478027e-01
6.667638570070266724e-02
8.111449331045150757e-02
-6.460016220808029175e-02
-1.073278784751892090e-01
1.554498821496963501e-01
1.984194852411746979e-02
-4.569005593657493591e-02
-4.659608937799930573e-03
-6.459848582744598389e-02
4.650505259633064270e-02
-4.388577863574028015e-02
2.119949832558631897e-02
-3.213142976164817810e-02
-7.585892826318740845e-02
1.989063173532485962e-01
-3.227152675390243530e-02
1.069201827049255371e-01
9.571987390518188477e-02
4.689626023173332214e-02
-9.710263460874557495e-02
-1.120891124010086060e-01
4.238086566329002380e-02
3.667615726590156555e-02
-4.992276430130004883e-02
-6.404850631952285767e-02
-1.239204406738281250e-01
-2.785773947834968567e-02
1.207076832652091980e-01
1.747652739286422729e-01
-3.406574130058288574e-01
-8.684393018484115601e-02
-1.671514809131622314e-01
-1.202256046235561371e-02
1.323461085557937622e-01
-3.157335147261619568e-02
-5.818492500111460686e-04
-7.939255982637405396e-02
1.029743775725364685e-01
1.217168290168046951e-02
-1.374867409467697144e-01
-6.688626855611801147e-02
1.145322248339653015e-01
-9.973706677556037903e-03
1.248744037002325058e-02
-3.226302191615104675e-02
-6.266565527766942978e-03
-1.325622852891683578e-02
-2.972036413848400116e-02
-1.928590834140777588e-01
-1.450203210115432739e-01
