-7.789229601621627808e-02
5.275876075029373169e-02
1.518113445490598679e-02
1.003117337822914124e-01
8.887735754251480103e-02
6.849829107522964478e-02
4.411932453513145447e-02
1.097274571657180786e-01
-6.220588833093643188e-02
3.603447228670120239e-02
2.159705609083175659e-01
-8.692487329244613647e-02
7.581582176499068737e-04
2.035807669162750244e-01
-1.177373304963111877e-01
2.135638205800205469e-04
-8.810397982597351074e-02
-3.034119121730327606e-02
-8.074768632650375366e-02
-1.628153622150421143e-01
-1.914990991353988647e-01
-2.846219018101692200e-02
-1.502738893032073975e-01
6.370823830366134644e-03
9.056919068098068237e-02
6.197585538029670715e-02
6.048705894500017166e-03
5.145990755409002304e-03
5.444858595728874207e-02
5.110131576657295227e-02
-1.207588240504264832e-03
1.645770072937011719e-01
1.058259140700101852e-02
8.920543640851974487e-02
8.127199113368988037e-02
-4.493510723114013672e-02
-1.868288218975067139e-01
9.691458940505981445e-02
8.493724465370178223e-02
1.022957265377044678e-02
3.902907669544219971e-02
1.371076703071594238e-01
-2.061494439840316772e-01
-1.500266045331954956e-01
-1.141314022243022919e-02
8.935729041695594788e-03
1.252507269382476807e-01
-1.822640746831893921e-02
7.888331077992916107e-03
9.443850815296173096e-02
-2.665923833847045898e-01
-2.805193960666656494e-01
-1.854822188615798950e-01
3.931533545255661011e-02
-4.663060232996940613e-02
6.027926132082939148e-02
1.147024184465408325e-01
1.896380679681897163e-03
-9.417309612035751343e-02
1.459171529859304428e-02
-5.440103635191917419e-02
-4.770103842020034790e-02
-1.849263720214366913e-02
-8.149439841508865356e-02
-1.145930066704750061e-01
3.278905525803565979e-02
3.272809833288192749e-02
-1.794305145740509033e-01
-9.732907265424728394e-02
7.745520025491714478e-02
3.073098324239253998e-02
-2.057727873325347900e-01
-9.541448205709457397e-02
-4.862776771187782288e-02
-7.874910719692707062e-03
1.229638680815696716e-01
1.233529821038246155e-01
7.098294794559478760e-02
9.787079878151416779e-03
4.239452257752418518e-02
1.361339688301086426e-01
-4.787298664450645447e-02
-2.616559863090515137e-01
-6.984096765518188477e-02
8.525770157575607300e-02
7.964800298213958740e-02
8.404664695262908936e-03
5.631926283240318298e-02
1.057115849107503891e-02
-1.067372784018516541e-01
-1.227208152413368225e-01
5.338726192712783813e-02
5.758430436253547668e-02
2.019912190735340118e-02
5.758068710565567017e-02
4.437282308936119080e-02
4.494293034076690674e-02
2.053646594285964966e-01
4.232127964496612549e-02
1.330976039171218872e-01
-6.443604361265897751e-03
-1.150503978133201599e-01
6.223619729280471802e-02
-4.347632639110088348e-03
1.736303418874740601e-01
-7.835748046636581421e-02
5.063526332378387451e-03
1.021075770258903503e-01
-9.591499716043472290e-02
2.574760094285011292e-02
-9.278474003076553345e-02
-8.597744256258010864e-02
-8.769134432077407837e-02
-1.100010797381401062e-01
7.973281294107437134e-02
9.867333620786666870e-02
1.952116340398788452e-01
4.362708330154418945e-02
1.873129457235336304e-01
2.691997289657592773e-01
