-8.938027918338775635e-02
-3.615969419479370117e-02
-5.477560311555862427e-02
-2.250662893056869507e-01
-1.664211302995681763e-01
2.361442893743515015e-01
-6.519649922847747803e-02
1.026364937424659729e-01
-7.782184402458369732e-04
-2.002403326332569122e-02
-1.445717662572860718e-01
-9.482893347740173340e-02
-4.015392065048217773e-02
-7.728889584541320801e-03
3.132865950465202332e-02
5.178057774901390076e-02
8.691769093275070190e-02
7.402854412794113159e-02
1.224540472030639648e-01
1.413549482822418213e-02
-1.178941950201988220e-01
1.513339579105377197e-01
1.690167784690856934e-01
-1.415676325559616089e-01
5.531213805079460144e-02
5.150172114372253418e-02
8.045003563165664673e-02
-1.286626905202865601e-01
1.029813811182975769e-01
-6.496916990727186203e-03
1.484809257090091705e-02
-6.011098250746726990e-02
-1.040107160806655884e-01
6.277190893888473511e-02
-8.174296468496322632e-02
1.696569770574569702e-01
3.030050732195377350e-02
7.880590856075286865e-02
-4.224006086587905884e-02
-7.953847199678421021e-02
-3.946172446012496948e-02
1.040234491229057312e-01
-2.021798864006996155e-02
1.111370474100112915e-01
-1.676464825868606567e-01
7.805942744016647339e-02
8.333111554384231567e-02
1.188689023256301880e-01
1.025081202387809753e-01
-7.740206271409988403e-02
-6.276928633451461792e-02
-4.798507317900657654e-02
1.205875054001808167e-01
-4.534742981195449829e-02
7.203222811222076416e-02
7.336624711751937866e-02
-2.237025089561939240e-02
-9.274561703205108643e-02
3.407436609268188477e-02
4.455823451280593872e-02
-1.399548649787902832e-01
5.582983046770095825e-02
-3.624331578612327576e-02
-1.335192024707794189e-01
-1.615178585052490234e-01
7.745364215224981308e-03
-6.700379401445388794e-02
8.147295564413070679e-02
1.895508021116256714e-01
-4.429546743631362915e-02
-7.731924299150705338e-03
-5.823148041963577271e-02
-1.586742103099822998e-01
1.250476390123367310e-01
8.467968553304672241e-02
-1.842266321182250977e-01
5.877229571342468262e-02
-2.285236492753028870e-02
-1.250552386045455933e-01
1.220926642417907715e-01
1.134992986917495728e-01
-6.957068294286727905e-02
1.145098954439163208e-01
6.652285903692245483e-02
6.097052618861198425e-02
7.289334386587142944e-02
-7.934734225273132324e-02
3.225377798080444336e-01
1.030701622366905212e-01
-1.810026913881301880e-01
-2.169905230402946472e-02
-7.840029895305633545e-03
4.792894795536994934e-02
-1.382012944668531418e-02
1.885503679513931274e-01
1.472911834716796875e-01
9.962753392755985260e-03
1.612737029790878296e-01
4.955660924315452576e-02
-1.023613959550857544e-01
-1.667140424251556396e-01
5.207575112581253052e-02
-1.713682562112808228e-01
-1.071432605385780334e-01
4.023851826786994934e-02
7.442384213209152222e-02
5.929487943649291992e-02
2.214702218770980835e-01
1.278636455535888672e-01
1.460673660039901733e-02
-7.898756861686706543e-02
7.870405912399291992e-03
5.559480935335159302e-02
9.238188713788986206e-02
9.187482297420501709e-02
2.249707430601119995e-01
-1.272646058350801468e-02
-8.390942960977554321e-02
-1.045249253511428833e-01
1.225055777467787266e-03
