1.515633799135684967e-02
-1.273111999034881592e-02
2.013304084539413452e-01
-1.412687748670578003e-01
-4.515453800559043884e-02
-1.322535891085863113e-02
-2.308707498013973236e-02
-5.530524253845214844e-02
1.114439889788627625e-01
1.547238975763320923e-01
-3.463853523135185242e-02
-7.073502242565155029e-02
6.920658797025680542e-02
-1.166255697607994080e-01
8.877381682395935059e-02
1.198236346244812012e-01
4.474182799458503723e-02
1.423597522079944611e-02
6.470062583684921265e-02
-1.524441093206405640e-01
-4.361152276396751404e-02
1.041696891188621521e-01
-7.587768882513046265e-02
-2.585664391517639160e-01
-8.520555496215820312e-02
-7.114995270967483521e-02
1.653815954923629761e-01
-1.150081306695938110e-01
-5.034071952104568481e-02
2.082714885473251343e-01
-5.347106978297233582e-02
-1.078635230660438538e-01
-1.108848676085472107e-01
-7.315739244222640991e-02
-9.461864829063415527e-03
3.851585462689399719e-02
-5.032346397638320923e-02
-9.213896840810775757e-02
-2.556006610393524170e-01
-7.651519775390625000e-02
-5.030981823801994324e-02
2.690781466662883759e-02
4.103359207510948181e-02
1.475242525339126587e-01
-4.311490431427955627e-02
6.322124600410461426e-02
-5.891012959182262421e-03
7.553635537624359131e-02
7.375792413949966431e-02
-2.979455888271331787e-01
-6.810774654150009155e-02
1.945048198103904724e-02
9.888524562120437622e-02
-1.424210797995328903e-02
6.641566287726163864e-03
4.221993312239646912e-02
-1.277450770139694214e-01
2.201016806066036224e-02
3.120111301541328430e-02
4.970510676503181458e-02
8.772870153188705444e-02
-5.872411280870437622e-02
-1.738375723361968994e-01
-2.771241366863250732e-01
-1.022826209664344788e-01
1.148504763841629028e-01
-1.556344479322433472e-01
1.812221407890319824e-01
1.859459094703197479e-02
2.736268937587738037e-01
-3.202962875366210938e-02
1.650721579790115356e-01
1.317310184240341187e-01
2.250284142792224884e-02
-2.379183620214462280e-01
-8.918151259422302246e-02
-7.028210442513227463e-03
-2.468759752810001373e-02
7.831342518329620361e-02
1.458441764116287231e-01
-8.744680136442184448e-02
1.575934584252536297e-03
3.007096424698829651e-02
-7.313713431358337402e-02
2.440796643495559692e-01
-2.834571301937103271e-01
7.947219535708427429e-03
4.005732014775276184e-02
-1.597047299146652222e-01
-2.363770306110382080e-01
2.412260137498378754e-02
-1.464588195085525513e-01
1.326710283756256104e-01
1.141004487872123718e-01
-8.571954816579818726e-02
5.892832949757575989e-02
-8.682566136121749878e-02
-1.019301041960716248e-01
-8.644922077655792236e-02
3.239604830741882324e-02
1.230911612510681152e-01
9.759330004453659058e-02
-8.399340510368347168e-02
7.496430724859237671e-02
5.192985013127326965e-02
-1.846685260534286499e-01
-8.394611999392509460e-03
-7.645782083272933960e-02
-1.812772005796432495e-01
-9.692768752574920654e-02
9.901015087962150574e-03
2.299162372946739197e-02
3.673651441931724548e-02
-1.117916628718376160e-01
8.721136301755905151e-02
1.231234800070524216e-02
1.181779056787490845e-01
2.720241807401180267e-02
-3.548551723361015320e-02
2.047076523303985596e-01
