-5.522695928812026978e-02
-1.288595050573348999e-01
-4.246009141206741333e-02
-5.023807287216186523e-02
-5.517833307385444641e-02
-3.104347363114356995e-02
-2.392602898180484772e-02
8.385544642806053162e-03
-9.411441534757614136e-02
1.130934730172157288e-01
-3.238038346171379089e-02
1.219572648406028748e-01
1.091915890574455261e-01
-1.468150615692138672e-01
6.000893190503120422e-02
6.918139755725860596e-02
-1.028920337557792664e-01
-1.311305351555347443e-02
9.810130298137664795e-02
-1.625780016183853149e-01
1.022312864661216736e-01
-6.504340469837188721e-02
-1.495180279016494751e-01
1.448725070804357529e-02
-1.196292694658041000e-02
8.734871447086334229e-02
3.187645971775054932e-02
-9.873523563146591187e-02
-1.367105450481176376e-02
1.267489232122898102e-02
-2.806982696056365967e-01
5.411253497004508972e-02
-1.888837665319442749e-02
3.511420637369155884e-02
-2.241464518010616302e-02
2.687750570476055145e-02
4.696292802691459656e-02
1.208573952317237854e-01
1.290358752012252808e-01
3.135572001338005066e-02
6.892747431993484497e-02
-1.624190807342529297e-02
1.442590355873107910e-02
-7.010572403669357300e-02
-1.337145417928695679e-01
-1.327986456453800201e-02
-3.624395700171589851e-03
-5.709018185734748840e-02
3.641032800078392029e-02
6.587284058332443237e-02
2.531712688505649567e-02
-2.059838362038135529e-02
4.727053269743919373e-02
-9.910223633050918579e-02
-8.659732528030872345e-03
-9.590949863195419312e-02
-9.095262736082077026e-02
-8.170694857835769653e-02
-3.161845356225967407e-02
-2.070261165499687195e-02
2.184843122959136963e-01
5.763449892401695251e-02
-2.054797671735286713e-02
1.578574478626251221e-01
2.309393882751464844e-02
4.446027800440788269e-02
-1.089567095041275024e-01
-4.091627523303031921e-02
-5.528306122869253159e-03
-2.902721241116523743e-02
-1.535383891314268112e-02
1.292104739695787430e-02
-1.007095202803611755e-01
1.918372660875320435e-01
-7.256110757589340210e-02
-1.841344386339187622e-01
7.796060293912887573e-02
-3.169118985533714294e-02
-1.050799414515495300e-01
-1.564033478498458862e-01
8.646216243505477905e-03
-1.826837807893753052e-01
-1.723151467740535736e-02
-3.562185540795326233e-02
-9.905080311000347137e-03
4.794715344905853271e-02
2.807966200634837151e-03
-3.257264792919158936e-01
6.646579597145318985e-03
-2.529470475565176457e-05
6.223690230399370193e-03
-5.929480865597724915e-02
1.075888797640800476e-02
-1.039723083376884460e-01
6.754937022924423218e-02
1.521759778261184692e-01
1.447385400533676147e-01
-1.146841421723365784e-01
4.920336231589317322e-02
3.365057334303855896e-02
-7.467791438102722168e-02
3.934570029377937317e-02
6.937771290540695190e-02
1.011143848299980164e-01
-1.458807010203599930e-02
1.030207332223653793e-02
3.138012066483497620e-02
7.410632818937301636e-02
-9.354708716273307800e-03
-7.490010559558868408e-02
1.105890795588493347e-01
1.185670867562294006e-01
1.644493341445922852e-01
1.816558539867401123e-01
-8.577442169189453125e-02
-1.202278658747673035e-01
5.919273570179939270e-02
2.367160767316818237e-01
8.619777113199234009e-02
1.119339838624000549e-01
