-6.027204915881156921e-02
-4.550045728683471680e-02
-8.632574230432510376e-02
6.634818762540817261e-02
7.648997008800506592e-02
3.543633595108985901e-02
7.889589667320251465e-02
-2.327362596988677979e-01
5.000304803252220154e-02
4.060050472617149353e-02
1.618922203779220581e-01
9.666808694601058960e-02
6.119244918227195740e-02
1.554206013679504395e-01
7.116480171680450439e-02
1.666561886668205261e-02
-1.461678147315979004e-01
3.472638130187988281e-02
-1.348608732223510742e-01
-1.089996322989463806e-01
1.301335077732801437e-02
1.259764730930328369e-01
-5.899140983819961548e-02
-2.593087591230869293e-02
-2.162387818098068237e-01
1.050043627619743347e-01
2.362442575395107269e-02
8.848118036985397339e-02
6.448890268802642822e-02
-4.032883420586585999e-02
9.827672503888607025e-03
-1.543125063180923462e-01
-3.948118910193443298e-02
-7.914021611213684082e-02
1.596915572881698608e-01
5.135241430252790451e-03
4.550771415233612061e-02
-1.591798514127731323e-01
1.144375354051589966e-01
5.111132189631462097e-02
-5.935116484761238098e-02
3.683215379714965820e-02
4.584958776831626892e-02
2.478936128318309784e-02
-1.414646743796765804e-03
-8.453071862459182739e-02
2.961872331798076630e-02
5.432208999991416931e-02
2.459585219621658325e-01
2.021478414535522461e-01
-9.954115003347396851e-02
5.066978745162487030e-03
1.593702882528305054e-01
-1.573594659566879272e-01
4.358407855033874512e-02
1.490519493818283081e-01
-7.772739231586456299e-02
6.461056414991617203e-03
1.246315240859985352e-01
-3.429047390818595886e-02
-6.273021548986434937e-02
4.258899018168449402e-02
-1.080325618386268616e-02
-2.249967074021697044e-03
-1.132656820118427277e-02
-5.353596806526184082e-02
2.261466346681118011e-02
1.339158862829208374e-01
-6.810637563467025757e-02
-1.597149297595024109e-02
-8.455866575241088867e-02
8.796303719282150269e-02
-5.336074903607368469e-02
-1.161935105919837952e-01
9.893289208412170410e-02
2.220689551904797554e-03
-6.755659729242324829e-02
4.642452299594879150e-02
-6.485342979431152344e-03
8.367630653083324432e-03
-1.738406135700643063e-03
3.830048488453030586e-03
7.173898071050643921e-02
3.263311460614204407e-02
-4.394252598285675049e-02
2.094826474785804749e-02
9.603899717330932617e-02
1.956741139292716980e-02
-2.866867743432521820e-02
-5.766314268112182617e-02
7.026128470897674561e-03
-8.155025541782379150e-02
1.616997122764587402e-01
-6.803609430789947510e-02
-1.480253040790557861e-01
1.204908415675163269e-01
-1.015472188591957092e-01
-1.825267821550369263e-01
5.651063844561576843e-02
-1.237445231527090073e-02
-1.980563253164291382e-02
2.496381290256977081e-02
2.444466762244701385e-02
2.023221552371978760e-01
-1.943728327751159668e-02
1.482448447495698929e-02
-1.132680550217628479e-01
1.987440437078475952e-01
-8.279293775558471680e-02
1.779128052294254303e-02
4.724691063165664673e-02
-2.203117460012435913e-01
-5.334163457155227661e-02
-8.719351887702941895e-02
3.677215799689292908e-02
-2.355908975005149841e-02
-1.723433136940002441e-01
4.300677403807640076e-02
2.384540066123008728e-02
7.679618895053863525e-02
