-3.509847447276115417e-02
2.994876541197299957e-02
-9.062837809324264526e-02
-6.372099369764328003e-02
1.704784780740737915e-01
2.496886551380157471e-01
1.302078962326049805e-01
-5.264754965901374817e-02
-1.015889868140220642e-01
1.382986605167388916e-01
1.222534701228141785e-01
9.994357079267501831e-02
2.465061098337173462e-02
-9.345954656600952148e-02
4.596589878201484680e-02
3.471625968813896179e-02
1.273873150348663330e-01
-1.122922077775001526e-02
1.099106222391128540e-01
5.260566994547843933e-02
1.320912968367338181e-03
9.346497803926467896e-02
8.378828316926956177e-02
1.009017042815685272e-02
-1.334097534418106079e-01
-1.641101539134979248e-01
4.212932195514440536e-03
2.228314615786075592e-02
7.607998698949813843e-02
1.911595910787582397e-01
1.214564591646194458e-01
-7.173196226358413696e-02
-7.196591049432754517e-02
-1.063761860132217407e-01
5.651397630572319031e-02
-3.305510431528091431e-02
1.173590049147605896e-01
-2.314373664557933807e-02
5.054963752627372742e-02
-7.438715547323226929e-02
-3.578679561614990234e-01
1.181314215064048767e-01
3.425600240007042885e-03
-1.090145632624626160e-01
1.449796557426452637e-01
3.830632939934730530e-02
-8.454916067421436310e-03
-3.570115566253662109e-02
-2.311910502612590790e-02
8.901423215866088867e-02
-1.163506135344505310e-01
1.729261875152587891e-01
2.989477850496768951e-02
9.564185515046119690e-03
-1.850699186325073242e-01
1.336142141371965408e-02
-1.939421892166137695e-01
-1.257954835891723633e-01
2.388052456080913544e-02
1.346034705638885498e-01
-5.342035368084907532e-02
8.851823210716247559e-02
-3.840700164437294006e-02
2.972749806940555573e-02
-3.663571923971176147e-02
-8.758331090211868286e-02
1.459510922431945801e-01
-6.730283051729202271e-02
1.600026339292526245e-02
7.401832193136215210e-02
1.280624535866081715e-03
-1.110745593905448914e-01
-8.445588499307632446e-02
3.084764815866947174e-02
5.212205648422241211e-02
-6.510775536298751831e-02
6.002537161111831665e-02
1.869100332260131836e-01
5.159557983279228210e-02
1.314668506383895874e-01
8.524208515882492065e-02
-1.072053313255310059e-01
-1.212419196963310242e-01
-4.066329915076494217e-03
-4.941975697875022888e-02
1.294976770877838135e-01
7.532104104757308960e-02
6.028608232736587524e-02
4.715395346283912659e-02
-1.918158493936061859e-02
1.919301748275756836e-01
3.861311590299010277e-03
-3.202040120959281921e-02
-1.190623268485069275e-01
-1.377834528684616089e-01
-4.510330408811569214e-02
1.980743370950222015e-02
-1.102382168173789978e-01
-1.546895951032638550e-01
1.605637073516845703e-01
9.682008996605873108e-03
-5.254770442843437195e-02
1.760413795709609985e-01
-6.175798177719116211e-02
1.697776168584823608e-01
1.099258065223693848e-01
1.188162714242935181e-01
-1.089011058211326599e-01
5.673301964998245239e-02
1.795339584350585938e-02
-2.623857371509075165e-02
-2.048709690570831299e-01
1.164571568369865417e-01
-9.839403629302978516e-02
-4.344955459237098694e-02
-1.150914579629898071e-01
-1.537073105573654175e-01
9.505301713943481445e-02
-8.325484395027160645e-02
4.787878692150115967e-02
