1.478879339993000031e-02
-2.161633521318435669e-01
2.841270714998245239e-02
2.747974358499050140e-02
-1.885286718606948853e-01
1.299858987331390381e-01
-6.381930410861968994e-02
3.706913813948631287e-02
1.043691858649253845e-01
1.221604794263839722e-01
3.594047203660011292e-02
1.331644952297210693e-01
-8.073761314153671265e-02
5.480961501598358154e-02
-1.373195368796586990e-02
1.028001680970191956e-01
2.156485915184020996e-01
1.759698428213596344e-02
7.273474335670471191e-02
-7.922090590000152588e-02
-4.745886102318763733e-02
-6.788465380668640137e-02
4.618682339787483215e-02
5.483929812908172607e-02
7.017917931079864502e-02
-2.535255253314971924e-01
1.503682732582092285e-01
-1.392130926251411438e-02
7.385670393705368042e-02
-1.201095581054687500e-01
-3.436562046408653259e-02
-2.827557548880577087e-02
1.195671856403350830e-01
1.115431413054466248e-01
-3.566905856132507324e-02
-6.749539822340011597e-02
-1.810534298419952393e-02
1.318047642707824707e-01
-1.765800118446350098e-01
-7.251302152872085571e-02
1.048633381724357605e-01
3.897408768534660339e-02
7.779880613088607788e-02
2.528044022619724274e-02
-1.240660343319177628e-02
-1.300048530101776123e-01
1.325187534093856812e-01
-7.252134382724761963e-02
4.827966168522834778e-02
-8.869521319866180420e-03
8.987077325582504272e-02
-3.385315090417861938e-02
1.093477662652730942e-02
-8.181948959827423096e-02
-7.384382933378219604e-02
-1.060854122042655945e-01
-1.835210248827934265e-02
2.376869320869445801e-02
2.688507735729217529e-02
3.320523723959922791e-02
8.228845894336700439e-02
1.125710457563400269e-02
1.754522621631622314e-01
-9.106004238128662109e-02
2.573224529623985291e-02
-1.119295731186866760e-01
-1.413958519697189331e-02
2.379259839653968811e-02
-1.239583864808082581e-01
-8.315275423228740692e-03
-2.261562831699848175e-02
7.927451282739639282e-02
1.138683129101991653e-02
1.684847325086593628e-01
1.164131835103034973e-01
-1.370429694652557373e-01
-4.077467136085033417e-03
-1.528472080826759338e-02
-5.125092342495918274e-02
8.312431722879409790e-02
-2.163943834602832794e-02
-1.407989859580993652e-01
-1.706089973449707031e-01
-6.514929234981536865e-02
5.641172453761100769e-02
8.617153018712997437e-02
3.182488083839416504e-01
3.859953209757804871e-02
-1.268725655972957611e-02
1.133979205042123795e-02
2.470109425485134125e-02
1.016290038824081421e-01
1.117312535643577576e-01
2.024120241403579712e-01
-1.546369642019271851e-01
5.532359331846237183e-02
2.079463303089141846e-01
1.735301464796066284e-01
3.250624611973762512e-02
-1.063867807388305664e-01
-1.834100335836410522e-01
-2.321978099644184113e-02
-4.307737201452255249e-02
1.409506946802139282e-01
7.793586701154708862e-02
6.481011956930160522e-02
-8.301930874586105347e-02
5.119971185922622681e-02
-1.591321974992752075e-01
-7.320560514926910400e-02
-5.502311140298843384e-02
1.003715172410011292e-01
1.958057284355163574e-02
4.695034399628639221e-02
3.116708435118198395e-02
1.538006067276000977e-01
-8.079391717910766602e-02
-4.413035884499549866e-02
1.507881330326199532e-03
8.999098092317581177e-03
