-1.995829306542873383e-02
-1.391780376434326172e-01
-3.959989920258522034e-02
-8.674842119216918945e-02
1.280268430709838867e-01
-2.251281030476093292e-02
3.609384223818778992e-02
1.455242335796356201e-01
-6.267937272787094116e-02
5.800397321581840515e-02
-9.042920917272567749e-02
7.795553654432296753e-02
-1.737768352031707764e-01
-1.286941021680831909e-01
1.019759923219680786e-01
-3.172534704208374023e-02
-4.142587631940841675e-02
-4.400212690234184265e-02
-5.385777354240417480e-02
6.922837346792221069e-02
-1.159416604787111282e-02
-4.633481055498123169e-02
6.783334165811538696e-02
-1.817507445812225342e-01
1.249497309327125549e-01
3.928134217858314514e-02
-5.528430454432964325e-03
7.155566941946744919e-03
-1.185759529471397400e-01
1.825942285358905792e-02
8.121547102928161621e-02
-1.060622110962867737e-01
-2.044109394773840904e-03
1.412981003522872925e-01
2.827300503849983215e-02
-1.970792263746261597e-01
-5.995451286435127258e-02
-2.844757772982120514e-02
1.087559685111045837e-01
1.040720343589782715e-01
-1.129677668213844299e-01
6.449155509471893311e-02
1.648919731378555298e-01
-1.400797516107559204e-01
-9.098036587238311768e-02
-1.007616613060235977e-02
-9.655429422855377197e-02
1.130016371607780457e-01
-3.764016553759574890e-02
-2.293879240751266479e-01
2.110597304999828339e-02
1.849319189786911011e-01
9.565710276365280151e-02
1.217427253723144531e-01
-4.899930208921432495e-02
4.602341726422309875e-02
2.754131518304347992e-02
1.364100128412246704e-01
-3.252301365137100220e-02
1.450888365507125854e-01
6.673523038625717163e-02
1.047872528433799744e-01
-1.814604550600051880e-02
2.413588576018810272e-02
3.918687626719474792e-02
-7.255590707063674927e-02
-2.067054361104965210e-01
-2.116434425115585327e-01
-6.171339657157659531e-03
-4.177126660943031311e-02
6.245127320289611816e-02
-2.975054958369582891e-04
-7.852194458246231079e-02
-8.255152404308319092e-02
9.806831926107406616e-02
8.049750700592994690e-03
-2.083947956562042236e-01
1.618396788835525513e-01
1.833975911140441895e-01
1.318147033452987671e-02
4.881271347403526306e-02
1.076321378350257874e-01
2.176291197538375854e-01
3.456092998385429382e-02
-1.518558412790298462e-01
2.542349509894847870e-02
1.284621804952621460e-01
-3.901755064725875854e-02
2.318936884403228760e-01
3.579382551833987236e-03
-7.904212921857833862e-02
-1.883245855569839478e-01
1.603243872523307800e-02
-1.026623025536537170e-01
1.019644141197204590e-01
4.930345341563224792e-03
-2.757064811885356903e-02
-1.083002835512161255e-01
4.472036659717559814e-02
1.853763870894908905e-02
2.374074421823024750e-02
-1.555740535259246826e-01
2.652495540678501129e-02
2.903999760746955872e-02
1.947538703680038452e-01
4.960639402270317078e-02
5.562012270092964172e-02
3.958250582218170166e-02
-6.187259778380393982e-02
-8.695251494646072388e-02
-1.645241230726242065e-01
-4.713600873947143555e-02
-2.048125267028808594e-01
1.535284053534269333e-02
3.713122755289077759e-02
1.163423582911491394e-01
-4.421475902199745178e-02
-2.186892032623291016e-01
-1.318525243550539017e-02
-5.375882610678672791e-02
