1.999347507953643799e-01
-1.052967607975006104e-01
9.547305852174758911e-02
4.091008752584457397e-02
1.106594800949096680e-01
-6.948661059141159058e-02
2.448172867298126221e-02
-7.150106877088546753e-02
-6.889153271913528442e-02
-2.228083647787570953e-02
4.858764633536338806e-02
4.565616697072982788e-02
6.922916322946548462e-02
2.743556536734104156e-02
-8.983244746923446655e-02
3.780213743448257446e-02
-1.550176553428173065e-02
-5.123085901141166687e-02
-1.472655981779098511e-01
-1.371163781732320786e-02
-6.674453616142272949e-02
-2.588046491146087646e-01
1.631645560264587402e-01
-4.328481480479240417e-02
-1.044984087347984314e-01
8.553977124392986298e-03
2.375503629446029663e-02
-4.006475582718849182e-02
1.968833152204751968e-03
3.496265411376953125e-02
-3.998505696654319763e-02
5.168244987726211548e-02
-1.863299869000911713e-02
1.469190139323472977e-02
9.850994497537612915e-02
-4.140793532133102417e-02
-3.008047118782997131e-02
7.466405164450407028e-03
1.970338076353073120e-01
-1.208173185586929321e-01
4.991727322340011597e-02
-1.973995715379714966e-01
7.341291755437850952e-02
-1.345776468515396118e-01
-9.783186763525009155e-02
-2.117791026830673218e-02
-1.564844697713851929e-02
2.968022786080837250e-02
-1.491127759218215942e-01
2.466031014919281006e-01
-1.422595530748367310e-01
-5.554162710905075073e-02
-5.583669990301132202e-02
-3.750064224004745483e-02
-1.022780761122703552e-01
-1.148576363921165466e-01
2.183287777006626129e-02
2.636538818478584290e-02
1.429252177476882935e-01
-6.609912961721420288e-02
8.908906579017639160e-02
-5.206920951604843140e-02
9.375831112265586853e-03
4.584124311804771423e-02
1.534209027886390686e-02
1.202702820301055908e-01
2.131603658199310303e-02
-1.275084167718887329e-01
4.428588226437568665e-02
-2.559816348366439342e-04
1.449026018381118774e-01
-4.370262473821640015e-02
-4.041886329650878906e-02
-7.990762591361999512e-02
1.687879860401153564e-01
1.314345002174377441e-02
4.216226190328598022e-02
1.789784431457519531e-01
7.280571013689041138e-02
1.001202687621116638e-01
7.700646668672561646e-02
8.959773182868957520e-02
-5.907262489199638367e-02
-6.609562039375305176e-02
-1.578547358512878418e-01
-9.066163748502731323e-02
1.945327371358871460e-01
-2.825320325791835785e-02
3.556554391980171204e-02
8.657498285174369812e-03
7.105792313814163208e-02
-6.057398393750190735e-02
9.392235428094863892e-02
-2.512667775154113770e-01
-1.922657936811447144e-01
2.500007152557373047e-01
1.102255955338478088e-01
1.076738908886909485e-01
-5.129974707961082458e-02
1.673547178506851196e-01
-5.491330474615097046e-02
1.010290235280990601e-01
-8.643865585327148438e-02
-2.390359528362751007e-02
1.406086701899766922e-02
2.353688143193721771e-02
-2.664357237517833710e-02
7.169940322637557983e-02
2.046130150556564331e-01
4.273878410458564758e-02
1.346400529146194458e-01
5.221701413393020630e-02
-1.397226154804229736e-01
-3.762403503060340881e-02
1.820215582847595215e-01
2.664027363061904907e-02
5.820697546005249023e-02
9.728942066431045532e-02
-1.172439754009246826e-01
6.957724690437316895e-02
