3.056271187961101532e-02
-6.561891734600067139e-02
-8.772674947977066040e-02
8.970209956169128418e-02
-1.334081888198852539e-01
2.103198617696762085e-01
-1.989196538925170898e-01
6.173029541969299316e-02
-6.081666424870491028e-02
-2.985260682180523872e-03
-6.789515167474746704e-02
-3.805055469274520874e-02
4.160257056355476379e-03
2.544003911316394806e-02
8.702926337718963623e-02
4.938698932528495789e-02
9.005053341388702393e-02
-1.194761842489242554e-01
8.513662964105606079e-02
1.634776741266250610e-01
-8.573812246322631836e-02
-5.624110624194145203e-02
-6.129391863942146301e-02
-2.175570465624332428e-02
-1.665613204240798950e-01
-2.497980147600173950e-01
1.772499978542327881e-01
-2.203167974948883057e-01
-6.977508217096328735e-02
1.033628880977630615e-01
1.835836172103881836e-01
-9.779079258441925049e-02
2.157799154520034790e-02
-2.586103975772857666e-03
1.284447759389877319e-01
4.153209924697875977e-02
2.584429830312728882e-02
-4.150959849357604980e-02
1.330403424799442291e-02
1.214890331029891968e-01
1.530335866846144199e-04
-1.190128475427627563e-01
9.669938683509826660e-02
1.384887695312500000e-01
1.425785124301910400e-01
-1.325730700045824051e-02
4.545018076896667480e-02
-7.779420167207717896e-02
-1.745681315660476685e-01
-4.692660272121429443e-02
4.258097708225250244e-02
-7.521354407072067261e-02
6.217488273978233337e-02
-5.041244626045227051e-02
8.381403237581253052e-02
6.915139406919479370e-02
2.257620394229888916e-01
-4.600703541655093431e-04
5.784776061773300171e-02
-2.607689239084720612e-02
6.691715121269226074e-02
-6.207014992833137512e-02
-6.888321042060852051e-02
-1.446822434663772583e-01
-6.070994958281517029e-02
2.582488954067230225e-01
1.120203658938407898e-01
-3.744873777031898499e-02
-7.791192829608917236e-02
-9.911859408020973206e-03
-8.784887939691543579e-02
-2.657336741685867310e-02
5.364995822310447693e-02
-1.596674770116806030e-01
-3.393492847681045532e-02
6.613722443580627441e-02
3.481419058516621590e-03
-7.359351217746734619e-02
9.303592145442962646e-02
6.128804758191108704e-03
3.495830297470092773e-02
8.689394593238830566e-02
5.114831030368804932e-03
-5.727378278970718384e-02
-8.623236417770385742e-02
-1.851621083915233612e-02
-4.111351817846298218e-02
1.375599801540374756e-01
-1.144472509622573853e-01
-1.038716286420822144e-01
-8.309802412986755371e-02
2.081550285220146179e-02
1.738907247781753540e-01
-8.165397495031356812e-02
2.573841251432895660e-02
-1.440178602933883667e-01
8.696267753839492798e-02
-8.089268952608108521e-02
-1.676206439733505249e-01
-1.239122599363327026e-01
5.116760358214378357e-02
-1.482598185539245605e-01
1.569768190383911133e-01
-2.598342718556523323e-03
1.753429323434829712e-01
-5.282083898782730103e-02
1.098599582910537720e-01
-3.021312654018402100e-01
8.340334147214889526e-02
-1.232727989554405212e-01
-1.648516952991485596e-02
1.948014348745346069e-01
5.018159374594688416e-02
-8.925338089466094971e-02
-1.453961431980133057e-01
-2.106301784515380859e-01
-1.059122085571289062e-01
-2.625140175223350525e-02
-5.264255031943321228e-02
8.614044636487960815e-02
