-8.395228534936904907e-02
2.414801530539989471e-02
-1.060454845428466797e-01
1.942834071815013885e-02
1.294983457773923874e-02
8.649058640003204346e-02
-4.665004089474678040e-02
4.238838329911231995e-02
2.006500214338302612e-01
2.999373972415924072e-01
3.771167714148759842e-03
-1.522310674190521240e-01
-5.287799239158630371e-02
7.463290542364120483e-02
7.918277382850646973e-02
-6.980457156896591187e-02
-1.487381756305694580e-01
-2.699941024184226990e-02
1.086510941386222839e-01
7.793150097131729126e-02
9.227658063173294067e-02
-1.071952730417251587e-01
-1.825924217700958252e-02
-1.416560858488082886e-01
-1.028176397085189819e-03
8.722449839115142822e-02
1.014667376875877380e-01
1.030079722404479980e-01
1.327631250023841858e-02
8.962073922157287598e-02
-4.590559378266334534e-02
1.320584956556558609e-02
-1.917181760072708130e-01
1.226502656936645508e-01
-1.026237159967422485e-01
-8.231834322214126587e-02
-7.190280407667160034e-02
8.302500098943710327e-02
5.526779219508171082e-02
-2.328512445092201233e-02
-9.256690740585327148e-02
7.072830945253372192e-02
6.344297528266906738e-02
-1.027374640107154846e-01
-1.219386681914329529e-01
-2.058531492948532104e-01
1.273933202028274536e-01
3.951331973075866699e-02
4.506444558501243591e-03
-1.034018024802207947e-01
1.095939278602600098e-01
-6.344541162252426147e-02
4.118936508893966675e-02
8.931609988212585449e-02
-1.055267006158828735e-01
-6.687166541814804077e-02
-1.017946153879165649e-01
-1.517627686262130737e-01
6.007185205817222595e-02
-2.511201798915863037e-02
-1.470631803385913372e-03
-1.775498837232589722e-01
-3.878955915570259094e-02
1.172547936439514160e-01
-1.261958926916122437e-01
-5.738871637731790543e-03
1.323648840188980103e-01
3.605999425053596497e-02
-2.327107638120651245e-01
3.651683777570724487e-02
-3.091600537300109863e-02
1.340072602033615112e-01
6.511406600475311279e-02
4.166552051901817322e-02
6.461303681135177612e-02
1.592805981636047363e-01
-4.506007954478263855e-02
8.640775829553604126e-02
1.065339073538780212e-01
9.743292629718780518e-02
-7.536409795284271240e-02
-1.023677270859479904e-02
1.782271116971969604e-01
3.998429514467716217e-03
2.363566309213638306e-02
5.765609070658683777e-02
1.817820221185684204e-01
-1.056688353419303894e-01
3.875754075124859810e-03
-1.780811399221420288e-01
7.240181416273117065e-02
-3.975079581141471863e-02
1.731182336807250977e-01
-1.018282175064086914e-01
1.255208402872085571e-01
7.696399837732315063e-02
4.891917109489440918e-02
-1.186032816767692566e-01
-1.019954457879066467e-01
-2.454856038093566895e-02
-1.189388260245323181e-01
3.543938323855400085e-02
-2.547470666468143463e-02
1.581470221281051636e-01
-7.625465840101242065e-02
3.037395700812339783e-02
-8.744597434997558594e-02
8.124765753746032715e-02
-1.771512441337108612e-02
-6.375747732818126678e-03
1.150008216500282288e-01
8.747137337923049927e-02
-1.843421906232833862e-02
2.080903500318527222e-01
-8.049523085355758667e-02
5.823980644345283508e-02
-7.154194172471761703e-03
9.258771687746047974e-02
8.374663442373275757e-02
1.297040656208992004e-02
