1.302428543567657471e-01
-1.685681752860546112e-02
5.529515072703361511e-02
8.202009648084640503e-02
2.950886962935328484e-03
1.096751242876052856e-01
4.092933237552642822e-02
7.511926442384719849e-02
-5.849863216280937195e-02
1.771237105131149292e-01
4.515586048364639282e-02
1.401951164007186890e-01
1.319949775934219360e-01
7.392431795597076416e-02
2.855059690773487091e-02
-1.413908749818801880e-01
4.622349049896001816e-03
-1.058534607291221619e-01
1.793835759162902832e-01
-9.307374060153961182e-02
1.583089381456375122e-01
-2.284247055649757385e-02
-1.299264188855886459e-02
-2.126570791006088257e-02
-1.069966107606887817e-01
-4.429370164871215820e-02
-4.834914579987525940e-02
6.842001527547836304e-02
1.105226874351501465e-01
-5.186414346098899841e-02
7.329138368368148804e-02
7.896723598241806030e-02
-1.243335381150245667e-01
9.658374637365341187e-02
-8.638440072536468506e-02
1.433603614568710327e-01
8.897286653518676758e-02
1.638135462999343872e-01
2.304525375366210938e-01
3.113959543406963348e-02
-2.500513009727001190e-02
8.591340482234954834e-02
3.909895196557044983e-02
-2.999478206038475037e-02
1.954804733395576477e-02
8.944069850258529186e-05
7.881715148687362671e-02
4.026666283607482910e-02
7.857593148946762085e-02
3.879309818148612976e-02
4.828303307294845581e-02
-6.120171025395393372e-02
-1.226820871233940125e-01
-1.125444918870925903e-01
1.104067713022232056e-01
3.786621615290641785e-02
1.173772960901260376e-01
1.442532055079936981e-02
-1.671256572008132935e-01
1.405750773847103119e-02
2.041504830121994019e-01
1.337083280086517334e-01
1.666534096002578735e-01
-5.986494570970535278e-02
5.882820114493370056e-03
1.521909683942794800e-01
4.598835483193397522e-02
2.305136248469352722e-02
-1.791564375162124634e-01
1.164445877075195312e-01
-9.231941401958465576e-02
1.355140004307031631e-02
-9.228916466236114502e-02
-1.743209660053253174e-01
2.232356369495391846e-02
-1.656504534184932709e-02
-2.590831834822893143e-03
9.242933243513107300e-02
1.806113496422767639e-02
-1.023306995630264282e-01
-1.052706390619277954e-01
-6.458821892738342285e-02
8.743658661842346191e-02
2.481552585959434509e-02
-1.646806951612234116e-03
1.867310404777526855e-01
1.051412001252174377e-01
1.593836843967437744e-01
1.064309105277061462e-01
3.309242427349090576e-02
7.287433743476867676e-02
-1.847018860280513763e-02
-8.059331029653549194e-02
1.020136103034019470e-01
4.906053841114044189e-02
7.126440759748220444e-03
4.102535173296928406e-02
-4.845522716641426086e-02
-2.953644655644893646e-02
-5.996051430702209473e-02
1.437947154045104980e-02
2.581743709743022919e-02
-1.096701174974441528e-01
1.238716468214988708e-01
-9.098283015191555023e-03
-1.609075814485549927e-02
4.553659632802009583e-02
9.706793725490570068e-02
-1.138884350657463074e-01
-1.237821578979492188e-01
5.394786223769187927e-02
-1.369842588901519775e-01
-3.681808337569236755e-02
-1.909514144062995911e-02
7.542622834444046021e-02
-2.124106744304299355e-03
-5.963237956166267395e-02
-2.084537781774997711e-02
3.122515045106410980e-02
1.661109179258346558e-01
