9.706076234579086304e-02
-1.841377466917037964e-02
8.677501231431961060e-02
1.934073418378829956e-01
-3.357647452503442764e-03
1.134768873453140259e-02
-4.463300108909606934e-02
1.516438275575637817e-01
1.062364503741264343e-01
1.308922916650772095e-01
-1.204018145799636841e-01
-4.500558972358703613e-02
2.871944941580295563e-02
3.660152480006217957e-02
-3.863712772727012634e-02
-5.330529436469078064e-02
-3.018923401832580566e-01
8.926833420991897583e-02
-6.367112696170806885e-02
1.006896272301673889e-01
8.985695987939834595e-02
-8.613587915897369385e-02
4.845248162746429443e-02
-2.301902323961257935e-01
-1.514880061149597168e-01
-1.152148991823196411e-01
-2.810720540583133698e-02
3.800237551331520081e-02
-5.116119980812072754e-02
1.164708472788333893e-02
5.917621776461601257e-02
-6.387200951576232910e-02
-1.831135004758834839e-01
-1.180753763765096664e-02
-8.809231221675872803e-02
-1.142946407198905945e-01
1.587381958961486816e-01
-3.606990724802017212e-02
-2.310483306646347046e-01
-2.363473875448107719e-03
-1.009332537651062012e-01
-1.528708189725875854e-01
-7.547831535339355469e-02
-4.727121442556381226e-02
-8.028764277696609497e-02
-7.390161603689193726e-02
-7.831125706434249878e-02
-4.014281928539276123e-02
3.974658995866775513e-02
4.651892557740211487e-02
7.624799758195877075e-02
5.110340565443038940e-02
4.795854911208152771e-02
-1.133159324526786804e-01
1.504047960042953491e-01
1.471094787120819092e-01
1.059841066598892212e-01
7.875823229551315308e-02
-9.300019592046737671e-02
1.622920334339141846e-01
4.270339384675025940e-02
2.332986332476139069e-02
-1.697991490364074707e-01
-9.253818541765213013e-02
4.477533325552940369e-02
9.311911463737487793e-02
-3.030350431799888611e-02
6.111398711800575256e-02
6.221155077219009399e-02
-8.695135265588760376e-02
9.512377530336380005e-02
1.330736279487609863e-01
1.690568961203098297e-02
-6.889699026942253113e-03
-1.363911628723144531e-01
5.776911973953247070e-02
-5.120718106627464294e-02
-8.039394766092300415e-02
-2.415238507091999054e-02
-7.063206285238265991e-02
-1.169115602970123291e-01
1.075861826539039612e-01
5.846003443002700806e-02
-1.616117209196090698e-01
-1.154375225305557251e-01
-6.747096776962280273e-03
9.815161675214767456e-02
1.384918987751007080e-01
-6.746913492679595947e-02
-1.620472967624664307e-01
2.225931733846664429e-03
-2.095064669847488403e-01
1.046229228377342224e-01
-4.393774271011352539e-02
1.305150240659713745e-01
-8.429679274559020996e-02
5.923399329185485840e-02
-5.114015936851501465e-02
2.256833761930465698e-02
-1.100711375474929810e-01
-1.474110186100006104e-01
-1.937140226364135742e-01
-5.290118604898452759e-02
2.312381565570831299e-02
-1.720267534255981445e-01
-1.162194181233644485e-02
-1.411510407924652100e-01
5.639137327671051025e-02
9.288822114467620850e-02
3.739147633314132690e-02
1.124804615974426270e-01
-1.681650131940841675e-01
-2.686671614646911621e-01
2.202371694147586823e-02
-1.164462789893150330e-01
-7.073915004730224609e-02
-6.169577687978744507e-02
5.164847709238529205e-03
7.863502949476242065e-02
3.995597362518310547e-03
