2.322645299136638641e-02
-1.526884287595748901e-01
8.196239918470382690e-02
-2.524870820343494415e-02
-1.523315999656915665e-02
8.415262401103973389e-02
9.652743488550186157e-02
-4.964380338788032532e-02
-1.371966898441314697e-01
-5.735384672880172729e-02
1.263000220060348511e-01
-4.439977183938026428e-02
9.345117211341857910e-02
2.413374334573745728e-01
-6.179475411772727966e-02
1.351689398288726807e-01
1.921218633651733398e-01
1.225457806140184402e-02
1.356731504201889038e-01
1.256447136402130127e-01
-1.025402471423149109e-01
5.544148152694106102e-04
8.010470308363437653e-03
4.349168762564659119e-02
5.160080641508102417e-02
-1.051244214177131653e-01
-1.198209375143051147e-01
8.319871872663497925e-02
6.027961894869804382e-02
1.215464100241661072e-01
-1.059090867638587952e-01
1.418628245592117310e-01
1.614411771297454834e-01
-1.373348087072372437e-01
-1.527688503265380859e-01
1.449730806052684784e-02
1.944728009402751923e-02
6.873616576194763184e-02
-1.283733826130628586e-02
9.086251258850097656e-02
-2.562920795753598213e-03
1.020805090665817261e-01
1.402911692857742310e-01
2.171378210186958313e-02
-1.561961509287357330e-02
4.291091486811637878e-02
-1.163033917546272278e-01
-5.009825155138969421e-02
-2.241797000169754028e-02
7.701982557773590088e-02
3.205249831080436707e-02
-1.010154187679290771e-01
-4.916084930300712585e-02
5.294965207576751709e-02
-1.594497412443161011e-01
-6.805838644504547119e-02
1.426171809434890747e-01
4.933546762913465500e-03
-1.171427816152572632e-01
3.780190646648406982e-02
1.340265870094299316e-01
5.176670104265213013e-02
-1.162602975964546204e-01
1.956645101308822632e-01
-1.030422076582908630e-01
-8.382502943277359009e-02
-8.741720020771026611e-02
-1.299732550978660583e-02
-1.166457459330558777e-01
1.244252398610115051e-01
1.276585012674331665e-01
1.147021353244781494e-01
1.007573828101158142e-01
2.073869295418262482e-02
-6.162861362099647522e-03
-7.918049395084381104e-02
-3.923790529370307922e-03
4.544419795274734497e-02
1.084336414933204651e-01
-1.326871067285537720e-01
-9.188152104616165161e-02
2.124610394239425659e-01
-3.932460024952888489e-02
-1.058599129319190979e-01
-5.657003074884414673e-02
7.023324817419052124e-02
1.873324215412139893e-01
-1.970119541510939598e-03
-1.892412896268069744e-03
-1.172198634594678879e-02
2.265640497207641602e-01
2.230929955840110779e-02
-9.549973905086517334e-02
-4.458023980259895325e-02
1.165912002325057983e-01
2.228190004825592041e-01
-1.562774777412414551e-01
-7.523798197507858276e-02
9.788499772548675537e-02
-6.333201378583908081e-02
