-1.313938349485397339e-01
-1.591707468032836914e-01
-5.236914381384849548e-02
2.622383832931518555e-02
-5.606075748801231384e-02
-2.210166007280349731e-01
-1.388399749994277954e-01
3.681511059403419495e-02
8.227700740098953247e-02
1.413115113973617554e-01
-1.660371273756027222e-01
-2.657517790794372559e-02
1.205630302429199219e-01
-8.271186612546443939e-03
-1.112767830491065979e-01
-7.495087385177612305e-02
-1.470060199499130249e-01
-1.056279689073562622e-01
-9.809949249029159546e-02
-5.242071300745010376e-02
-6.075310986489057541e-03
-1.051971241831779480e-01
4.115411639213562012e-02
-2.553237369284033775e-03
2.563645597547292709e-03
5.437543988227844238e-02
-1.052555069327354431e-01
1.582851260900497437e-01
8.789681643247604370e-02
8.601265400648117065e-02
2.070903331041336060e-01
8.034650236368179321e-02
-4.040027968585491180e-03
5.365224555134773254e-02
9.530366398394107819e-03
6.625139713287353516e-02
1.473976224660873413e-01
-1.794017478823661804e-02
-2.867008559405803680e-03
1.229646801948547363e-02
-1.354636549949645996e-01
3.822773322463035583e-02
5.133662372827529907e-03
8.908101171255111694e-02
6.110020354390144348e-02
-2.121859788894653320e-01
7.653453201055526733e-02
8.208686858415603638e-02
-8.924239128828048706e-02
8.622429519891738892e-02
5.914406105875968933e-02
-1.264073420315980911e-02
1.664077192544937134e-01
5.371198803186416626e-02
2.473489344120025635e-01
2.115084230899810791e-01
2.145938426256179810e-01
1.577783524990081787e-01
2.125792503356933594e-01
-2.707000449299812317e-02
1.745647168718278408e-03
-1.029996424913406372e-01
-1.762621849775314331e-01
1.177591234445571899e-01
1.077846288681030273e-01
-2.758256904780864716e-02
-1.263934969902038574e-01
1.215984597802162170e-01
-1.269204821437597275e-02
4.574780818074941635e-03
-7.824274897575378418e-02
-1.449411809444427490e-01
2.188163101673126221e-01
-1.022646054625511169e-01
4.624970629811286926e-02
-2.322828955948352814e-02
-1.870331913232803345e-01
-1.249023713171482086e-02
9.008838236331939697e-02
1.603825986385345459e-01
7.698120921850204468e-02
-6.162697076797485352e-02
-1.505556404590606689e-01
-3.434693440794944763e-03
-4.109506309032440186e-02
-6.107300147414207458e-02
-7.011302560567855835e-02
1.279880851507186890e-01
-5.839575082063674927e-02
1.368767768144607544e-01
-9.155569225549697876e-02
-4.059327766299247742e-02
3.244526684284210205e-02
6.001475080847740173e-02
5.310801416635513306e-02
4.816546291112899780e-02
2.499619731679558754e-04
6.018384918570518494e-02
-1.237735077738761902e-01
1.652960628271102905e-01
-1.468818038702011108e-01
3.680846467614173889e-02
-1.579579152166843414e-02
-4.260605573654174805e-02
-1.380080431699752808e-01
-1.480852812528610229e-01
3.545118868350982666e-02
8.320670574903488159e-02
-2.025809697806835175e-02
8.458912372589111328e-02
9.736474603414535522e-04
1.293655764311552048e-02
-6.998957693576812744e-02
8.036584407091140747e-02
1.082086097449064255e-02
-1.105586513876914978e-01
1.218935400247573853e-01
1.069569513201713562e-01
1.174207851290702820e-01
-1.621753424406051636e-01
