-1.035447120666503906e-01
6.025780364871025085e-02
-2.897271886467933655e-02
1.114036217331886292e-01
1.123716980218887329e-01
1.386780142784118652e-01
8.743688813410699368e-04
1.436305325478315353e-02
-4.268790408968925476e-02
7.600805908441543579e-02
2.407248467206954956e-01
2.143658511340618134e-02
1.107364799827337265e-02
-1.658077836036682129e-01
-3.791882470250129700e-02
-8.721440285444259644e-02
-2.544293878600001335e-03
-5.449349433183670044e-02
-1.248005256056785583e-01
2.730698883533477783e-02
-1.109046563506126404e-01
-1.061501652002334595e-01
5.146025680005550385e-03
-8.228372782468795776e-02
1.374844014644622803e-01
4.228717833757400513e-02
-3.726775199174880981e-02
-9.066799283027648926e-02
-7.300713658332824707e-02
-8.614772558212280273e-02
-1.076277270913124084e-01
1.175852417945861816e-01
1.312157064676284790e-01
-9.000039100646972656e-02
5.564187839627265930e-02
-1.762744598090648651e-02
5.136362463235855103e-02
-1.299871411174535751e-02
-2.434925884008407593e-01
4.411005601286888123e-02
4.704380407929420471e-03
7.078088074922561646e-02
1.226673349738121033e-01
8.607400208711624146e-02
-1.328600496053695679e-01
1.037922725081443787e-01
4.465708509087562561e-02
-5.198893696069717407e-02
-3.704290837049484253e-02
4.893095418810844421e-02
2.226375509053468704e-03
-2.256732620298862457e-02
-1.125058308243751526e-01
-1.476832181215286255e-01
1.254599541425704956e-01
7.979489862918853760e-02
2.267153374850749969e-02
1.431932598352432251e-01
-5.559829995036125183e-02
2.619313076138496399e-02
-7.648495584726333618e-02
1.168820783495903015e-01
1.381684676744043827e-03
-1.876293099485337734e-03
-4.311063885688781738e-02
-6.367085035890340805e-03
-1.191229932010173798e-02
-6.140806898474693298e-02
5.468312650918960571e-02
-5.502900481224060059e-02
-2.016163058578968048e-02
-4.849419742822647095e-02
-3.664286062121391296e-02
-4.934850707650184631e-02
-1.166909858584403992e-01
-9.083272516727447510e-02
-1.118134856224060059e-01
8.329030871391296387e-02
-1.200260147452354431e-01
4.295149073004722595e-02
-8.560258150100708008e-02
-1.598434746265411377e-01
8.352699130773544312e-02
5.782261490821838379e-02
4.974418506026268005e-02
7.560436613857746124e-03
-9.756732732057571411e-03
9.979139268398284912e-02
-2.855168655514717102e-02
-1.108054653741419315e-03
-7.905592024326324463e-02
1.152154728770256042e-01
1.126869022846221924e-02
1.080874577164649963e-01
7.961467653512954712e-02
9.426407516002655029e-02
1.272231638431549072e-01
-3.645600378513336182e-02
-4.037078842520713806e-02
8.410135656595230103e-02
-1.170778274536132812e-01
-7.801851630210876465e-02
1.619359701871871948e-01
-6.357269734144210815e-02
-1.006622239947319031e-01
-2.979140263050794601e-03
7.273703068494796753e-02
-1.058564614504575729e-02
-2.685744166374206543e-01
-6.845594849437475204e-03
-1.663358658552169800e-01
-1.172347217798233032e-01
-5.920182541012763977e-02
2.722786366939544678e-02
-1.843489855527877808e-01
-1.386876404285430908e-01
-5.706185102462768555e-02
3.760382533073425293e-02
3.973503038287162781e-02
2.924577891826629639e-01
