1.212239414453506470e-01
-6.243269518017768860e-02
1.175026521086692810e-01
-9.319137036800384521e-02
-1.408472210168838501e-01
-8.727048337459564209e-02
3.999799489974975586e-02
1.438077241182327271e-01
-2.680562734603881836e-01
1.122820898890495300e-01
-4.833400622010231018e-02
5.109466146677732468e-03
-7.131899148225784302e-02
-2.534029781818389893e-01
-4.133890941739082336e-02
1.665323786437511444e-02
7.185304164886474609e-02
2.817981876432895660e-02
4.537450894713401794e-02
4.610881209373474121e-02
-1.121412217617034912e-02
-2.833949029445648193e-02
-1.828700006008148193e-01
-1.061263456940650940e-01
-7.899381965398788452e-02
-5.337285622954368591e-02
-1.336330622434616089e-01
-1.173309236764907837e-01
-1.237584277987480164e-01
-1.391130220144987106e-02
1.297204494476318359e-01
-2.425319887697696686e-02
-1.161722764372825623e-01
-2.231724113225936890e-01
-1.906777918338775635e-01
-2.442272454500198364e-01
-4.921658709645271301e-02
-2.047496140003204346e-01
2.340215742588043213e-01
-4.876474291086196899e-02
-1.527801603078842163e-01
-1.207341551780700684e-01
1.707985550165176392e-01
9.543638676404953003e-02
2.068297006189823151e-03
4.691395163536071777e-02
1.981830298900604248e-01
-7.230426371097564697e-02
-8.277452737092971802e-02
-2.353191934525966644e-02
-2.135118693113327026e-01
-6.539019942283630371e-02
-9.354274719953536987e-02
-1.156912967562675476e-01
-4.838464315980672836e-03
-2.219964005053043365e-02
-1.412512958049774170e-01
1.945345476269721985e-02
2.713424526154994965e-02
-1.260830610990524292e-01
4.316893682698719203e-05
-6.943600624799728394e-02
6.666230410337448120e-02
7.104548066854476929e-02
-7.052814215421676636e-02
8.226292580366134644e-02
2.002744004130363464e-02
4.386915639042854309e-02
1.796977669000625610e-01
-2.714045718312263489e-02
-7.016098499298095703e-02
1.373827178031206131e-02
-1.479386836290359497e-01
-1.266645342111587524e-01
-4.890365898609161377e-02
-2.618297748267650604e-02
-2.331616356968879700e-02
2.220825664699077606e-02
3.570998786017298698e-03
-1.023287102580070496e-01
-4.143655824009329081e-04
5.812281370162963867e-02
-2.910035848617553711e-02
-1.880280375480651855e-01
7.530219107866287231e-02
1.477572768926620483e-01
1.271952092647552490e-01
-9.930552542209625244e-02
3.125026077032089233e-02
-7.749652117490768433e-02
-6.048355251550674438e-02
2.125624418258666992e-01
-1.190540753304958344e-02
3.140801191329956055e-02
-8.223881572484970093e-02
1.867400258779525757e-01
-5.101526528596878052e-02
6.880021840333938599e-02
7.212410867214202881e-02
-1.784362047910690308e-01
1.954030692577362061e-01
1.891869492828845978e-02
7.549519091844558716e-02
2.002811282873153687e-01
-8.902838453650474548e-04
1.697554625570774078e-02
-8.314617723226547241e-02
-1.042013764381408691e-01
-1.198545377701520920e-02
9.169174358248710632e-03
-5.840137600898742676e-02
-3.532461449503898621e-02
1.116615459322929382e-01
7.163262367248535156e-02
-9.270456433296203613e-02
5.517138913273811340e-02
3.366431221365928650e-02
5.257692933082580566e-02
6.351476162672042847e-02
1.832023113965988159e-01
