3.608524799346923828e-02
-3.762512654066085815e-02
1.506744325160980225e-01
-3.411045297980308533e-02
2.450465783476829529e-02
8.188953250646591187e-02
4.964141175150871277e-02
9.658496826887130737e-02
3.497693687677383423e-02
-4.967892915010452271e-02
-2.301348745822906494e-01
-1.170884296298027039e-01
-6.093990802764892578e-02
-1.331756114959716797e-01
6.512704491615295410e-02
-1.777472645044326782e-01
-1.104056835174560547e-01
-1.911352127790451050e-01
-2.177212536334991455e-01
8.117253333330154419e-02
-6.363865919411182404e-03
1.356248408555984497e-01
1.178259775042533875e-01
1.769110560417175293e-02
4.637450724840164185e-02
-3.228628262877464294e-02
-1.097888723015785217e-01
2.888043820858001709e-01
4.035638645291328430e-02
-1.484972890466451645e-02
-2.025470696389675140e-02
-1.264448612928390503e-01
1.469867378473281860e-01
9.132403880357742310e-02
5.693555343896150589e-03
-1.802987456321716309e-01
-1.853285729885101318e-02
5.851843580603599548e-02
-7.455241680145263672e-02
-1.261603385210037231e-01
1.205458305776119232e-02
2.156804874539375305e-02
2.616763487458229065e-02
3.502761200070381165e-02
-7.903966121375560760e-03
2.043803408741950989e-02
1.406153738498687744e-01
2.996036224067211151e-02
-4.882870614528656006e-02
2.298032678663730621e-02
6.663323380053043365e-03
-2.627842426300048828e-01
1.029742881655693054e-01
1.111603900790214539e-01
-8.419080078601837158e-02
1.531187742948532104e-01
2.682823501527309418e-02
1.471879985183477402e-02
-1.028590127825737000e-01
-1.845123469829559326e-01
5.438941344618797302e-02
-8.478911966085433960e-02
6.176273152232170105e-02
1.921888738870620728e-01
-1.461636461317539215e-02
1.290040612220764160e-01
-1.903151571750640869e-01
4.295298084616661072e-02
8.463528007268905640e-02
6.133612617850303650e-02
6.164120044559240341e-03
-1.973795741796493530e-01
6.388804316520690918e-02
-1.877574026584625244e-01
-2.304518222808837891e-01
2.726586721837520599e-02
-8.282861858606338501e-02
5.862547829747200012e-02
-1.140913516283035278e-01
5.588315799832344055e-02
4.470650851726531982e-02
-7.797503378242254257e-03
3.288711979985237122e-02
7.838448137044906616e-02
8.233608305454254150e-02
-4.122475907206535339e-02
-2.309431694447994232e-02
-1.567926853895187378e-01
1.585146933794021606e-01
1.726152747869491577e-01
-6.208218261599540710e-02
-3.538564965128898621e-02
2.635405957698822021e-01
-1.451467862352728844e-03
-7.316053658723831177e-02
-2.008415311574935913e-01
-6.712203472852706909e-02
-1.216882374137639999e-02
6.795015931129455566e-02
5.621730163693428040e-02
7.822921127080917358e-02
1.758423149585723877e-01
8.686257526278495789e-03
3.731479942798614502e-01
-6.519740074872970581e-02
-4.566318914294242859e-02
1.468061655759811401e-01
-7.588055729866027832e-02
2.849753573536872864e-02
-2.270628884434700012e-02
-1.227902900427579880e-02
1.047216653823852539e-01
-3.384783491492271423e-02
2.033340781927108765e-01
6.837866455316543579e-02
-1.306177377700805664e-01
9.503355622291564941e-02
-1.412246674299240112e-01
1.281896978616714478e-01
-2.405675128102302551e-02
