-1.857026070356369019e-01
1.093044783920049667e-02
-1.754060387611389160e-01
-7.025395333766937256e-02
8.638363331556320190e-02
1.116882711648941040e-01
-1.519923955202102661e-01
-5.987780913710594177e-02
7.792975287884473801e-03
1.001387014985084534e-01
-4.825785011053085327e-02
3.785310685634613037e-02
4.955036938190460205e-02
-1.595627665519714355e-01
-9.514779597520828247e-02
4.484562203288078308e-02
-8.364775031805038452e-02
1.935539990663528442e-01
-1.283380836248397827e-01
8.246517740190029144e-03
1.391030568629503250e-02
6.694675236940383911e-02
-1.249933242797851562e-01
-4.230077937245368958e-02
1.552829798310995102e-02
9.483797475695610046e-03
-1.419026404619216919e-01
-1.378781944513320923e-01
-5.204478651285171509e-02
-7.656589150428771973e-02
-7.600262016057968140e-02
-4.436052870005369186e-03
-1.213226560503244400e-02
4.653760045766830444e-02
7.529257982969284058e-02
-6.865158677101135254e-02
1.554268449544906616e-01
-5.865630134940147400e-02
-7.287047058343887329e-02
5.820779874920845032e-02
-1.249355077743530273e-01
-3.244587033987045288e-02
1.035914942622184753e-01
-1.774724572896957397e-01
-1.235188767313957214e-01
6.572256237268447876e-02
-1.167801618576049805e-01
-1.013283878564834595e-01
1.365855615586042404e-02
-6.856045220047235489e-03
-6.322261691093444824e-02
-3.614127263426780701e-02
-1.359066814184188843e-01
5.950438976287841797e-02
-8.035012334585189819e-02
-4.113866016268730164e-02
1.602085679769515991e-01
-1.555017381906509399e-01
2.457247115671634674e-02
2.052463218569755554e-02
1.308883279561996460e-01
-1.083754077553749084e-01
1.178255397826433182e-02
-9.674873203039169312e-02
6.822042912244796753e-02
-2.638317085802555084e-02
-8.781705051660537720e-02
-5.289324000477790833e-02
7.711820304393768311e-03
9.147287160158157349e-02
5.848351866006851196e-02
1.414973735809326172e-01
-2.152452431619167328e-02
4.548333212733268738e-02
-1.164150461554527283e-01
-6.178290396928787231e-02
-1.221283599734306335e-01
9.996267408132553101e-02
-9.131452441215515137e-02
6.872870773077011108e-02
1.331941485404968262e-01
-2.536448836326599121e-02
3.937972709536552429e-02
-1.257346104830503464e-02
5.780419334769248962e-02
5.366835277527570724e-03
1.558952182531356812e-01
-3.578431531786918640e-02
1.792196184396743774e-01
9.181454032659530640e-02
-8.244763314723968506e-02
-5.913996696472167969e-02
-1.715894341468811035e-01
5.021606013178825378e-02
7.083775848150253296e-02
-1.067144889384508133e-02
1.134762093424797058e-01
2.000960856676101685e-01
-1.143797859549522400e-01
3.379664942622184753e-02
1.734338849782943726e-01
3.499431163072586060e-02
4.276627674698829651e-03
1.692700237035751343e-01
2.567588351666927338e-02
-9.207155555486679077e-02
8.494956418871879578e-03
-5.152409896254539490e-02
2.331597656011581421e-01
-1.407375931739807129e-01
-5.513095855712890625e-02
-8.413213491439819336e-02
-1.447633355855941772e-01
7.936625741422176361e-03
1.317645162343978882e-01
2.354083806276321411e-01
3.911475464701652527e-02
3.372269123792648315e-02
7.620440423488616943e-02
3.787219896912574768e-02
