-2.566077746450901031e-02
-1.157167926430702209e-01
-1.005622968077659607e-01
-3.667201474308967590e-02
-5.516351200640201569e-03
5.302583798766136169e-02
-5.750576779246330261e-02
3.853724896907806396e-02
-3.837113454937934875e-02
6.624578684568405151e-02
-1.008677855134010315e-01
1.444310545921325684e-01
1.300517376512289047e-02
1.250814087688922882e-02
1.462414395064115524e-03
-5.352405831217765808e-02
-1.178228035569190979e-01
5.920746549963951111e-02
2.461864799261093140e-02
1.899323463439941406e-01
1.420973427593708038e-02
-5.538513883948326111e-02
3.245790302753448486e-02
3.563667461276054382e-02
1.210097298026084900e-01
2.406653463840484619e-01
7.597723603248596191e-02
1.851370930671691895e-02
4.912189766764640808e-02
1.274989992380142212e-01
-3.603672608733177185e-02
-8.107583969831466675e-02
-1.498552411794662476e-01
-1.173461601138114929e-01
1.676610559225082397e-01
7.867990061640739441e-03
7.222553342580795288e-02
-3.011473454535007477e-02
-2.230288460850715637e-02
-1.255699247121810913e-01
4.198532924056053162e-02
8.136918395757675171e-02
-7.559613138437271118e-02
-1.180882677435874939e-01
-4.552106559276580811e-02
1.895886510610580444e-01
4.331895336508750916e-02
-9.261605888605117798e-02
1.553056985139846802e-01
6.333045195788145065e-03
8.484323322772979736e-02
-1.164225339889526367e-01
8.772539906203746796e-03
1.175534725189208984e-02
7.062371820211410522e-02
1.385033875703811646e-01
1.318816989660263062e-01
-1.156463772058486938e-01
1.652303785085678101e-01
1.746570924296975136e-03
-1.678400933742523193e-01
4.810326918959617615e-02
-8.783241361379623413e-02
-3.085039556026458740e-02
8.801722526550292969e-02
1.673631519079208374e-01
-5.747770145535469055e-02
-4.330766573548316956e-02
7.135296612977981567e-02
3.016388714313507080e-01
-1.020202264189720154e-01
-1.865955814719200134e-02
9.063731878995895386e-02
7.492627948522567749e-02
-1.337519884109497070e-01
-7.454473525285720825e-02
6.980588287115097046e-02
-6.019061803817749023e-02
1.903655380010604858e-01
2.504241466522216797e-02
-8.162920922040939331e-02
-1.418097317218780518e-02
-2.654564939439296722e-02
-1.197481751441955566e-01
9.674308449029922485e-02
-8.430083841085433960e-02
-4.567369353026151657e-03
3.382354602217674255e-02
-1.064568758010864258e-01
5.364054068922996521e-02
2.193066626787185669e-01
2.539476193487644196e-02
2.883126437664031982e-01
-6.343789398670196533e-02
-6.099643185734748840e-02
-8.349647372961044312e-02
2.724775671958923340e-02
1.381694674491882324e-01
-1.575673967599868774e-01
1.742458716034889221e-02
-1.196209341287612915e-01
-2.511844933032989502e-01
2.287444286048412323e-02
-8.889611810445785522e-02
-8.557593077421188354e-02
-3.017885051667690277e-02
2.523666061460971832e-02
2.685439586639404297e-02
-5.550674349069595337e-02
-3.557838872075080872e-02
2.351992949843406677e-02
-9.704320877790451050e-02
3.408170863986015320e-02
5.355915427207946777e-02
1.236059591174125671e-01
4.479179903864860535e-02
5.218842253088951111e-02
-9.797490201890468597e-04
1.747234025970101357e-03
-8.000104129314422607e-02
