-1.419986318796873093e-02
-5.333908647298812866e-02
-1.051480323076248169e-01
-9.465803951025009155e-02
-1.910428255796432495e-01
2.711156941950321198e-02
-2.117569558322429657e-02
-2.460288256406784058e-01
-3.428052365779876709e-02
9.961907565593719482e-02
-1.751888357102870941e-02
1.426140666007995605e-01
-5.830077081918716431e-02
-9.996412694454193115e-02
-3.431619703769683838e-02
-1.879453808069229126e-01
7.961528003215789795e-02
-6.309763342142105103e-02
-9.992194920778274536e-02
9.794562123715877533e-03
3.117267191410064697e-01
2.195900864899158478e-02
-1.167277060449123383e-02
2.844169177114963531e-02
-5.342300981283187866e-02
1.612741053104400635e-01
-2.347651496529579163e-02
-5.176264420151710510e-02
-3.113980032503604889e-02
4.741942882537841797e-02
2.418369799852371216e-01
1.100955065339803696e-02
-9.395987540483474731e-02
1.465977281332015991e-01
-1.577755361795425415e-01
-7.968347519636154175e-03
-6.457716226577758789e-02
9.526862949132919312e-02
-9.286951273679733276e-02
1.411862019449472427e-02
7.406762987375259399e-02
2.057917118072509766e-01
-1.245670542120933533e-01
4.156619310379028320e-02
-1.350403726100921631e-01
1.212961599230766296e-01
7.719200849533081055e-02
1.160045042634010315e-01
-1.403890252113342285e-01
-4.204570502042770386e-02
-6.218762695789337158e-02
1.581907123327255249e-01
9.138910472393035889e-02
-9.277354925870895386e-02
6.422684341669082642e-02
-1.128566414117813110e-01
-1.497037857770919800e-01
-1.306784991174936295e-02
-2.207581847906112671e-01
-3.970973938703536987e-02
-1.237321458756923676e-02
-9.353070706129074097e-02
-4.730767570436000824e-03
-2.368502914905548096e-01
4.425181075930595398e-02
-7.825801521539688110e-02
-6.623575091361999512e-02
-1.462841033935546875e-01
1.940647885203361511e-02
9.915962070226669312e-02
5.691612884402275085e-02
3.027931414544582367e-02
1.268071979284286499e-01
6.633292883634567261e-02
-1.886843144893646240e-01
1.539144897833466530e-03
-6.640695780515670776e-02
7.502869516611099243e-02
1.256885100156068802e-02
-1.210157424211502075e-01
-3.198238834738731384e-02
5.047653242945671082e-02
2.698670886456966400e-02
-7.558871060609817505e-02
-2.071962654590606689e-01
-1.111954748630523682e-01
4.645809531211853027e-02
3.033704310655593872e-02
5.442048981785774231e-02
3.576680319383740425e-03
1.913257874548435211e-02
-2.363157272338867188e-01
7.204072177410125732e-02
-7.849477231502532959e-03
1.677481085062026978e-01
-5.829360708594322205e-02
-6.451257318258285522e-02
-2.365813590586185455e-02
-2.224238961935043335e-01
-1.055051758885383606e-01
3.101102821528911591e-02
4.250994697213172913e-02
-2.066471986472606659e-02
-1.187626421451568604e-01
-7.079761475324630737e-02
3.334387671202421188e-03
-1.276924908161163330e-01
1.365171652287244797e-02
-4.494487307965755463e-03
1.786061003804206848e-02
1.193391457200050354e-01
1.777947396039962769e-01
-6.195055320858955383e-02
-4.997326061129570007e-02
-9.945811331272125244e-02
1.620650663971900940e-02
-1.019083056598901749e-02
-2.182528935372829437e-02
1.017889752984046936e-01
-7.010222179815173149e-05
