4.544122610241174698e-03
1.028533130884170532e-01
-3.354076296091079712e-02
-5.837959051132202148e-02
1.842125654220581055e-01
2.931344509124755859e-02
-1.860396116971969604e-01
2.658801153302192688e-02
-6.571979075670242310e-02
2.400732040405273438e-01
1.633379310369491577e-01
-1.393343657255172729e-01
2.936153300106525421e-02
-8.826954662799835205e-02
4.745661094784736633e-02
5.915207788348197937e-02
1.192652136087417603e-01
6.152515113353729248e-02
-2.204192243516445160e-02
-2.094674482941627502e-02
5.903274938464164734e-02
5.660283565521240234e-02
1.347016692161560059e-01
-1.681347936391830444e-01
-2.077105343341827393e-01
-3.469600528478622437e-02
-7.447566837072372437e-02
1.872525811195373535e-01
2.555318409577012062e-03
-1.305442899465560913e-01
1.059482917189598083e-01
9.348500519990921021e-02
1.064708456397056580e-01
1.400208324193954468e-01
1.852551549673080444e-01
2.408341877162456512e-02
6.716432422399520874e-02
-1.487574633210897446e-02
-1.848893240094184875e-02
2.675015246495604515e-03
5.016511678695678711e-02
-1.655266731977462769e-01
1.599946469068527222e-01
-2.287667058408260345e-02
-8.510976284742355347e-02
-6.912594288587570190e-02
6.717345211654901505e-03
1.074450537562370300e-01
-1.667215675115585327e-01
-1.753831282258033752e-02
-8.367498964071273804e-02
-9.193389862775802612e-02
-1.499879211187362671e-01
-1.280167996883392334e-01
1.453057080507278442e-01
-6.968826055526733398e-02
-8.484589308500289917e-02
1.388832181692123413e-01
1.120709329843521118e-01
-4.554578289389610291e-02
9.833782911300659180e-02
8.758457750082015991e-02
5.353591963648796082e-02
8.460385352373123169e-02
1.835958957672119141e-01
7.365053147077560425e-02
3.387125674635171890e-03
-5.725335702300071716e-02
1.833728328347206116e-02
-7.474415749311447144e-02
-1.494295746088027954e-01
1.039862856268882751e-01
2.551022469997406006e-01
2.539762295782566071e-02
2.234637178480625153e-02
8.559122681617736816e-02
-1.725295744836330414e-02
4.510703682899475098e-02
5.997267365455627441e-02
6.402419507503509521e-02
-1.332021057605743408e-01
-3.582750260829925537e-02
1.509338766336441040e-01
-9.051673114299774170e-03
-1.128339581191539764e-02
3.481724485754966736e-02
-1.214318126440048218e-01
4.579864069819450378e-02
8.732621371746063232e-02
1.506609171628952026e-01
-5.665755271911621094e-02
4.896919429302215576e-02
1.129072532057762146e-01
-8.418609946966171265e-02
2.335715107619762421e-02
2.334413863718509674e-02
-4.710655484814196825e-04
-2.867712453007698059e-02
-5.122502148151397705e-02
1.139704212546348572e-01
-9.025247395038604736e-02
6.570126116275787354e-02
-2.563838660717010498e-02
2.010912820696830750e-02
-6.706016510725021362e-02
-1.056630387902259827e-01
-6.330434978008270264e-02
6.795757263898849487e-02
-7.619234174489974976e-02
-4.928038641810417175e-02
1.450755298137664795e-01
9.080300107598304749e-03
4.412386938929557800e-02
5.900588352233171463e-03
-4.118850454688072205e-02
-2.531735226511955261e-02
-1.063695698976516724e-01
-2.217330038547515869e-01
-3.126329928636550903e-02
-8.668761700391769409e-02
