-2.144440077245235443e-02
-2.165064364671707153e-01
9.654188901185989380e-02
5.173322558403015137e-02
8.389303088188171387e-02
9.930643253028392792e-03
-3.185098990797996521e-02
5.241622403264045715e-02
8.519733697175979614e-02
-7.682525366544723511e-02
2.115823328495025635e-02
-1.170357614755630493e-01
6.622081995010375977e-02
-1.160774827003479004e-01
-9.792418777942657471e-02
-1.586738675832748413e-01
1.477718073874711990e-02
-1.160814091563224792e-01
-5.374543741345405579e-02
-1.268238425254821777e-01
-6.156876683235168457e-03
-3.878420218825340271e-02
5.427073687314987183e-03
-1.380119174718856812e-01
-2.068092115223407745e-02
1.304277777671813965e-02
-5.906831100583076477e-02
1.225132569670677185e-01
1.357635706663131714e-01
-7.220969349145889282e-02
-1.245625168085098267e-01
-1.845525228418409824e-03
7.657609879970550537e-02
9.041893482208251953e-02
-1.308246701955795288e-01
-3.954811766743659973e-02
1.295890659093856812e-01
2.463825792074203491e-01
1.035788003355264664e-02
-2.331905215978622437e-01
-1.045760735869407654e-01
-1.480908840894699097e-01
1.657407917082309723e-02
3.835974261164665222e-02
-1.185032948851585388e-01
1.030619144439697266e-01
3.801875188946723938e-02
-1.860012183897197247e-03
-1.517648249864578247e-01
-7.369128288701176643e-04
6.934347748756408691e-02
8.349891752004623413e-02
3.423688933253288269e-02
2.601054869592189789e-02
2.489715814590454102e-03
-1.471640914678573608e-01
-6.089939549565315247e-02
9.868495911359786987e-02
-3.139912337064743042e-02
1.493176519870758057e-01
-8.495154976844787598e-02
9.085877239704132080e-02
-2.231727689504623413e-01
-2.760079316794872284e-02
-6.198826804757118225e-02
-3.644533082842826843e-02
-8.401780575513839722e-02
2.311336435377597809e-02
-1.015814319252967834e-01
-5.318477377295494080e-02
8.826677687466144562e-03
1.025016233325004578e-01
-2.172501198947429657e-02
6.035936996340751648e-02
6.141313537955284119e-02
-1.684691458940505981e-01
-9.493445605039596558e-02
1.335811018943786621e-01
8.342017978429794312e-02
7.677317410707473755e-02
1.813895553350448608e-01
1.104413047432899475e-01
8.449739217758178711e-02
-1.472856849431991577e-01
-4.269882291555404663e-02
-1.850102990865707397e-01
6.017748266458511353e-02
5.602870136499404907e-02
2.171028219163417816e-02
1.542648859322071075e-02
9.058121591806411743e-03
-1.883989423513412476e-01
-8.285909146070480347e-02
-1.294305175542831421e-01
1.193965598940849304e-01
-1.084849461913108826e-01
-1.583828181028366089e-01
-2.889115735888481140e-02
1.962978094816207886e-01
-1.301444470882415771e-01
7.424028962850570679e-02
-8.106630295515060425e-02
-5.055490881204605103e-02
1.997540891170501709e-01
-8.704549819231033325e-02
-8.302971720695495605e-02
8.695209026336669922e-02
-2.938720956444740295e-02
-2.794387005269527435e-02
-2.431173063814640045e-02
-7.211611419916152954e-02
-3.001262806355953217e-02
-1.209759265184402466e-01
6.211652979254722595e-02
2.092525921761989594e-02
1.929142922163009644e-01
-3.561554476618766785e-02
-7.473035156726837158e-02
-1.681992225348949432e-02
-1.760901510715484619e-01
