-3.290302678942680359e-02
-9.354476630687713623e-02
-3.659318760037422180e-02
1.670408807694911957e-02
-8.175975829362869263e-02
8.146972209215164185e-02
7.182412780821323395e-03
5.100677534937858582e-02
8.822441846132278442e-02
-4.918307065963745117e-03
-1.053177341818809509e-01
2.786673605442047119e-02
1.172223240137100220e-01
-1.449125409126281738e-01
1.572605594992637634e-02
5.597193911671638489e-02
-1.363947708159685135e-02
5.042856559157371521e-02
-3.886441141366958618e-02
-1.083178743720054626e-01
-1.021655425429344177e-01
-1.628888994455337524e-01
5.347455665469169617e-02
-4.840609617531299591e-03
4.442575946450233459e-02
-9.614704549312591553e-02
-1.170461103320121765e-01
8.448174595832824707e-02
2.448007278144359589e-02
-2.329495735466480255e-02
-2.339308150112628937e-02
1.329071968793869019e-01
-2.857032977044582367e-02
7.894175499677658081e-02
5.148739088326692581e-03
-4.996494948863983154e-02
2.036502808332443237e-01
1.558118909597396851e-01
3.461760655045509338e-02
2.082887105643749237e-02
-1.354866777546703815e-03
-6.504072993993759155e-02
-1.064056381583213806e-01
5.874199792742729187e-02
6.264654546976089478e-02
-2.026098817586898804e-01
-3.937743976712226868e-02
-3.534523770213127136e-03
-1.372909992933273315e-01
-1.184870973229408264e-01
-4.285861179232597351e-02
5.008620768785476685e-02
1.926432698965072632e-01
1.870203018188476562e-02
-3.062708117067813873e-02
-6.363061070442199707e-02
6.636714190244674683e-02
1.293530315160751343e-01
-2.113394252955913544e-02
1.078384183347225189e-02
-1.503514796495437622e-01
-8.855844289064407349e-02
1.669416874647140503e-01
4.579929262399673462e-02
-2.956898212432861328e-01
1.021312996745109558e-01
1.023754850029945374e-01
-2.103256434202194214e-01
1.161050349473953247e-01
1.016772259026765823e-02
1.089559197425842285e-01
-1.192149668931961060e-01
4.161983355879783630e-02
1.618410348892211914e-01
2.708640135824680328e-02
1.746540330350399017e-02
2.568159066140651703e-02
6.832398474216461182e-02
-5.080068111419677734e-02
-1.109758019447326660e-01
-2.229211665689945221e-02
2.660993672907352448e-02
1.355990469455718994e-01
-5.007680132985115051e-02
-4.309082031250000000e-02
4.873775690793991089e-02
5.627781897783279419e-02
6.476180255413055420e-02
4.020511358976364136e-02
-6.970236450433731079e-02
-9.401755779981613159e-02
2.238537184894084930e-02
1.785271242260932922e-02
-3.989874944090843201e-02
6.371942907571792603e-02
-1.373553127050399780e-01
3.549381718039512634e-02
1.284400373697280884e-01
-9.556590020656585693e-02
-5.377126485109329224e-02
-9.081005305051803589e-02
-1.425783485174179077e-01
3.517522513866424561e-01
1.402204670011997223e-02
-1.930720061063766479e-01
1.520367115736007690e-01
5.533674359321594238e-02
-1.062702536582946777e-01
5.230720713734626770e-02
6.235717609524726868e-02
-1.321412175893783569e-01
-3.164301812648773193e-02
-1.785429418087005615e-01
4.550272226333618164e-02
-3.094780445098876953e-02
-3.587346524000167847e-02
-1.420900672674179077e-01
-2.216463834047317505e-01
6.587316840887069702e-02
-8.842741372063755989e-04
