-7.616299390792846680e-02
-1.675078123807907104e-01
2.022845000028610229e-01
2.238868270069360733e-03
1.906400471925735474e-01
-1.719897389411926270e-01
-5.933432653546333313e-02
-8.185978978872299194e-02
1.787554621696472168e-01
6.943808495998382568e-02
-1.176717653870582581e-01
1.328715384006500244e-01
-1.263468116521835327e-01
-1.568081602454185486e-02
1.935609728097915649e-01
1.233107373118400574e-01
-4.926309362053871155e-02
5.798932537436485291e-02
-6.637707352638244629e-02
1.957222260534763336e-02
2.104550413787364960e-02
1.131505742669105530e-01
1.593717485666275024e-01
-1.270981431007385254e-01
-5.728702619671821594e-02
-8.907546103000640869e-02
1.066373810172080994e-01
-1.408071257174015045e-02
-3.082972206175327301e-02
-1.290997713804244995e-01
-1.144406422972679138e-01
-8.707194775342941284e-02
3.646209836006164551e-02
-1.698585599660873413e-01
-2.855032496154308319e-02
7.114187628030776978e-02
1.253213137388229370e-01
7.977332174777984619e-02
2.598906457424163818e-01
8.753276616334915161e-02
2.189692854881286621e-02
-3.316605463624000549e-02
-1.781638711690902710e-01
-1.096849441528320312e-01
-1.856616698205471039e-02
8.398076146841049194e-02
6.791125982999801636e-02
1.312305927276611328e-01
-1.231366321444511414e-01
1.813501566648483276e-01
-6.718557327985763550e-02
5.074832588434219360e-02
-2.427280694246292114e-02
-1.620779931545257568e-01
-2.373760491609573364e-01
6.147887185215950012e-02
1.879973113536834717e-01
1.578810662031173706e-01
-1.013895645737648010e-01
6.782213598489761353e-02
-3.895732387900352478e-02
-1.345185488462448120e-01
-1.498108804225921631e-01
4.078207537531852722e-02
-7.666490226984024048e-02
-6.583099812269210815e-02
8.664842694997787476e-02
-4.378522932529449463e-02
-1.747006922960281372e-02
-2.407234162092208862e-01
4.378465935587882996e-02
1.929989904165267944e-01
1.816193759441375732e-02
1.437736004590988159e-01
1.525114625692367554e-01
9.899765253067016602e-02
5.054859444499015808e-02
5.051259649917483330e-04
-3.006236255168914795e-02
-5.791783332824707031e-02
1.141883730888366699e-01
1.257415711879730225e-01
-9.065941721200942993e-02
-1.547820717096328735e-01
5.953779444098472595e-02
1.969633065164089203e-02
2.454529553651809692e-01
4.886357858777046204e-02
-5.886300280690193176e-02
-6.347411870956420898e-02
1.201058086007833481e-02
-2.010504342615604401e-02
1.042429804801940918e-01
-1.031025648117065430e-01
9.426470100879669189e-02
-9.774988144636154175e-02
8.390213362872600555e-03
-7.307591289281845093e-02
4.521809145808219910e-02
-4.547015950083732605e-02
-3.249465487897396088e-03
-1.889239400625228882e-01
7.408139295876026154e-03
-2.951006032526493073e-02
-7.290830370038747787e-03
-3.892447054386138916e-02
-9.741532057523727417e-02
3.425655653700232506e-03
-9.170494973659515381e-02
-1.521504968404769897e-01
9.480773657560348511e-02
1.700253039598464966e-01
-8.402173966169357300e-02
2.220675908029079437e-02
-4.355924949049949646e-02
6.593888252973556519e-02
-2.287390641868114471e-02
-1.681600511074066162e-01
1.696449518203735352e-01
-6.331404298543930054e-02
