-1.068617627024650574e-01
-1.055959239602088928e-01
-3.221423551440238953e-02
1.342038363218307495e-01
-2.442186325788497925e-01
1.197885721921920776e-01
-5.973843485116958618e-02
-3.710289299488067627e-02
-1.071304827928543091e-01
-4.979826137423515320e-02
-7.045579701662063599e-02
1.164922118186950684e-01
-6.650479137897491455e-02
-9.695023298263549805e-03
6.496772635728120804e-03
-3.667804598808288574e-02
-1.048121675848960876e-01
-4.998434707522392273e-02
-3.710276633501052856e-02
-2.086878567934036255e-02
-5.472365021705627441e-02
4.030398651957511902e-02
-4.067515954375267029e-02
-1.103453058749437332e-02
2.676603570580482483e-02
1.302870083600282669e-02
-1.944310963153839111e-01
-6.184019148349761963e-02
-1.420859340578317642e-02
2.466537058353424072e-01
-1.145336627960205078e-01
-2.279492840170860291e-02
8.955000340938568115e-02
3.288071230053901672e-02
-1.516001820564270020e-01
-7.858163863420486450e-02
-1.017670496366918087e-03
-5.782882124185562134e-02
4.517840594053268433e-02
-1.173338107764720917e-02
2.689926624298095703e-01
8.653700351715087891e-02
-2.566678263247013092e-02
5.893123894929885864e-02
1.053333375602960587e-02
1.599910408258438110e-01
1.305866390466690063e-01
8.931636065244674683e-02
1.783864498138427734e-01
-8.669182658195495605e-02
1.081939786672592163e-01
-1.151703745126724243e-01
-7.601644098758697510e-02
-2.079806663095951080e-02
3.237925097346305847e-02
1.428257022053003311e-02
9.447040408849716187e-02
-2.223838120698928833e-01
9.628242254257202148e-02
1.927122026681900024e-01
-1.559733450412750244e-01
-1.638038270175457001e-02
-1.288061141967773438e-01
6.998511403799057007e-02
5.883124843239784241e-02
1.126532405614852905e-01
-7.226059585809707642e-02
-2.851128578186035156e-02
3.100175969302654266e-02
-8.280138717964291573e-04
-8.920115232467651367e-02
-2.567246928811073303e-02
-1.429001390933990479e-01
-1.097359582781791687e-01
1.004851609468460083e-01
-1.256632357835769653e-01
7.451799232512712479e-03
-1.621422730386257172e-02
2.103613875806331635e-02
-9.097077697515487671e-02
5.779478326439857483e-02
-7.714772969484329224e-02
6.400599144399166107e-03
-6.439573317766189575e-02
-1.896320134401321411e-01
3.405672311782836914e-02
6.260904669761657715e-02
-3.182630985975265503e-02
5.603764206171035767e-02
1.530028320848941803e-02
-3.275024145841598511e-02
1.579798385500907898e-02
-1.581078767776489258e-01
3.593862056732177734e-02
-1.383303403854370117e-01
-1.702674478292465210e-01
4.040980711579322815e-03
3.418124280869960785e-03
3.698261827230453491e-02
8.403781801462173462e-02
-7.659350335597991943e-02
-4.733821749687194824e-02
6.794373691082000732e-02
2.603847533464431763e-02
-3.236296772956848145e-02
-9.150680899620056152e-02
2.863536961376667023e-02
8.791721612215042114e-02
-1.271117776632308960e-01
9.445779025554656982e-02
1.166653260588645935e-01
4.177000001072883606e-02
-2.214833535254001617e-02
1.771269738674163818e-01
9.647167474031448364e-02
1.164429560303688049e-01
-1.405060738325119019e-01
1.000356823205947876e-01
-6.148706004023551941e-02
1.623531803488731384e-02
