5.124565679579973221e-03
-1.098906472325325012e-01
1.261358261108398438e-01
6.529728323221206665e-02
-5.524045322090387344e-03
-1.142637804150581360e-02
1.399939358234405518e-01
-9.756600484251976013e-03
3.040197491645812988e-02
-3.868773579597473145e-02
7.652500271797180176e-02
-5.032451078295707703e-02
-8.862945105647668242e-05
6.052727997303009033e-02
-1.719200797379016876e-02
-1.038580536842346191e-01
1.454037725925445557e-01
1.808015555143356323e-01
-1.046147719025611877e-01
-1.355685852468013763e-02
1.025271490216255188e-01
2.252816408872604370e-02
-1.434652879834175110e-02
-1.315461397171020508e-01
-8.647717535495758057e-02
2.924316562712192535e-02
3.803745657205581665e-02
-1.408426314592361450e-01
-9.501159936189651489e-02
7.839687913656234741e-02
-1.038356199860572815e-01
1.688392013311386108e-01
-8.400514721870422363e-03
-3.323989734053611755e-02
1.231241226196289062e-01
-1.974342390894889832e-02
-1.315394937992095947e-01
3.924933075904846191e-02
1.282664388418197632e-01
-2.476502023637294769e-02
-3.263213485479354858e-02
-3.617744892835617065e-02
5.220986157655715942e-02
2.397999539971351624e-02
-7.630547508597373962e-03
-4.138983786106109619e-02
1.250173300504684448e-01
-1.534113287925720215e-01
1.416790336370468140e-01
1.638150960206985474e-01
-6.642599590122699738e-03
5.405294522643089294e-02
8.151583373546600342e-02
-1.131520606577396393e-02
9.625054150819778442e-02
4.274505190551280975e-03
-9.021163731813430786e-02
1.520038247108459473e-01
-6.788119673728942871e-02
1.186292767524719238e-01
-7.079730927944183350e-02
9.260527044534683228e-02
-2.110729180276393890e-02
4.411841556429862976e-02
-1.318485736846923828e-01
-1.989875733852386475e-02
1.188638210296630859e-01
6.359267234802246094e-02
1.796945482492446899e-01
-1.887840963900089264e-02
1.984854601323604584e-02
3.089803643524646759e-02
1.398551762104034424e-01
-5.266299843788146973e-02
1.382493674755096436e-01
2.885124459862709045e-02
-8.849575370550155640e-02
-8.076828904449939728e-03
4.962081462144851685e-02
3.592947125434875488e-02
1.714407652616500854e-01
-5.776486545801162720e-02
1.052193790674209595e-01
5.530078429728746414e-03
-1.048893257975578308e-01
5.118978768587112427e-02
-2.134248018264770508e-01
5.000822991132736206e-02
-3.067503273487091064e-01
7.042366266250610352e-02
4.203502833843231201e-02
1.853370224125683308e-03
-6.922385841608047485e-02
-1.284729391336441040e-01
2.091224044561386108e-01
-2.325637079775333405e-02
-2.256876043975353241e-02
1.209022775292396545e-01
5.705459415912628174e-02
-8.738148957490921021e-02
