-8.351153135299682617e-02
-1.114380732178688049e-01
-8.000915497541427612e-02
-2.088622301816940308e-01
1.009378805756568909e-01
5.448148772120475769e-02
-6.493891030550003052e-02
2.179782837629318237e-01
-6.271834019571542740e-03
7.292169332504272461e-02
1.048166081309318542e-01
2.107201665639877319e-01
7.613983005285263062e-02
-1.548947244882583618e-01
-4.324154183268547058e-02
-1.498282700777053833e-01
-1.051818951964378357e-01
-2.598009072244167328e-02
-1.563163474202156067e-03
1.469746083021163940e-01
-5.973604321479797363e-02
-3.662919998168945312e-02
2.919596433639526367e-02
-7.499996572732925415e-02
8.563652634620666504e-02
-1.770361959934234619e-01
-2.169824838638305664e-01
-2.643464878201484680e-02
6.512401252985000610e-02
-3.953057900071144104e-02
5.518928915262222290e-02
-1.621694713830947876e-01
1.176644712686538696e-01
8.926454931497573853e-03
1.313319504261016846e-01
4.222788847982883453e-03
-7.193795591592788696e-02
1.237519979476928711e-01
-4.678595345467329025e-03
-2.206848710775375366e-01
-7.140134274959564209e-02
1.349168550223112106e-02
4.704693704843521118e-02
-3.362331911921501160e-02
1.983567625284194946e-01
-1.066811457276344299e-01
-6.599728018045425415e-02
-6.949191540479660034e-02
-1.040708348155021667e-01
-2.642304636538028717e-02
-5.721116811037063599e-02
1.755798012018203735e-01
8.483166992664337158e-02
2.461332827806472778e-02
1.044835802167654037e-02
-1.480154599994421005e-02
2.472074516117572784e-02
8.276545442640781403e-03
-1.066942587494850159e-01
1.253060847520828247e-01
-1.837824285030364990e-01
-5.943849217146635056e-03
-5.160779878497123718e-02
1.072845384478569031e-01
7.755485177040100098e-02
7.417152822017669678e-02
1.430509239435195923e-01
2.483074925839900970e-02
1.247053891420364380e-01
1.360656041651964188e-02
-3.532698750495910645e-02
5.534930154681205750e-02
1.776728592813014984e-02
-2.192770093679428101e-01
-2.973135374486446381e-02
5.539109930396080017e-03
2.424455806612968445e-02
-5.122905597090721130e-02
-4.524903744459152222e-02
7.470476627349853516e-02
2.897514700889587402e-01
-7.648228108882904053e-02
-8.503898978233337402e-02
3.297009691596031189e-02
-7.711983635090291500e-04
-1.108063235878944397e-01
1.351923048496246338e-01
-2.592091634869575500e-02
-1.757693141698837280e-01
-1.447273939847946167e-01
1.607453972101211548e-01
-4.608062654733657837e-02
-2.953317575156688690e-02
6.085614487528800964e-02
8.655169606208801270e-02
2.151904404163360596e-01
-1.524202376604080200e-01
1.023059152066707611e-02
8.013834804296493530e-02
-1.109281778335571289e-01
-1.348638385534286499e-01
-2.709541283547878265e-02
-4.669852182269096375e-02
-1.704070121049880981e-01
1.120699048042297363e-01
-1.287517994642257690e-01
6.208207830786705017e-02
-1.061060950160026550e-01
5.352202802896499634e-02
-2.361089922487735748e-02
-7.351342588663101196e-03
-3.510650247335433960e-02
-2.025051563978195190e-01
2.566133812069892883e-02
7.071638107299804688e-02
-2.082861028611660004e-03
-8.768079429864883423e-02
-2.983047999441623688e-02
8.827114105224609375e-02
1.471929848194122314e-01
