-2.843500673770904541e-02
-2.007856220006942749e-02
-1.622821688652038574e-01
1.368580162525177002e-01
-7.981391251087188721e-02
1.425484269857406616e-01
1.312032490968704224e-01
6.796202063560485840e-02
2.485550567507743835e-02
2.559584192931652069e-02
1.514735817909240723e-01
1.418938487768173218e-01
7.184231281280517578e-02
-1.624654792249202728e-02
-5.478782579302787781e-02
1.528556495904922485e-01
-4.769731685519218445e-02
3.504473017528653145e-03
-2.310867421329021454e-02
2.764940820634365082e-02
7.547459006309509277e-02
-1.512806266546249390e-01
-3.448295593261718750e-02
5.320457741618156433e-02
-9.863245300948619843e-03
2.209069498348981142e-04
7.060427963733673096e-02
8.448888361454010010e-02
3.802013397216796875e-02
1.089850589632987976e-01
1.719786077737808228e-01
-8.482003957033157349e-02
5.865479260683059692e-02
4.267834126949310303e-02
-9.040541201829910278e-02
-3.343085944652557373e-02
-7.838599383831024170e-02
-6.149910017848014832e-02
-1.024643406271934509e-01
-3.944647312164306641e-02
-8.419061452150344849e-02
-1.801720708608627319e-01
3.427189216017723083e-02
1.307068169116973877e-01
-1.600200310349464417e-03
-1.356900483369827271e-01
-7.241743803024291992e-02
-2.231694310903549194e-01
-9.360082447528839111e-02
-4.115235060453414917e-02
-8.811093866825103760e-02
-1.115583181381225586e-01
7.499679177999496460e-02
-2.737873494625091553e-01
-9.015844762325286865e-02
-3.056998923420906067e-02
-7.198957353830337524e-02
-3.958310559391975403e-02
-2.643291950225830078e-01
1.044532209634780884e-01
-2.080227434635162354e-02
1.009791642427444458e-01
-1.075916439294815063e-01
7.112581282854080200e-02
1.499281376600265503e-01
1.536041051149368286e-01
-1.421367675065994263e-01
9.493545442819595337e-02
-7.274036761373281479e-03
7.408768683671951294e-02
1.048831567168235779e-01
-1.536911427974700928e-01
-1.600876003503799438e-01
1.525066327303647995e-02
-4.429773613810539246e-02
-7.646799087524414062e-02
2.565153501927852631e-02
2.680666148662567139e-01
-1.410969495773315430e-01
5.316808819770812988e-02
-1.201595272868871689e-02
-6.851007789373397827e-02
1.127857938408851624e-01
-9.999334067106246948e-02
3.186742216348648071e-02
5.595678091049194336e-02
-2.091666683554649353e-02
6.226932629942893982e-02
-1.719363033771514893e-01
-1.364639252424240112e-01
-1.072342544794082642e-01
-7.200899068266153336e-03
2.775985514745116234e-03
1.654983460903167725e-01
6.665356457233428955e-03
-1.493670977652072906e-02
-8.119302242994308472e-02
6.328862905502319336e-02
-1.067079305648803711e-01
1.237898245453834534e-01
1.034139376133680344e-02
1.657467037439346313e-01
-4.134718701243400574e-02
1.036015525460243225e-01
-7.279633730649948120e-02
1.459195464849472046e-01
5.451856181025505066e-02
4.183160141110420227e-02
6.384646892547607422e-02
5.677778273820877075e-02
1.629367619752883911e-01
8.095879852771759033e-02
1.239586994051933289e-01
2.262588590383529663e-01
-7.127872109413146973e-02
2.787047438323497772e-02
-1.079385504126548767e-01
3.048799335956573486e-01
9.718566201627254486e-03
-1.879791319370269775e-01
