6.547707319259643555e-02
1.155896708369255066e-01
-8.303379267454147339e-02
-9.789658337831497192e-02
1.313409358263015747e-01
-1.267680674791336060e-01
1.302777230739593506e-01
-3.032046929001808167e-02
3.627948835492134094e-02
8.840067312121391296e-03
-3.823703527450561523e-02
4.952405020594596863e-02
-9.846492856740951538e-02
-3.314045071601867676e-02
-1.062544211745262146e-01
1.340617090463638306e-01
1.231555342674255371e-01
-2.247489988803863525e-02
7.872632890939712524e-02
7.423882931470870972e-02
4.555459320545196533e-02
-3.154882416129112244e-02
2.367110550403594971e-01
-7.705532014369964600e-02
1.344587802886962891e-01
-1.977362483739852905e-02
2.443118952214717865e-02
2.957554534077644348e-02
-1.261948794126510620e-01
1.037321463227272034e-01
1.739692687988281250e-01
-7.775881141424179077e-02
7.245114445686340332e-02
-1.142760738730430603e-01
2.511591613292694092e-01
1.390061676502227783e-01
-1.822107098996639252e-02
1.477259546518325806e-01
1.914519518613815308e-01
-1.451608985662460327e-01
-3.130872920155525208e-02
-6.556159351021051407e-03
1.467654109001159668e-01
6.417118757963180542e-02
2.607518434524536133e-02
-7.827021926641464233e-02
-6.471138447523117065e-02
2.003695219755172729e-01
3.470441699028015137e-02
7.045929878950119019e-02
-1.206970587372779846e-01
2.070379070937633514e-02
3.084436617791652679e-02
-1.150945946574211121e-01
-1.225590929388999939e-01
-6.750103086233139038e-02
5.560280755162239075e-02
5.754399299621582031e-02
4.831601679325103760e-02
-3.962571546435356140e-02
-4.383955895900726318e-02
-1.426037400960922241e-01
7.471058517694473267e-02
2.075983285903930664e-01
7.566825300455093384e-02
-5.834913253784179688e-02
2.241426892578601837e-02
-4.580776020884513855e-02
-3.185490891337394714e-02
-4.527808725833892822e-02
2.449599802494049072e-01
-8.589939214289188385e-03
5.578830838203430176e-02
7.790728658437728882e-02
-3.414545580744743347e-02
-1.479765176773071289e-01
-1.420632004737854004e-01
1.080337688326835632e-01
-2.800947288051247597e-03
1.893016993999481201e-01
3.076372481882572174e-02
1.392251551151275635e-01
1.350894011557102203e-02
5.308109149336814880e-02
-1.622603833675384521e-01
-1.153375878930091858e-01
3.051870130002498627e-02
-3.898596391081809998e-02
1.433700770139694214e-01
-1.273724734783172607e-01
4.626857582479715347e-03
-6.169110536575317383e-02
4.631900414824485779e-02
9.818359464406967163e-02
7.633885741233825684e-02
-2.651052549481391907e-02
-2.682380378246307373e-01
1.291618943214416504e-01
-1.018123552203178406e-01
2.722861245274543762e-02
-3.272373601794242859e-02
1.181853283196687698e-02
1.134724244475364685e-01
-9.977568686008453369e-02
1.050529628992080688e-01
-1.328915208578109741e-01
2.400026284158229828e-02
1.327420920133590698e-01
7.521217316389083862e-02
1.837270110845565796e-01
-1.851986199617385864e-01
1.837491057813167572e-02
-7.257407903671264648e-02
2.664017491042613983e-02
1.705418527126312256e-02
-4.971976578235626221e-02
7.460521161556243896e-02
7.749027758836746216e-02
5.760910734534263611e-02
1.628726422786712646e-01
