-4.448215290904045105e-02
9.170869737863540649e-02
-4.974481090903282166e-02
3.901693969964981079e-02
-1.548513621091842651e-01
-1.180028915405273438e-01
-1.126281842589378357e-01
-8.453428745269775391e-02
-1.558514982461929321e-01
-5.979999899864196777e-03
-3.820630908012390137e-02
-4.357725754380226135e-02
7.407325506210327148e-02
2.219104580581188202e-02
-5.692029744386672974e-02
-7.296954095363616943e-02
-2.846763432025909424e-01
-3.474271623417735100e-03
6.944821774959564209e-02
-8.808588236570358276e-02
3.707924624904990196e-03
-1.190844103693962097e-01
1.243007108569145203e-01
3.232514485716819763e-03
1.122143305838108063e-02
-1.068455725908279419e-02
7.656738907098770142e-02
-1.825100556015968323e-02
-3.606122359633445740e-02
2.334676235914230347e-01
1.657233014702796936e-02
2.330609112977981567e-01
8.483108878135681152e-02
4.811045154929161072e-02
-2.578725293278694153e-02
7.094308733940124512e-02
-1.038347482681274414e-01
-1.025120541453361511e-01
-9.792994707822799683e-02
-7.411935180425643921e-02
1.313135027885437012e-01
-7.493051141500473022e-02
-2.783414674922823906e-03
-6.084040924906730652e-02
-8.485919237136840820e-02
2.061761617660522461e-01
1.660486906766891479e-01
5.280482769012451172e-02
5.251793656498193741e-03
6.648372858762741089e-02
-1.577357947826385498e-01
1.938445568084716797e-01
1.009995341300964355e-01
-3.887684270739555359e-02
-7.839120924472808838e-03
-1.092188730835914612e-01
5.846213921904563904e-02
2.134446799755096436e-02
-1.976841092109680176e-01
-1.800827533006668091e-01
-1.528845261782407761e-02
6.228905543684959412e-02
4.112062230706214905e-02
1.388945877552032471e-01
8.343096822500228882e-02
-7.954650372266769409e-02
-6.791571620851755142e-03
1.986387930810451508e-02
-5.889923311769962311e-03
-3.208794817328453064e-02
3.322600573301315308e-02
1.770157068967819214e-01
-8.233672380447387695e-02
1.653499528765678406e-02
-3.510439395904541016e-02
1.407703757286071777e-01
1.628938466310501099e-01
-1.021177228540182114e-02
1.653293371200561523e-01
-3.211728110909461975e-02
1.606760546565055847e-02
-6.246621161699295044e-02
1.748906970024108887e-01
-1.474076509475708008e-01
1.347857248038053513e-02
-1.461464911699295044e-01
-5.751144886016845703e-02
1.081622205674648285e-02
-1.100560352206230164e-01
-3.138716816902160645e-01
1.337314099073410034e-01
-9.268696606159210205e-02
2.690893225371837616e-02
-5.132490023970603943e-02
-1.032975241541862488e-01
-6.697063148021697998e-02
1.555368602275848389e-01
-8.522490411996841431e-02
-3.680092096328735352e-02
-1.087814718484878540e-01
1.395060867071151733e-01
-1.044232025742530823e-01
2.313957512378692627e-01
3.535635536536574364e-03
8.859512209892272949e-02
-7.386209815740585327e-02
-5.173859000205993652e-02
1.593552529811859131e-01
-1.252796351909637451e-01
1.536239981651306152e-01
7.423754781484603882e-02
-1.094481125473976135e-01
-3.904538694769144058e-03
1.125496029853820801e-01
-1.152964606881141663e-01
1.143779512494802475e-02
2.012786418199539185e-01
-4.812333360314369202e-02
3.059013187885284424e-02
5.893288925290107727e-02
