-1.046609506011009216e-01
-2.221744880080223083e-02
-6.880494207143783569e-02
-6.103637441992759705e-02
3.701262176036834717e-02
1.000208854675292969e-01
-4.121609777212142944e-02
-1.962708495557308197e-02
7.919915765523910522e-02
-1.359440386295318604e-02
1.366127729415893555e-01
8.333893865346908569e-02
-2.090347558259963989e-01
1.380524784326553345e-02
-1.991367787122726440e-01
-2.159374505281448364e-01
-7.513097673654556274e-02
1.176440045237541199e-01
6.658351421356201172e-02
-3.513604030013084412e-02
1.572120636701583862e-01
1.346166431903839111e-01
2.624219655990600586e-02
-1.645848304033279419e-01
-6.257023662328720093e-02
3.632176294922828674e-02
1.390312016010284424e-01
-1.176831498742103577e-02
1.104697212576866150e-01
1.967852003872394562e-03
1.508511155843734741e-01
5.782797560095787048e-02
1.450464827939867973e-03
-3.247005492448806763e-02
-1.276265084743499756e-01
1.865176409482955933e-01
-3.717418760061264038e-03
-2.260475009679794312e-01
8.663717890158295631e-04
2.044916898012161255e-02
-8.315011113882064819e-02
-1.404905784875154495e-02
-9.542748332023620605e-02
-1.191913112998008728e-01
-1.219543367624282837e-01
6.985396146774291992e-02
8.126387745141983032e-02
6.929802894592285156e-02
-2.765530347824096680e-02
-9.955421835184097290e-02
-3.688501939177513123e-02
6.151426956057548523e-02
-1.937267780303955078e-01
1.843519359827041626e-01
2.580884099006652832e-02
1.588792204856872559e-01
-1.527614612132310867e-02
1.912604272365570068e-01
5.411911755800247192e-02
-1.136788874864578247e-01
-1.494186092168092728e-02
1.389724435284733772e-03
-2.101937383413314819e-01
5.842340760864317417e-04
-1.322761923074722290e-02
-1.160294376313686371e-02
7.315592467784881592e-02
-6.990053504705429077e-02
1.186189651489257812e-01
-1.182140037417411804e-01
1.808297447860240936e-02
-2.175685614347457886e-01
3.786553069949150085e-02
-1.548181623220443726e-01
-1.325875669717788696e-01
-5.554074048995971680e-02
-1.435792744159698486e-01
1.000882983207702637e-01
4.904624447226524353e-02
-6.894671916961669922e-02
-1.102826595306396484e-01
1.211496815085411072e-02
7.981553673744201660e-03
1.569970846176147461e-01
-5.060775205492973328e-02
-4.441073909401893616e-02
-6.059904024004936218e-02
-9.208738803863525391e-02
5.006652697920799255e-02
-3.656995669007301331e-02
-1.186930295079946518e-02
-1.465629041194915771e-01
-1.754413358867168427e-02
-2.275596186518669128e-02
2.844744920730590820e-02
1.232030019164085388e-01
-1.664863079786300659e-01
1.034660171717405319e-02
1.166829094290733337e-01
-4.425217583775520325e-02
1.097462791949510574e-02
-1.453190147876739502e-01
-1.230894494801759720e-02
7.240182161331176758e-02
1.154821887612342834e-01
1.859846338629722595e-02
1.135315820574760437e-01
-1.429658085107803345e-01
1.161431074142456055e-01
1.496261209249496460e-01
-1.148300319910049438e-01
-1.282629836350679398e-02
3.610191121697425842e-02
-6.119709834456443787e-02
-3.559309616684913635e-02
-1.003905907273292542e-01
-7.106533646583557129e-02
1.165567263960838318e-01
-1.505462527275085449e-01
9.405101835727691650e-02
