-2.776523232460021973e-01
1.056775376200675964e-01
-6.249376013875007629e-02
1.616700924932956696e-02
-9.978058934211730957e-02
1.125636324286460876e-01
-7.272928953170776367e-03
-1.926475316286087036e-01
-7.227466255426406860e-02
2.588676055893301964e-03
1.811087280511856079e-01
1.149511337280273438e-01
4.716566950082778931e-02
8.891966938972473145e-02
-1.671293228864669800e-01
-1.103912964463233948e-01
5.998103693127632141e-02
4.019870981574058533e-02
9.092839807271957397e-02
1.037574186921119690e-01
-1.081777364015579224e-01
-1.009050160646438599e-01
3.886144980788230896e-02
2.517548017203807831e-02
1.295874416828155518e-01
-9.707854688167572021e-02
8.789369463920593262e-02
-6.435170024633407593e-02
-4.332846403121948242e-02
1.221078783273696899e-01
-7.823342829942703247e-02
-5.469199642539024353e-02
1.477681547403335571e-01
1.954045519232749939e-02
7.434716075658798218e-02
-9.398382157087326050e-02
-1.424078792333602905e-01
-1.094645038247108459e-01
-1.499222964048385620e-01
-6.037658080458641052e-02
-5.526560544967651367e-02
2.459282614290714264e-02
-8.837985247373580933e-02
8.641925454139709473e-02
2.292890660464763641e-02
-4.675886407494544983e-02
-8.098962157964706421e-02
4.083787277340888977e-02
-5.838841199874877930e-02
9.014593809843063354e-02
8.387155085802078247e-02
-1.918695308268070221e-02
6.080207880586385727e-03
8.642425388097763062e-02
1.903964132070541382e-01
-5.400976538658142090e-02
1.043769866228103638e-01
7.903354614973068237e-02
-1.415786333382129669e-02
1.506372243165969849e-01
-9.351614117622375488e-02
1.005929335951805115e-01
3.880068659782409668e-02
-2.819426171481609344e-02
8.581370115280151367e-02
3.339081630110740662e-02
8.603618294000625610e-02
2.631702832877635956e-02
3.096413612365722656e-01
-8.618540316820144653e-02
-3.222674131393432617e-02
-4.993471782654523849e-03
-5.995179340243339539e-02
8.092267066240310669e-02
-2.208459228277206421e-01
-1.065794005990028381e-01
5.950294062495231628e-02
8.762957900762557983e-02
-1.643479242920875549e-02
9.967479109764099121e-02
2.297663502395153046e-02
-1.806828081607818604e-01
-1.079509407281875610e-01
2.552828565239906311e-02
1.150384172797203064e-01
1.370679587125778198e-01
4.653602372854948044e-04
-6.655488163232803345e-02
-1.109792366623878479e-01
-1.502106636762619019e-01
-5.120375379920005798e-02
1.616446971893310547e-01
-3.716586902737617493e-02
-1.110588684678077698e-01
-2.445983700454235077e-02
2.005591429769992828e-02
6.516560167074203491e-02
1.440814584493637085e-01
8.495842665433883667e-02
-1.304179280996322632e-01
6.968896836042404175e-03
1.378928571939468384e-01
-1.696432940661907196e-02
-3.122383728623390198e-02
-1.118121147155761719e-01
4.668659344315528870e-02
1.112928614020347595e-01
-1.430236399173736572e-01
-9.265436977148056030e-02
1.097628250718116760e-01
-5.876982212066650391e-02
4.211162403225898743e-02
-2.155291140079498291e-01
-1.460436284542083740e-01
7.401444017887115479e-02
1.471454352140426636e-01
1.069216951727867126e-01
2.842109836637973785e-02
2.059531863778829575e-03
-6.048063747584819794e-03
