5.680816248059272766e-02
4.366062954068183899e-02
2.305421382188796997e-01
-1.376709640026092529e-01
-5.895768478512763977e-02
-5.731136351823806763e-02
1.146382912993431091e-01
1.743505299091339111e-01
-2.297453349456191063e-03
-1.147406697273254395e-01
7.158256322145462036e-02
-5.226520821452140808e-02
-9.948038309812545776e-02
2.413450330495834351e-01
-1.251929402351379395e-01
-7.278099190443754196e-03
1.287837233394384384e-02
3.715984523296356201e-02
5.674606189131736755e-02
1.178475748747587204e-02
7.778669148683547974e-02
9.695968776941299438e-02
-9.060019999742507935e-02
-1.302945017814636230e-01
-9.022720903158187866e-02
1.574314199388027191e-02
2.761107385158538818e-01
-3.493590280413627625e-02
-1.143029239028692245e-02
3.570092469453811646e-02
-3.054835274815559387e-02
8.414076268672943115e-02
-8.086498081684112549e-02
-3.090429119765758514e-02
-4.474989324808120728e-02
7.201687991619110107e-02
8.780876547098159790e-02
-7.300652563571929932e-02
1.069113388657569885e-01
-5.006457492709159851e-02
-8.026595227420330048e-03
-4.514665901660919189e-02
1.315321475267410278e-01
-5.464903265237808228e-02
1.965294927358627319e-01
5.125456675887107849e-02
8.889635652303695679e-02
7.949166744947433472e-02
-8.541901409626007080e-02
-1.235115900635719299e-01
3.080606460571289062e-02
2.828197181224822998e-02
-9.895195811986923218e-02
-1.065887436270713806e-01
1.666295528411865234e-02
-4.638967290520668030e-02
6.976981461048126221e-02
-9.439946711063385010e-02
1.635256856679916382e-01
-1.501188129186630249e-01
9.790724515914916992e-02
6.462756544351577759e-02
-9.664949029684066772e-02
4.729172959923744202e-02
1.031192671507596970e-02
9.548672288656234741e-02
-8.623779565095901489e-02
-1.103953719139099121e-01
-8.312848955392837524e-02
-1.593987271189689636e-02
-6.260051857680082321e-03
-1.330140382051467896e-01
4.620626196265220642e-02
-1.054654866456985474e-01
1.398086994886398315e-01
-1.512524634599685669e-01
-2.189157065004110336e-03
-2.254538238048553467e-03
-1.201209947466850281e-01
4.066258668899536133e-02
-1.326391249895095825e-01
-4.330142214894294739e-02
1.831354200839996338e-01
5.599196627736091614e-02
-6.422077864408493042e-02
1.479729171842336655e-02
-4.562511295080184937e-02
1.535584181547164917e-01
1.031018272042274475e-01
2.027817070484161377e-01
-2.133350819349288940e-01
4.404148459434509277e-02
-3.314355015754699707e-02
1.570708751678466797e-01
2.413051761686801910e-02
9.377548098564147949e-02
-1.876496821641921997e-01
6.571703404188156128e-02
3.624048084020614624e-02
-1.142453216016292572e-02
-5.753651261329650879e-03
1.532389670610427856e-01
3.998409211635589600e-02
-4.462775588035583496e-02
-1.458246111869812012e-01
-1.894904486835002899e-02
-3.032009862363338470e-02
5.795010551810264587e-02
-1.028108038008213043e-02
-4.961247369647026062e-02
-1.235713344067335129e-02
-1.663531363010406494e-01
2.454767972230911255e-01
-1.310622226446866989e-02
9.129454940557479858e-02
-1.517575979232788086e-02
1.703967601060867310e-01
4.110348410904407501e-03
1.283805966377258301e-01
-1.878015846014022827e-01
