-8.555599302053451538e-02
-2.665375731885433197e-02
-1.269524544477462769e-01
1.889364868402481079e-01
2.160606719553470612e-02
-2.012291699647903442e-01
4.261410981416702271e-02
4.697101563215255737e-02
-5.239564925432205200e-02
-7.634991407394409180e-02
-1.285102125257253647e-02
-8.939184993505477905e-02
-3.795360447838902473e-03
1.837794035673141479e-01
-8.894829079508781433e-03
-1.886726729571819305e-02
-3.103412687778472900e-02
-9.883060306310653687e-02
-6.206614524126052856e-02
8.948004804551601410e-03
-1.790865808725357056e-01
-3.291709348559379578e-02
-1.982102543115615845e-02
-1.937691937200725079e-03
8.763723820447921753e-02
-2.348237112164497375e-02
-4.589119926095008850e-02
-1.552989240735769272e-03
2.580595612525939941e-01
-6.108975037932395935e-02
8.931600302457809448e-02
-1.027988716959953308e-01
-1.407697498798370361e-01
-6.857987493276596069e-02
1.219414249062538147e-01
1.422433461993932724e-02
-7.329238206148147583e-02
-1.463721394538879395e-01
-1.732139289379119873e-02
-4.402485117316246033e-02
1.412349492311477661e-01
-4.615033417940139771e-02
-9.154094755649566650e-02
-1.486028879880905151e-01
9.181711077690124512e-02
5.840959772467613220e-02
-7.159151136875152588e-02
9.675981849431991577e-02
1.075413152575492859e-01
-7.707037031650543213e-02
-8.928515017032623291e-02
2.818920314311981201e-01
-1.162859126925468445e-01
6.445992738008499146e-02
7.634060829877853394e-02
1.928457915782928467e-01
-1.371209044009447098e-02
6.194586306810379028e-02
6.418169289827346802e-02
5.340602621436119080e-02
-9.515246492810547352e-04
-8.552543073892593384e-02
8.500771969556808472e-02
-6.490533798933029175e-02
-2.135645896196365356e-01
-5.607960373163223267e-02
-5.724822357296943665e-02
-5.215631052851676941e-02
-1.968632936477661133e-01
9.317748993635177612e-02
-8.535861968994140625e-02
-5.552969500422477722e-02
1.772972755134105682e-04
-2.753298543393611908e-02
-1.107432469725608826e-01
-5.429318547248840332e-02
-7.292124629020690918e-02
-9.841454029083251953e-02
-3.629539534449577332e-02
-3.179464489221572876e-02
-6.970777362585067749e-02
8.589539676904678345e-02
-4.498090967535972595e-02
-7.119343429803848267e-02
-4.810317885130643845e-03
4.503502696752548218e-02
-2.256297375424765050e-05
-1.292193830013275146e-01
-9.028406441211700439e-02
5.856582149863243103e-02
1.466813846491277218e-03
6.821671873331069946e-02
9.517520666122436523e-03
2.074707299470901489e-01
2.336711809039115906e-02
5.530797317624092102e-02
1.735558211803436279e-01
-7.940841466188430786e-02
1.314736753702163696e-01
-5.488427355885505676e-02
-1.303329467773437500e-01
-2.265917509794235229e-01
2.102380245923995972e-01
-1.589778214693069458e-01
1.055073831230401993e-02
-9.549374878406524658e-02
8.680806308984756470e-02
1.488894075155258179e-01
1.916122063994407654e-02
-1.909743398427963257e-01
1.909188926219940186e-02
-2.626216784119606018e-02
2.199617624282836914e-01
-7.320959866046905518e-02
1.332007497549057007e-01
-7.318140566349029541e-02
-6.405866891145706177e-02
3.134708106517791748e-02
1.999920457601547241e-01
8.563616871833801270e-02
