-2.608298137784004211e-02
-1.560596972703933716e-01
-1.156619563698768616e-02
1.067707091569900513e-01
3.900695964694023132e-02
1.612126976251602173e-01
-3.614600375294685364e-02
2.159357629716396332e-02
-1.619440168142318726e-01
1.861992925405502319e-01
-1.002945303916931152e-01
4.953252524137496948e-02
5.367768555879592896e-02
-2.277292683720588684e-02
7.659474015235900879e-02
-1.737073622643947601e-02
1.432367414236068726e-01
-7.381153851747512817e-02
-9.902971237897872925e-02
7.958955317735671997e-02
-1.106878835707902908e-02
5.298839882016181946e-02
-7.249476760625839233e-02
-9.080596268177032471e-02
-7.231106609106063843e-02
1.203920990228652954e-01
8.147634565830230713e-02
-1.092542335391044617e-01
-7.291225343942642212e-02
4.320885241031646729e-02
5.365835502743721008e-02
-1.149734258651733398e-01
-6.862737238407135010e-02
8.492640405893325806e-02
3.725512418895959854e-03
-1.177118252962827682e-02
2.075751498341560364e-02
-1.723486632108688354e-01
2.149012535810470581e-01
6.589138507843017578e-02
1.652131974697113037e-01
-1.467608660459518433e-02
-1.710834205150604248e-01
4.121461138129234314e-02
-1.116601973772048950e-01
-9.749737568199634552e-03
5.493297707289457321e-03
-4.862558469176292419e-02
2.178824692964553833e-01
1.176074743270874023e-01
-9.255965054035186768e-02
2.736320160329341888e-02
9.013076871633529663e-02
3.318566828966140747e-03
1.337042599916458130e-01
2.187998294830322266e-01
-2.173878997564315796e-02
5.407498031854629517e-02
-1.210236102342605591e-01
1.300161052495241165e-02
-9.876623004674911499e-02
1.767985075712203979e-01
-6.059696432203054428e-03
-1.468699574470520020e-01
-6.955485790967941284e-02
-1.835441291332244873e-01
-5.167024210095405579e-02
5.759393796324729919e-02
-5.032392963767051697e-02
-1.205853372812271118e-01
-1.501164883375167847e-01
7.281126827001571655e-02
5.287426710128784180e-02
-5.161982402205467224e-02
2.666333131492137909e-02
6.317780818790197372e-03
-4.003644734621047974e-02
2.222424559295177460e-02
3.887130646035075188e-03
6.374593079090118408e-02
1.495641469955444336e-01
1.209224611520767212e-01
3.353264555335044861e-02
1.045592799782752991e-01
-3.274484351277351379e-02
1.050434708595275879e-01
-6.095314770936965942e-02
-1.650554127991199493e-02
1.118157133460044861e-01
-6.516364216804504395e-02
-2.136980928480625153e-02
1.488257497549057007e-01
4.036227706819772720e-03
-1.687183827161788940e-01
1.070096045732498169e-01
-9.036874771118164062e-02
-4.090630635619163513e-02
-5.705775693058967590e-03
5.841804295778274536e-02
-1.297681182622909546e-01
-2.518201945349574089e-03
-2.090495452284812927e-02
-8.944527804851531982e-02
1.013141423463821411e-01
-1.824945583939552307e-02
6.620581448078155518e-02
-1.611949056386947632e-01
-1.240465566515922546e-01
3.822745010256767273e-02
-1.320048868656158447e-01
-8.563185483217239380e-02
1.062903776764869690e-01
6.552746146917343140e-02
4.696258530020713806e-02
-1.404578518122434616e-02
5.270977690815925598e-02
-1.172401309013366699e-01
-7.153243571519851685e-02
1.403417587280273438e-01
1.517542451620101929e-02
