4.945051670074462891e-02
-1.029018983244895935e-01
-1.471890509128570557e-01
-8.744754642248153687e-02
-9.122715331614017487e-03
-9.952519088983535767e-03
-1.801321804523468018e-01
5.840243306010961533e-03
1.191908642649650574e-01
9.105388820171356201e-02
1.727246493101119995e-02
1.268495917320251465e-01
6.155405193567276001e-02
-1.320183575153350830e-01
8.474316564388573170e-04
1.695293001830577850e-02
-1.127442624419927597e-02
1.059952378273010254e-02
1.306594908237457275e-01
-4.702655598521232605e-02
6.168769672513008118e-02
3.977113589644432068e-02
2.938448823988437653e-02
1.143967509269714355e-01
-9.599380940198898315e-02
-1.784349828958511353e-01
-8.298812061548233032e-02
1.503369957208633423e-01
1.304690539836883545e-01
-6.823747605085372925e-02
-6.093845516443252563e-02
-9.634598344564437866e-02
1.336506009101867676e-01
-5.366128683090209961e-02
9.774141758680343628e-02
-1.051305532455444336e-01
-9.927431493997573853e-02
8.287727087736129761e-02
1.580400317907333374e-01
-3.536811470985412598e-02
-6.992019247263669968e-03
5.084958299994468689e-02
-1.116901561617851257e-01
-7.964632660150527954e-02
-3.464485332369804382e-02
-7.362055033445358276e-02
7.348044961690902710e-02
-3.301370516419410706e-02
1.627065241336822510e-01
4.288972169160842896e-02
-5.627349764108657837e-02
1.743158549070358276e-01
-1.190338134765625000e-01
1.823209524154663086e-01
7.530795037746429443e-02
-1.542519778013229370e-02
-2.333722077310085297e-02
-3.153906390070915222e-02
-6.790854036808013916e-02
-6.156899500638246536e-03
7.728571537882089615e-03
9.784906357526779175e-02
-1.317241042852401733e-01
-1.403062790632247925e-01
8.059743791818618774e-02
-2.310948912054300308e-04
-1.054257899522781372e-01
4.151203855872154236e-02
4.712015390396118164e-02
1.179863512516021729e-02
3.635319322347640991e-02
1.310340017080307007e-01
2.994312718510627747e-02
6.236447766423225403e-02
-1.966619640588760376e-01
2.312046289443969727e-02
7.499450445175170898e-02
4.046615958213806152e-02
1.677770912647247314e-02
-1.197071447968482971e-01
-8.453883975744247437e-02
-9.665454737842082977e-03
1.605147682130336761e-02
2.646943740546703339e-02
2.431815676391124725e-02
-3.521028533577919006e-02
7.005574647337198257e-03
-6.195118650794029236e-02
1.026372425258159637e-02
1.881576776504516602e-01
-5.107888206839561462e-02
2.288285493850708008e-01
-3.376656770706176758e-02
1.311074346303939819e-01
9.763092547655105591e-02
-4.313251748681068420e-02
1.473038941621780396e-01
6.041416153311729431e-02
-3.452037274837493896e-02
1.299800723791122437e-01
4.452506825327873230e-02
-2.191100418567657471e-01
-8.523924648761749268e-02
-1.131595596671104431e-01
-1.515381336212158203e-01
-1.408810634166002274e-02
8.343202620744705200e-02
4.903136286884546280e-04
-6.241869926452636719e-02
-2.258061021566390991e-01
2.890267781913280487e-02
4.705613106489181519e-02
1.256415396928787231e-01
-1.952446065843105316e-02
-3.995111584663391113e-02
-3.430056199431419373e-02
3.468972072005271912e-02
5.467851832509040833e-02
1.671913713216781616e-01
-1.241453215479850769e-01
