5.375256296247243881e-03
8.923466317355632782e-03
-3.516983613371849060e-02
1.172645837068557739e-01
-2.872280590236186981e-02
-1.811126023530960083e-01
-3.298630565404891968e-02
-1.800271682441234589e-02
-7.975929230451583862e-02
-3.541783615946769714e-02
8.349936455488204956e-02
-1.935433894395828247e-01
1.555364727973937988e-01
-1.400562375783920288e-01
-1.808859407901763916e-02
-5.627737194299697876e-02
-6.276488304138183594e-02
4.871912300586700439e-02
-1.436414420604705811e-01
1.788040250539779663e-01
-2.024807035923004150e-01
1.335777044296264648e-01
1.181961670517921448e-01
-5.250337347388267517e-02
-5.468876101076602936e-03
3.797374665737152100e-02
5.569115281105041504e-03
-2.657303214073181152e-02
-3.642316758632659912e-01
-1.341796666383743286e-01
-2.085585892200469971e-01
1.373894363641738892e-01
-4.102387279272079468e-02
8.182112127542495728e-02
-2.628410421311855316e-02
-3.801299259066581726e-02
-8.538291603326797485e-02
2.457721233367919922e-01
1.303423382341861725e-02
-7.453353144228458405e-03
3.259616496507078409e-04
9.600395709276199341e-02
7.309494167566299438e-02
-9.823782742023468018e-02
9.666886925697326660e-02
-1.404936611652374268e-02
3.372262790799140930e-02
1.194079518318176270e-01
-1.567098796367645264e-01
-1.211012229323387146e-01
-8.480603992938995361e-02
7.141396403312683105e-02
3.375747799873352051e-02
1.426041126251220703e-02
2.612707950174808502e-02
8.435063809156417847e-02
1.799355819821357727e-02
-1.524891704320907593e-02
-5.490342527627944946e-02
8.996319025754928589e-02
1.407985389232635498e-01
1.078812107443809509e-01
3.545395657420158386e-02
-3.863642737269401550e-02
9.443151205778121948e-02
7.305677980184555054e-02
-8.041156828403472900e-02
-7.285215705633163452e-02
-2.626407705247402191e-02
-1.033579856157302856e-01
-4.806139692664146423e-02
5.107958242297172546e-02
3.139136359095573425e-02
-1.076006218791007996e-01
7.359823584556579590e-02
1.750548481941223145e-01
-1.163363456726074219e-01
-8.896444737911224365e-02
-9.934396296739578247e-02
-1.822709143161773682e-01
6.883879750967025757e-02
1.865345239639282227e-02
-6.054769828915596008e-02
4.524477571249008179e-02
3.396629914641380310e-02
1.283245384693145752e-01
-1.018251944333314896e-02
-9.202620014548301697e-03
1.248318701982498169e-01
3.922928124666213989e-02
1.063754707574844360e-01
4.221877083182334900e-02
-1.358185857534408569e-01
-6.776594370603561401e-02
-7.364167366176843643e-03
8.748139441013336182e-02
1.823884099721908569e-01
-1.156244203448295593e-01
3.477694094181060791e-02
6.869854778051376343e-02
2.348081767559051514e-02
-2.702390216290950775e-02
-7.129967212677001953e-02
-7.306873053312301636e-02
2.165421545505523682e-01
3.314046189188957214e-02
-1.699132844805717468e-03
8.677553385496139526e-02
-1.836536638438701630e-02
-9.341894835233688354e-02
2.036927081644535065e-02
-9.801956266164779663e-02
5.110941082239151001e-02
-2.289462387561798096e-01
-2.268086932599544525e-02
-6.444231420755386353e-02
-1.840919069945812225e-02
1.660957001149654388e-02
-5.801877472549676895e-03
7.122153788805007935e-02
