-1.063039060682058334e-02
6.896432489156723022e-02
9.148175269365310669e-02
-9.358898969367146492e-04
9.709027409553527832e-02
1.579214483499526978e-01
9.181379526853561401e-02
1.067011966370046139e-03
2.158432304859161377e-01
-3.036513691768050194e-03
-6.904857605695724487e-02
-1.489799004048109055e-02
-1.327594518661499023e-01
4.001337289810180664e-02
-2.271307865157723427e-03
-3.276113867759704590e-01
-1.370004862546920776e-01
9.903307259082794189e-02
1.682635210454463959e-02
-8.524932712316513062e-02
2.619987428188323975e-01
-2.036058343946933746e-02
1.071140989661216736e-01
-9.269445389509201050e-02
-7.995601743459701538e-02
-9.147926419973373413e-02
1.414535492658615112e-01
6.742890924215316772e-02
-4.794863518327474594e-03
3.436366468667984009e-02
2.556086890399456024e-02
6.462704390287399292e-02
-4.782517254352569580e-02
-3.979163989424705505e-02
-9.115833789110183716e-02
-1.049251575022935867e-02
1.146040558815002441e-01
8.115108311176300049e-02
-1.280991882085800171e-01
-1.434764917939901352e-02
-1.230428814888000488e-01
6.666067987680435181e-02
6.514640897512435913e-02
1.787931770086288452e-01
-2.931191325187683105e-01
-4.115833342075347900e-02
1.406892538070678711e-01
8.086758852005004883e-02
-1.587752699851989746e-01
-7.372100651264190674e-02
1.419799923896789551e-01
1.875579208135604858e-01
-4.602598026394844055e-02
-4.913512617349624634e-02
-8.921983093023300171e-02
-5.682219751179218292e-03
-1.414036154747009277e-01
2.175406925380229950e-02
-1.219774484634399414e-01
-7.724636793136596680e-02
1.289053410291671753e-01
-1.121721789240837097e-01
-1.190347298979759216e-01
-1.440145224332809448e-01
-7.320618629455566406e-02
3.056970611214637756e-02
5.540907010436058044e-02
6.260816007852554321e-03
-4.281209036707878113e-02
5.842707678675651550e-02
6.132508069276809692e-02
2.356513403356075287e-02
2.270429134368896484e-01
9.959267824888229370e-02
-5.109697580337524414e-02
-2.291001379489898682e-02
-4.474164173007011414e-02
-6.491593271493911743e-02
5.484352633357048035e-02
3.384064510464668274e-02
1.179537922143936157e-01
7.323287427425384521e-02
-9.039036929607391357e-02
7.834761589765548706e-02
-6.599781662225723267e-02
-4.222496971487998962e-02
-7.658650726079940796e-02
-4.072609171271324158e-02
3.519321605563163757e-02
-3.295653685927391052e-02
1.348674148321151733e-01
3.156175836920738220e-02
-1.201050207018852234e-01
2.203955128788948059e-02
-6.655324995517730713e-02
2.374133169651031494e-01
2.883348800241947174e-02
-3.849412128329277039e-02
-6.110400706529617310e-02
5.247628688812255859e-02
1.864925213158130646e-02
-4.474456887692213058e-03
-3.649079939350485802e-03
-8.410252630710601807e-02
-3.156059607863426208e-02
-4.715787991881370544e-02
-1.632297784090042114e-01
3.786372020840644836e-03
-1.812133640050888062e-01
6.829016655683517456e-02
-2.738848701119422913e-02
3.442890644073486328e-01
-1.481109708547592163e-01
3.003597632050514221e-02
-1.534414142370223999e-01
-3.971114009618759155e-02
-2.965662255883216858e-02
-7.568349689245223999e-02
7.645491510629653931e-02
1.960676163434982300e-02
