-9.993048757314682007e-02
-1.069153919816017151e-01
-1.027889996767044067e-01
1.513310223817825317e-01
1.267228871583938599e-01
7.677646819502115250e-03
-8.520644158124923706e-02
-8.409707993268966675e-02
8.660822361707687378e-02
-1.308176368474960327e-01
4.511439427733421326e-02
2.407973661320284009e-04
1.162487864494323730e-01
-1.809534616768360138e-02
-1.437647789716720581e-01
-1.999286115169525146e-01
-3.751380741596221924e-02
4.983682557940483093e-02
-3.425847366452217102e-02
7.368891686201095581e-02
6.107724830508232117e-02
3.357252106070518494e-02
3.330865129828453064e-02
1.052953749895095825e-01
-8.658636361360549927e-02
7.077696174383163452e-02
-1.624674201011657715e-01
-6.559887528419494629e-02
1.750039309263229370e-01
7.566554099321365356e-02
-1.621330082416534424e-01
5.262912064790725708e-02
6.665539741516113281e-02
-8.409504592418670654e-02
-1.008275523781776428e-01
-5.616043880581855774e-02
-2.375756157562136650e-03
-8.846417814493179321e-02
-6.737919151782989502e-02
-1.557561755180358887e-01
-8.700691908597946167e-02
7.239639014005661011e-02
-1.032688990235328674e-01
-1.437504589557647705e-02
9.762050956487655640e-02
5.479395389556884766e-02
1.347229033708572388e-01
-3.242183104157447815e-02
2.329723909497261047e-02
2.239812910556793213e-02
3.129594027996063232e-01
2.399224042892456055e-01
1.884230971336364746e-01
6.524714082479476929e-02
-1.211170703172683716e-01
-1.152063831686973572e-01
-1.578604243695735931e-02
-1.631021499633789062e-01
-9.381806850433349609e-02
1.169597655534744263e-01
1.690965145826339722e-02
-6.766859441995620728e-02
-1.284684836864471436e-01
-1.984916180372238159e-01
-1.228240355849266052e-01
1.831661723554134369e-02
6.760343164205551147e-02
3.793412074446678162e-02
-2.012621909379959106e-01
-1.413930356502532959e-01
1.118338629603385925e-01
-7.126324623823165894e-02
4.016418755054473877e-02
-2.049956237897276878e-03
7.769622653722763062e-02
8.364205062389373779e-02
-5.650627240538597107e-02
1.680561751127243042e-01
-1.144877001643180847e-01
-5.469092726707458496e-02
-1.150798946619033813e-01
-1.072057113051414490e-01
-1.530688852071762085e-01
9.834032505750656128e-02
7.312812376767396927e-04
1.539205163717269897e-01
-1.108350604772567749e-02
-5.213386844843626022e-03
6.214867904782295227e-02
-4.690040647983551025e-02
3.417887166142463684e-02
1.052634418010711670e-02
-3.808237612247467041e-02
-4.476356878876686096e-02
1.702072843909263611e-02
2.552576735615730286e-02
-9.837859123945236206e-02
-1.337569802999496460e-01
5.960767343640327454e-02
3.985931724309921265e-02
-1.463968008756637573e-01
-1.595762521028518677e-01
1.831126064062118530e-01
-1.516470909118652344e-01
4.379247780889272690e-03
-6.370386481285095215e-02
-1.397620886564254761e-01
2.953693270683288574e-01
-4.445675760507583618e-02
-1.916591972112655640e-01
1.332277506589889526e-01
-1.013724785298109055e-02
3.736160695552825928e-02
6.250287592411041260e-02
-1.043752357363700867e-01
-5.168915912508964539e-02
1.645543128252029419e-01
5.373531207442283630e-02
-1.273358017206192017e-01
-2.158575505018234253e-01
