3.364519029855728149e-02
2.065196037292480469e-01
-1.563270390033721924e-02
2.742223441600799561e-02
-8.138530701398849487e-02
1.282066255807876587e-01
8.401433378458023071e-02
-9.503393620252609253e-02
1.295836735516786575e-02
4.047733172774314880e-02
-1.029678359627723694e-01
1.646346412599086761e-02
-8.436685055494308472e-02
8.438187092542648315e-02
1.062692031264305115e-01
-1.243059188127517700e-01
-5.548141524195671082e-02
-9.553537704050540924e-03
1.821629852056503296e-01
1.315536797046661377e-01
-2.722011320292949677e-02
1.092654094099998474e-01
-9.378748387098312378e-02
-1.684268936514854431e-02
3.418817743659019470e-02
2.230769209563732147e-02
4.537857323884963989e-02
-1.486606448888778687e-01
-6.822551786899566650e-02
3.895816579461097717e-02
2.963286638259887695e-02
5.185743048787117004e-02
-1.327683180570602417e-01
1.566951423883438110e-01
7.125088572502136230e-02
-1.035535261034965515e-01
-2.552241459488868713e-02
-7.366172969341278076e-02
-1.305008828639984131e-01
-5.782647058367729187e-02
1.323225535452365875e-02
-9.604576975107192993e-02
-2.221580408513545990e-02
1.296509057283401489e-01
6.909749936312437057e-03
2.474107295274734497e-01
2.261954545974731445e-01
-8.268129080533981323e-02
-7.226835936307907104e-02
5.753196030855178833e-02
1.259209662675857544e-01
2.556408643722534180e-01
6.712588667869567871e-02
1.328417360782623291e-01
2.284392118453979492e-01
8.872115612030029297e-02
1.406841427087783813e-01
1.060249358415603638e-01
3.191520273685455322e-02
-8.339436352252960205e-02
-1.184597518295049667e-02
-1.124870777130126953e-02
-8.900602906942367554e-02
-9.330428391695022583e-02
-2.985709905624389648e-02
-5.464693903923034668e-02
-2.667482756078243256e-02
7.963660359382629395e-02
1.119826659560203552e-01
1.984522677958011627e-02
8.493874222040176392e-02
7.791482657194137573e-02
-9.190510958433151245e-02
-1.137169525027275085e-01
1.064999587833881378e-02
1.036512013524770737e-02
-1.677393764257431030e-01
2.765340544283390045e-02
2.261556498706340790e-02
9.550806134939193726e-02
-6.828229874372482300e-02
6.341084092855453491e-02
-9.754598885774612427e-02
4.107467457652091980e-02
1.041938643902540207e-02
8.473042398691177368e-04
4.997409507632255554e-02
2.099894732236862183e-01
-2.629872038960456848e-02
-2.443220838904380798e-02
8.128099888563156128e-02
-5.657806620001792908e-02
-6.434050854295492172e-03
-5.105413123965263367e-02
-1.123729497194290161e-01
-6.869779527187347412e-02
-2.722329273819923401e-02
-1.257721036672592163e-01
-8.481945097446441650e-02
9.308525174856185913e-02
-1.566223204135894775e-01
1.001963671296834946e-02
-1.036339923739433289e-01
-1.746672987937927246e-01
-1.975607275962829590e-01
-1.527781933546066284e-01
1.456518471240997314e-02
-1.675858944654464722e-01
-1.338760554790496826e-02
7.889979332685470581e-02
8.774716407060623169e-03
-6.150342058390378952e-03
-2.266686409711837769e-02
-4.841024056077003479e-03
4.962710663676261902e-03
6.305637210607528687e-02
2.078524790704250336e-02
4.120117053389549255e-02
-5.789408832788467407e-02
7.113587111234664917e-02
