-1.475431025028228760e-01
2.295439690351486206e-02
-1.120139379054307938e-02
1.418251246213912964e-01
-1.540365219116210938e-01
1.180409342050552368e-01
-4.859129339456558228e-02
-4.056999832391738892e-02
-3.805590793490409851e-02
-8.452611416578292847e-02
-1.220093518495559692e-01
-1.187318488955497742e-01
-3.583104535937309265e-02
1.322774142026901245e-01
8.440423756837844849e-02
-1.271010935306549072e-01
-1.480889022350311279e-01
4.376706480979919434e-02
5.168151482939720154e-02
5.671196803450584412e-02
1.339470446109771729e-01
-4.911301657557487488e-02
-6.360824406147003174e-02
8.421941101551055908e-02
6.129950284957885742e-02
-6.366002559661865234e-02
1.028674170374870300e-01
-1.383057534694671631e-01
4.026344045996665955e-03
1.075420528650283813e-01
-1.085202321410179138e-01
1.251489818096160889e-01
-1.395456790924072266e-01
-1.375954132527112961e-02
5.201781913638114929e-02
5.471844226121902466e-02
-3.068034350872039795e-02
2.710657194256782532e-02
1.904728263616561890e-02
1.417429652065038681e-02
6.668891012668609619e-02
1.855536103248596191e-01
1.020013913512229919e-01
-3.039637766778469086e-02
-1.704189740121364594e-02
1.346816271543502808e-01
6.660722196102142334e-02
9.280758351087570190e-02
2.375281974673271179e-02
3.444853052496910095e-02
-8.975309133529663086e-02
-2.699418179690837860e-02
-4.173190519213676453e-02
-5.326772481203079224e-02
-7.324198633432388306e-02
4.102043341845273972e-03
1.021381989121437073e-01
2.369750104844570160e-02
-1.203046739101409912e-02
4.031712934374809265e-02
5.923344567418098450e-02
6.704568862915039062e-02
-2.107571996748447418e-02
2.806804515421390533e-02
-9.638827294111251831e-02
-8.181893080472946167e-02
8.771354332566261292e-03
-8.939268440008163452e-02
2.434264309704303741e-02
-1.652541011571884155e-01
-9.406191110610961914e-02
-1.874856799840927124e-01
1.687230914831161499e-01
1.737264692783355713e-01
1.671581715345382690e-01
-9.511161595582962036e-02
-5.279720760881900787e-03
-1.567540019750595093e-01
-9.425383061170578003e-02
-4.098140075802803040e-02
3.727763518691062927e-02
1.469813752919435501e-02
-3.640944138169288635e-02
1.597625315189361572e-01
-1.913206428289413452e-01
-1.753819286823272705e-01
-9.648844599723815918e-02
-3.658809885382652283e-02
-9.558229148387908936e-02
1.277843266725540161e-01
-3.718806430697441101e-02
-1.341653913259506226e-01
-1.216791663318872452e-02
3.981513902544975281e-02
1.006740331649780273e-01
1.550746858119964600e-01
-3.525373339653015137e-02
-5.634178593754768372e-02
-2.181082731112837791e-03
9.479499608278274536e-02
2.423687726259231567e-01
-1.471150219440460205e-01
-7.627541571855545044e-02
6.520926207304000854e-02
1.812664233148097992e-02
-1.080302223563194275e-01
4.304732009768486023e-02
8.544813841581344604e-03
-1.568513223901391029e-03
-1.092146858572959900e-01
-1.784790009260177612e-01
2.951887808740139008e-02
-6.182381138205528259e-02
-1.445084810256958008e-01
-6.012640148401260376e-02
-1.332045793533325195e-01
1.322870142757892609e-02
-2.264004573225975037e-02
-2.825935138389468193e-03
2.903642952442169189e-01
