-8.476643264293670654e-02
1.375432908535003662e-01
1.434049475938081741e-02
1.068492531776428223e-01
2.845852971076965332e-01
-1.042009741067886353e-01
-1.236864104866981506e-01
-8.239322900772094727e-02
-8.813995122909545898e-02
8.485937863588333130e-02
-6.316050887107849121e-02
-5.459683761000633240e-02
-3.509563580155372620e-02
1.448752284049987793e-01
-8.330068737268447876e-02
1.799077838659286499e-01
8.289753645658493042e-02
1.946858614683151245e-01
-4.015161097049713135e-02
1.792532950639724731e-02
2.536605671048164368e-02
-9.809496998786926270e-02
-1.183582469820976257e-01
-5.016665533185005188e-02
-6.940140575170516968e-02
1.728173047304153442e-01
1.992239505052566528e-01
-6.257274001836776733e-02
-1.254489738494157791e-02
2.831668220460414886e-02
2.482530660927295685e-02
5.683724954724311829e-02
-1.634647883474826813e-02
-3.947709500789642334e-02
2.319199591875076294e-02
-9.385726600885391235e-02
-3.366538882255554199e-02
2.867969917133450508e-03
-2.737451791763305664e-01
7.555845379829406738e-02
8.126510679721832275e-02
-4.014112055301666260e-02
-7.428349554538726807e-02
6.412127614021301270e-02
1.123868450522422791e-01
-5.748942121863365173e-02
2.109084464609622955e-02
-7.244775444269180298e-02
-8.327520638704299927e-02
-3.181571885943412781e-02
1.530126184225082397e-01
2.408830635249614716e-02
5.321621894836425781e-02
8.240401744842529297e-02
-4.135439638048410416e-03
-6.373493373394012451e-02
4.000636190176010132e-02
-2.932639559730887413e-03
-5.098296329379081726e-02
-7.980791479349136353e-02
-4.202071949839591980e-02
-3.943279758095741272e-02
6.576518714427947998e-02
-1.231484785676002502e-01
-3.958331421017646790e-02
1.284163445234298706e-01
-1.614843681454658508e-02
-9.182436764240264893e-02
6.531491875648498535e-02
1.508252322673797607e-01
-3.184437751770019531e-02
1.267684400081634521e-01
1.528820246458053589e-01
1.358162760734558105e-01
-1.477221101522445679e-01
2.446585800498723984e-03
-9.429544955492019653e-02
3.304524347186088562e-02
-7.088404148817062378e-02
-5.264775827527046204e-02
-1.107770204544067383e-01
1.129857227206230164e-01
-4.164568707346916199e-02
2.150137349963188171e-02
6.949681043624877930e-02
-7.961072027683258057e-02
1.012969240546226501e-01
-5.402839928865432739e-02
-8.013834804296493530e-02
-4.986738786101341248e-02
-1.062178239226341248e-01
7.348236441612243652e-02
-1.274109035730361938e-01
-1.474396437406539917e-01
6.901248544454574585e-02
-2.673392891883850098e-01
-3.373059257864952087e-02
-8.922663331031799316e-02
2.431675642728805542e-01
9.657540917396545410e-02
-1.078779101371765137e-01
5.422182008624076843e-02
2.106802314519882202e-01
1.040006875991821289e-01
3.680976480245590210e-02
3.184812609106302261e-03
-2.429762622341513634e-03
-2.945114113390445709e-02
-9.000393003225326538e-02
6.689612567424774170e-02
5.884588509798049927e-02
-1.054024696350097656e-01
1.044352650642395020e-01
-2.447440475225448608e-01
5.209674313664436340e-02
1.524534225463867188e-01
-1.082308441400527954e-01
-5.879516527056694031e-02
1.759741306304931641e-01
-1.416028942912817001e-02
