-1.079779490828514099e-01
-4.718029126524925232e-02
1.212378684431314468e-02
-2.466103248298168182e-02
9.876471012830734253e-02
1.273279078304767609e-02
-7.097521424293518066e-02
-7.067304104566574097e-02
4.739865288138389587e-02
9.798973053693771362e-02
3.574251011013984680e-02
-6.254070252180099487e-02
1.305053289979696274e-02
-6.293717026710510254e-02
2.432521134614944458e-01
-5.617241933941841125e-02
-5.212331935763359070e-02
-4.460397362709045410e-02
1.328263431787490845e-01
-1.178886517882347107e-01
3.992310538887977600e-02
1.630762070417404175e-01
-2.059352844953536987e-01
1.491067092865705490e-02
-1.305538266897201538e-01
-1.208173036575317383e-01
-1.320095080882310867e-02
1.388432383537292480e-01
1.147192064672708511e-02
2.437464520335197449e-02
-4.801517352461814880e-02
-2.437375858426094055e-02
-7.164180278778076172e-03
-4.720055684447288513e-02
-2.272129356861114502e-01
1.582445055246353149e-01
-1.919776573777198792e-02
-3.231903165578842163e-02
-1.194519177079200745e-01
-3.882363066077232361e-02
5.760650709271430969e-02
4.145252332091331482e-02
4.702485166490077972e-03
2.305734902620315552e-01
8.440905064344406128e-02
-1.367169469594955444e-01
-9.308395534753799438e-02
-1.295132841914892197e-02
-7.216214388608932495e-02
3.584205359220504761e-02
-3.131933626718819141e-04
-9.934110194444656372e-02
-2.838358655571937561e-02
-6.562153995037078857e-02
6.025173142552375793e-02
-1.191132441163063049e-01
-7.210200279951095581e-02
1.119856461882591248e-01
1.263485252857208252e-01
-3.886512294411659241e-02
1.849378645420074463e-01
-7.379272580146789551e-02
1.756181716918945312e-01
7.392473518848419189e-02
-7.982245087623596191e-02
1.108536496758460999e-01
1.695415563881397247e-02
-9.084238857030868530e-02
1.476098201237618923e-03
-1.484487503767013550e-01
-6.199897732585668564e-03
2.067182399332523346e-02
-3.733877837657928467e-02
8.713001757860183716e-02
1.778257638216018677e-01
9.874951094388961792e-02
5.138614773750305176e-02
1.816318556666374207e-02
2.934390679001808167e-02
6.930301338434219360e-02
9.631903842091560364e-03
-6.662088911980390549e-03
-7.672199606895446777e-02
-1.466218084096908569e-01
-5.563788488507270813e-02
-1.099349409341812134e-01
1.889782249927520752e-01
5.631602928042411804e-02
1.611105948686599731e-01
9.025600552558898926e-02
-9.939333051443099976e-02
1.083510145545005798e-01
-8.432218432426452637e-02
9.607692062854766846e-02
6.588689237833023071e-02
-5.362304672598838806e-02
-3.781356662511825562e-02
-5.064429715275764465e-02
2.001952379941940308e-01
1.553173270076513290e-02
9.031517803668975830e-02
2.549308352172374725e-02
8.726446889340877533e-03
1.677124351263046265e-01
-1.061599403619766235e-01
-1.877820044755935669e-01
1.242195293307304382e-01
-2.830687165260314941e-02
-5.046450719237327576e-02
5.978956818580627441e-02
-3.936027735471725464e-02
4.068286158144474030e-03
-4.447647929191589355e-02
1.892511397600173950e-01
-1.754161156713962555e-02
4.469801858067512512e-02
9.842333197593688965e-02
-2.063097953796386719e-01
-8.743165433406829834e-02
-4.857463389635086060e-02
