-4.481748118996620178e-02
-6.145333126187324524e-02
6.935966014862060547e-02
7.946044951677322388e-02
-4.276239871978759766e-02
1.268061101436614990e-01
-3.476238623261451721e-02
5.897286534309387207e-02
1.681476533412933350e-01
-3.633403033018112183e-02
4.838754981756210327e-02
-7.867331616580486298e-03
-7.785322517156600952e-02
-9.253265708684921265e-02
9.587948210537433624e-03
3.236497566103935242e-02
3.089979290962219238e-02
1.839203387498855591e-01
8.428647369146347046e-02
-5.609796568751335144e-02
4.449755325913429260e-02
-1.890068314969539642e-02
-1.343327015638351440e-01
9.014795720577239990e-02
4.333588853478431702e-02
2.321236580610275269e-02
1.070102825760841370e-01
-3.543695807456970215e-02
-8.675153367221355438e-04
-1.865051239728927612e-01
1.821186244487762451e-01
5.885204672813415527e-02
-1.133976038545370102e-02
7.335909456014633179e-02
1.087366491556167603e-01
1.582397669553756714e-01
1.598125547170639038e-01
5.969313904643058777e-02
-1.977456361055374146e-01
-7.564764469861984253e-02
-3.499049693346023560e-02
1.559404581785202026e-01
-8.850131928920745850e-02
-1.646125167608261108e-01
6.908683478832244873e-02
6.489293277263641357e-02
2.748687379062175751e-02
-1.636720746755599976e-01
-7.878195494413375854e-02
1.620669215917587280e-01
-2.732309140264987946e-02
-2.115874085575342178e-03
3.701752051711082458e-02
4.688116535544395447e-02
-7.186980545520782471e-02
-3.686716035008430481e-02
4.641200602054595947e-02
1.305780410766601562e-01
5.168802291154861450e-02
-7.093040645122528076e-02
1.506482064723968506e-02
-3.565802797675132751e-02
7.389570027589797974e-02
-1.703180372714996338e-01
6.943135708570480347e-02
-9.942429512739181519e-02
2.472130805253982544e-01
-3.469194471836090088e-01
1.234020572155714035e-02
6.714770197868347168e-02
-1.345050781965255737e-01
-5.864363536238670349e-02
-2.440555766224861145e-02
9.124626219272613525e-02
2.027286961674690247e-02
-2.931185625493526459e-02
-2.441897429525852203e-02
1.203905716538429260e-01
-7.777724415063858032e-02
-1.645498275756835938e-01
-1.884244382381439209e-02
-1.119283214211463928e-01
6.824576854705810547e-02
-3.044040407985448837e-03
8.739071339368820190e-02
8.394514769315719604e-02
2.665599249303340912e-02
1.108242273330688477e-01
-5.394455417990684509e-02
-1.339856088161468506e-01
2.466480731964111328e-01
3.191405534744262695e-02
-5.094184353947639465e-02
2.572287619113922119e-02
-3.627748787403106689e-02
-1.187654361128807068e-01
1.072381958365440369e-01
9.150378406047821045e-02
-3.365504369139671326e-02
-2.922486141324043274e-02
-4.294720292091369629e-02
-2.906622365117073059e-03
-3.459217725321650505e-03
7.541535794734954834e-02
1.030026599764823914e-01
-1.823017746210098267e-01
-1.095167398452758789e-01
2.377130649983882904e-02
-9.189034998416900635e-02
-6.825515627861022949e-02
3.872032091021537781e-02
-1.855812072753906250e-01
-1.260507553815841675e-01
1.072461828589439392e-01
1.344687789678573608e-01
-1.839922517538070679e-01
2.102658748626708984e-01
3.836938366293907166e-02
-4.724897444248199463e-02
6.074051931500434875e-02
