3.183788433670997620e-02
8.787398040294647217e-02
-1.364272367209196091e-02
-8.333217352628707886e-02
-1.729733347892761230e-01
-1.410895120352506638e-02
6.109640747308731079e-02
-1.127337589859962463e-01
1.665710955858230591e-01
5.929303914308547974e-02
-1.742474175989627838e-02
5.365579202771186829e-02
-2.268163301050662994e-02
-6.012732535600662231e-02
-7.071530073881149292e-02
6.428985390812158585e-03
-1.033962517976760864e-01
-5.577738955616950989e-02
-2.671798458322882652e-03
-2.289192751049995422e-02
-3.563194721937179565e-02
2.674744836986064911e-02
1.954854428768157959e-01
-6.581152230501174927e-02
-2.699670195579528809e-02
8.500357717275619507e-02
8.960010856389999390e-02
-3.186054527759552002e-02
2.946501784026622772e-02
-7.934277504682540894e-02
-9.170527569949626923e-03
-1.648773066699504852e-02
-1.534486413002014160e-01
2.381164580583572388e-02
-2.310814103111624718e-03
-1.147545203566551208e-01
-1.477891951799392700e-01
-2.641617320477962494e-03
2.013644203543663025e-02
7.585598528385162354e-02
-2.179364114999771118e-02
-1.843185573816299438e-01
-2.913634851574897766e-02
-4.039494320750236511e-02
9.540705382823944092e-02
3.666290640830993652e-02
7.355803251266479492e-02
1.509287506341934204e-01
-1.033187508583068848e-01
4.205771908164024353e-02
1.756263822317123413e-01
4.585870727896690369e-02
-6.772090494632720947e-02
1.358734816312789917e-01
-5.780218169093132019e-02
7.890185224823653698e-04
-3.924271836876869202e-02
-8.399232476949691772e-02
-1.346512883901596069e-01
-2.665541879832744598e-02
-2.516516949981451035e-03
-3.180287033319473267e-02
1.480390280485153198e-01
-1.016217935830354691e-02
5.651297047734260559e-02
9.846133738756179810e-02
-1.707685887813568115e-01
4.884117469191551208e-02
2.057240530848503113e-02
-1.852061301469802856e-01
4.560167342424392700e-02
2.112397179007530212e-02
9.005330502986907959e-02
-1.872423440217971802e-01
2.506116330623626709e-01
-1.695871911942958832e-02
-3.455880796536803246e-03
-3.344698995351791382e-02
-8.948881179094314575e-02
1.386248320341110229e-01
-1.513528823852539062e-01
-1.145662590861320496e-01
5.860371142625808716e-02
9.679236263036727905e-02
6.008473038673400879e-02
-1.226754114031791687e-01
1.015828028321266174e-01
-1.006757840514183044e-01
9.486035257577896118e-02
-6.635873112827539444e-03
-6.295721977949142456e-02
1.753761470317840576e-01
5.050299689173698425e-02
-5.887478590011596680e-02
-1.226348876953125000e-01
1.000569015741348267e-01
-5.857658386230468750e-02
-3.427549824118614197e-02
1.736441701650619507e-01
3.559258580207824707e-02
-1.208766028285026550e-01
1.828689873218536377e-01
-7.282231748104095459e-02
4.635521396994590759e-02
-6.165183335542678833e-02
-1.993681304156780243e-02
5.007310770452022552e-03
-8.943662792444229126e-02
8.131533116102218628e-02
-1.831723935902118683e-02
-1.976614259183406830e-02
-3.367533907294273376e-02
-5.697897821664810181e-02
6.535598635673522949e-02
2.850508084520697594e-03
-2.285076305270195007e-02
2.658815681934356689e-02
8.150169998407363892e-02
-2.081175334751605988e-02
1.574907004833221436e-01
