1.712234504520893097e-02
1.485562771558761597e-01
8.581592887639999390e-02
-1.135392561554908752e-01
2.637278847396373749e-02
3.682777052745223045e-03
5.969352275133132935e-02
-8.351085335016250610e-02
4.432073980569839478e-02
-7.347115129232406616e-02
4.029135033488273621e-02
5.149056389927864075e-02
-1.101865544915199280e-01
1.211041957139968872e-02
-9.824369847774505615e-02
-1.073981728404760361e-02
-1.310668606311082840e-02
-3.199033066630363464e-02
1.882221102714538574e-01
-9.119742363691329956e-02
-5.504169687628746033e-02
-8.213245123624801636e-02
1.153393164277076721e-01
-3.623003885149955750e-02
-6.158728152513504028e-02
-5.894806981086730957e-02
-4.451869428157806396e-02
7.241114228963851929e-02
3.742635622620582581e-02
8.751264214515686035e-02
-1.242277026176452637e-01
-1.621282249689102173e-01
-1.271659731864929199e-01
-3.645747527480125427e-02
-1.296072453260421753e-01
1.530988812446594238e-01
-6.164995580911636353e-02
-7.674551010131835938e-02
-7.000738382339477539e-02
5.729699879884719849e-02
-1.801004409790039062e-01
-2.854598127305507660e-02
1.262144595384597778e-01
-8.387335389852523804e-02
-9.798076003789901733e-02
7.197128236293792725e-02
-6.616224534809589386e-03
-1.367571949958801270e-02
-2.824222436174750328e-03
-1.248243227601051331e-01
5.605087801814079285e-02
1.242014393210411072e-01
2.052537053823471069e-01
-5.496274307370185852e-02
-1.633637398481369019e-01
1.624446175992488861e-02
1.508174538612365723e-01
1.089065670967102051e-01
-2.362138591706752777e-02
-3.896597400307655334e-02
-1.157884821295738220e-01
1.354029178619384766e-01
2.406555972993373871e-02
4.258840158581733704e-02
-7.962968945503234863e-02
1.830074042081832886e-01
1.139806285500526428e-01
6.673160940408706665e-02
1.805639453232288361e-02
-1.435677856206893921e-01
4.035445395857095718e-03
1.063532978296279907e-01
-9.300566464662551880e-02
1.215549036860466003e-01
1.313348710536956787e-01
-7.110597938299179077e-02
5.967237055301666260e-03
3.062022291123867035e-02
-9.823721833527088165e-03
-6.416281312704086304e-02
-3.181871399283409119e-02
1.741321235895156860e-01
8.347254246473312378e-02
5.754745751619338989e-02
1.244909781962633133e-02
7.019089162349700928e-02
-1.213488727807998657e-01
-1.174885872751474380e-02
8.103404939174652100e-02
2.341306954622268677e-02
-8.963525295257568359e-02
7.752530276775360107e-02
-4.740762338042259216e-02
8.910317718982696533e-02
6.099313497543334961e-02
1.194980666041374207e-01
1.722145229578018188e-01
7.728175818920135498e-02
1.338566094636917114e-01
1.284776777029037476e-01
-1.000360585749149323e-02
-1.034361720085144043e-01
1.278037112206220627e-02
-9.342917054891586304e-02
2.628730796277523041e-02
-7.023523747920989990e-02
5.497473292052745819e-03
1.657965220510959625e-02
7.396005839109420776e-02
1.140093579888343811e-01
3.020032681524753571e-02
4.248620197176933289e-02
-4.462266340851783752e-02
-5.750744417309761047e-02
-1.222826074808835983e-02
-6.218094751238822937e-02
4.347816109657287598e-02
-5.221123620867729187e-02
-5.265257880091667175e-02
1.886692829430103302e-02
