-2.685075402259826660e-01
1.032978072762489319e-01
1.733353734016418457e-01
3.770295158028602600e-02
-1.073411330580711365e-01
7.097949087619781494e-02
1.647767126560211182e-01
6.948857754468917847e-02
-5.034559592604637146e-02
-2.169612646102905273e-01
-1.687625497579574585e-01
-9.191195480525493622e-03
2.618327178061008453e-02
-5.926503613591194153e-02
-4.861836880445480347e-02
1.748296022415161133e-01
-1.479094382375478745e-02
4.572273418307304382e-02
-3.744628280401229858e-02
-1.005474105477333069e-01
1.229358687996864319e-01
-9.572086855769157410e-03
9.113392978906631470e-02
1.451700478792190552e-01
5.306953191757202148e-02
7.590726763010025024e-02
7.532187551259994507e-02
-1.001765877008438110e-01
-9.807485342025756836e-02
-4.187050461769104004e-02
-1.016935035586357117e-01
-3.375458344817161560e-02
-2.065362185239791870e-01
9.191998094320297241e-02
9.335764497518539429e-02
-4.055151343345642090e-02
3.184946021065115929e-03
1.361147612333297729e-01
-3.045086562633514404e-02
1.420148462057113647e-01
-1.200381442904472351e-01
6.381522119045257568e-02
-3.582359105348587036e-02
6.690740585327148438e-02
-3.618235886096954346e-02
-4.702566191554069519e-02
-6.049497053027153015e-02
-3.981013223528862000e-02
-1.383787244558334351e-01
-7.780446112155914307e-02
-7.519724220037460327e-02
-1.058243289589881897e-01
1.930891126394271851e-01
-9.489357471466064453e-02
8.465680293738842010e-03
-6.590377539396286011e-02
9.486707858741283417e-03
1.608367413282394409e-01
-5.602483823895454407e-02
-4.032955691218376160e-02
8.188235759735107422e-02
-9.894736111164093018e-02
-3.054859675467014313e-02
-4.198360070586204529e-02
-7.416593283414840698e-02
-4.040670767426490784e-02
-1.433134526014328003e-01
-5.188371986150741577e-03
-1.041684523224830627e-01
5.321672558784484863e-02
6.602908670902252197e-02
-1.968094520270824432e-02
3.014262020587921143e-02
1.098401099443435669e-01
-3.068124689161777496e-02
1.013337597250938416e-01
3.607847914099693298e-02
3.928315266966819763e-02
-2.756259776651859283e-02
2.088252268731594086e-02
1.395021378993988037e-02
7.997310906648635864e-02
-8.524227142333984375e-02
-1.289828717708587646e-01
2.625030837953090668e-02
-2.441516146063804626e-02
-1.014685258269309998e-01
-1.113791987299919128e-01
3.911826387047767639e-02
6.967668235301971436e-02
2.489177286624908447e-01
-7.351405918598175049e-02
-8.006770163774490356e-02
-1.135886833071708679e-01
5.852993950247764587e-02
-6.157853826880455017e-02
3.308703377842903137e-02
-2.225324325263500214e-02
1.000453978776931763e-01
1.875740736722946167e-01
-5.356141831725835800e-03
5.192726850509643555e-02
1.166818961501121521e-01
-8.557659387588500977e-02
-1.719781756401062012e-02
-9.718241542577743530e-02
7.946777343750000000e-02
-7.487832754850387573e-02
3.838267549872398376e-02
1.708880998194217682e-02
2.723455801606178284e-02
-8.004932664334774017e-03
2.164478302001953125e-01
7.849540561437606812e-02
1.131696701049804688e-01
-5.149257928133010864e-02
6.299417465925216675e-02
-1.100105978548526764e-02
4.360589198768138885e-03
-1.089337375015020370e-02
