1.123079583048820496e-01
3.546267375349998474e-02
-5.748594924807548523e-02
-3.821356594562530518e-02
-1.166003569960594177e-01
4.800844565033912659e-02
7.929145544767379761e-02
-1.029334291815757751e-01
-6.008108332753181458e-02
3.782375156879425049e-02
4.948258772492408752e-02
-7.345956750214099884e-03
3.672038391232490540e-02
-1.980380155146121979e-02
-4.575334116816520691e-02
-4.159645643085241318e-03
-2.436313405632972717e-02
-1.516930293291807175e-02
-6.712871044874191284e-02
-2.879989147186279297e-02
2.225742489099502563e-02
-7.552536576986312866e-02
-9.963861852884292603e-02
-2.563300542533397675e-02
-3.588899970054626465e-02
-5.544376373291015625e-02
7.047625631093978882e-02
9.845673292875289917e-02
-3.606423363089561462e-02
1.876583397388458252e-01
-1.107584238052368164e-01
-1.087598782032728195e-02
8.625420928001403809e-02
1.510506719350814819e-01
5.186313763260841370e-03
-1.332748383283615112e-01
-5.590797588229179382e-02
1.509597152471542358e-01
4.914717748761177063e-03
5.605480074882507324e-02
-1.866211742162704468e-01
-4.227482154965400696e-02
-4.501542448997497559e-02
4.687429871410131454e-03
5.984615068882703781e-03
1.147178187966346741e-01
4.883032664656639099e-02
2.018604613840579987e-02
2.204143851995468140e-01
-6.880191713571548462e-02
-1.187232956290245056e-01
-1.850674599409103394e-01
1.645761728286743164e-01
2.119983313605189323e-03
-6.607567518949508667e-02
-1.042791828513145447e-01
8.726452291011810303e-02
7.295098900794982910e-02
6.387981027364730835e-02
3.272972628474235535e-02
-1.632661968469619751e-01
6.446119397878646851e-02
-1.909913867712020874e-01
6.100992485880851746e-02
1.182686462998390198e-01
-1.143766790628433228e-01
1.239316239953041077e-01
-1.363584995269775391e-01
2.956235408782958984e-02
1.199406534433364868e-01
-5.501757189631462097e-02
1.577962487936019897e-01
-3.555088117718696594e-02
1.601489484310150146e-01
-9.722392424009740353e-04
-7.146924734115600586e-03
-4.090305790305137634e-02
-6.230894848704338074e-02
6.547139585018157959e-02
1.496554464101791382e-01
-9.426888078451156616e-02
-4.245094582438468933e-02
-1.288444250822067261e-01
-1.424902379512786865e-01
8.048593997955322266e-03
-1.038234159350395203e-01
1.424396336078643799e-01
3.425227105617523193e-02
1.019271016120910645e-01
1.157105192542076111e-01
-4.427459836006164551e-02
1.691744327545166016e-01
-9.897476434707641602e-02
-4.032337293028831482e-02
7.668663561344146729e-02
7.448573410511016846e-02
5.445969849824905396e-02
-5.537203699350357056e-02
-5.795413255691528320e-02
6.958632171154022217e-02
-6.427854299545288086e-02
-8.887939900159835815e-02
-2.217723131179809570e-01
5.891996249556541443e-02
2.512798011302947998e-01
7.223912328481674194e-02
-9.250769391655921936e-03
-9.744394570589065552e-02
1.241026353091001511e-02
-5.172930285334587097e-02
-1.609709560871124268e-01
-3.063734248280525208e-02
1.146390363574028015e-01
8.024128526449203491e-02
2.398350276052951813e-02
-9.098272770643234253e-02
-1.568919867277145386e-01
1.114188581705093384e-01
2.105751484632492065e-01
1.114438995718955994e-01
