-1.077834293246269226e-01
9.553077979944646358e-04
2.856391482055187225e-02
6.487782299518585205e-02
1.348227113485336304e-01
4.065917059779167175e-02
-1.545585244894027710e-01
-3.662408143281936646e-02
-1.070579513907432556e-01
-9.732552617788314819e-02
3.693909570574760437e-02
6.427374482154846191e-02
4.070645943284034729e-02
9.677749127149581909e-02
2.292257398366928101e-01
-6.425421684980392456e-03
-6.215526722371578217e-03
1.851652711629867554e-01
1.857369951903820038e-02
1.961256265640258789e-01
6.240991503000259399e-02
-3.154281899333000183e-02
-6.242262944579124451e-02
-2.237517200410366058e-02
-1.416970789432525635e-02
8.708320558071136475e-02
-8.645372837781906128e-02
-4.707525670528411865e-02
-1.911761611700057983e-01
-3.510624170303344727e-02
7.455927878618240356e-02
-3.610500320792198181e-02
8.763926476240158081e-02
7.303950190544128418e-02
-5.004277452826499939e-02
2.592077851295471191e-02
-1.238381266593933105e-01
-1.105808243155479431e-01
-5.214441567659378052e-02
1.370690297335386276e-02
1.254095435142517090e-01
3.048039786517620087e-02
-2.064522504806518555e-01
1.342380195856094360e-01
-1.906052678823471069e-01
1.530518382787704468e-01
1.095973998308181763e-01
1.387789994478225708e-01
9.408092498779296875e-02
8.661986142396926880e-02
1.465822290629148483e-02
1.495996583253145218e-02
-1.312300115823745728e-01
5.487926304340362549e-03
1.989316791296005249e-01
-1.129756099544465542e-03
-1.210000365972518921e-02
4.222772270441055298e-02
1.153705343604087830e-01
1.064873766154050827e-02
-1.136395707726478577e-01
-2.185407429933547974e-01
-2.361080422997474670e-02
6.896506994962692261e-02
-8.417326956987380981e-02
-4.435022547841072083e-02
-2.355682700872421265e-01
2.244602888822555542e-03
-2.005262374877929688e-01
1.594491153955459595e-01
2.866096037905663252e-04
7.043015211820602417e-02
1.011512875556945801e-01
1.839271634817123413e-01
-2.499608248472213745e-01
4.745497927069664001e-02
-6.644512712955474854e-02
-8.973523229360580444e-02
-1.884293258190155029e-01
-9.919031709432601929e-02
-5.674211308360099792e-02
1.641990542411804199e-01
-6.962310522794723511e-02
-1.818446815013885498e-01
-1.313398182392120361e-01
-7.387150824069976807e-02
-2.207227982580661774e-02
-1.000291481614112854e-02
-3.837033873423933983e-03
-1.032817992381751537e-03
2.217929624021053314e-02
-1.085014119744300842e-01
6.646280735731124878e-02
1.176769137382507324e-01
8.651147037744522095e-02
-7.797735184431076050e-02
-2.566628716886043549e-02
-2.181727066636085510e-02
-4.548786208033561707e-02
3.706298023462295532e-02
-5.905397608876228333e-02
-7.260177284479141235e-02
-6.471639126539230347e-02
-2.906740084290504456e-02
4.380739852786064148e-02
-1.366635560989379883e-01
1.827341169118881226e-01
-1.477726455777883530e-02
-1.210519671440124512e-01
-3.604915738105773926e-02
2.067454345524311066e-02
1.192208305001258850e-01
7.337487488985061646e-02
3.304947167634963989e-02
-1.233908310532569885e-01
-1.775307580828666687e-02
-7.326325029134750366e-02
2.538269758224487305e-02
-2.263976447284221649e-02
8.863370865583419800e-02
