-1.374955177307128906e-01
1.118599921464920044e-01
-6.789018958806991577e-02
1.721919924020767212e-01
-2.511643245816230774e-02
-6.207392364740371704e-02
7.530197501182556152e-02
2.212256938219070435e-01
1.135615110397338867e-01
1.056116819381713867e-01
-3.845034539699554443e-02
-1.020358800888061523e-01
7.080614450387656689e-04
-1.601014845073223114e-02
7.201980799436569214e-02
-1.424937974661588669e-02
-1.072003021836280823e-01
7.224501110613346100e-03
-9.852866828441619873e-02
1.779137253761291504e-01
-1.611828990280628204e-02
6.182946637272834778e-02
-1.694413870573043823e-01
-2.565394714474678040e-02
-3.978878632187843323e-02
1.557540595531463623e-01
1.886692643165588379e-01
1.306868791580200195e-01
-2.252093516290187836e-02
-9.445694833993911743e-02
4.949622973799705505e-02
-4.356951639056205750e-02
1.892460286617279053e-01
-8.582439273595809937e-02
5.040777474641799927e-02
-1.596855372190475464e-01
1.537255197763442993e-01
1.014893427491188049e-01
1.281713247299194336e-01
1.255669295787811279e-01
-2.545748651027679443e-01
-5.464599281549453735e-02
8.314301818609237671e-02
4.483027011156082153e-02
2.202257663011550903e-01
5.119526013731956482e-02
-5.949234589934349060e-02
1.759594082832336426e-01
2.460006438195705414e-02
9.992387145757675171e-02
1.825200393795967102e-02
-2.062007635831832886e-01
7.347486913204193115e-02
2.417078940197825432e-04
-1.300832480192184448e-01
-1.448292285203933716e-01
-5.644137412309646606e-02
8.760993927717208862e-02
-8.085685223340988159e-02
-7.187341898679733276e-02
-4.015281423926353455e-02
1.871372610330581665e-01
1.758269034326076508e-02
-1.688669249415397644e-02
1.454138942062854767e-02
-9.022985585033893585e-03
2.250817120075225830e-01
-1.088433619588613510e-02
2.454738169908523560e-01
-1.756381615996360779e-02
-7.350043952465057373e-02
8.557894080877304077e-02
3.438827022910118103e-02
2.862190594896674156e-03
6.466742604970932007e-02
-1.009493879973888397e-02
4.937832802534103394e-02
1.249739304184913635e-01
-3.083519451320171356e-02
-5.185696482658386230e-02
1.198869273066520691e-01
3.353359922766685486e-02
6.414955109357833862e-02
9.382459521293640137e-02
-9.373378008604049683e-02
1.068410053849220276e-01
9.933787398040294647e-03
3.381697833538055420e-02
8.950721472501754761e-02
1.572637408971786499e-01
2.476332243531942368e-03
-1.152946576476097107e-01
6.355547904968261719e-02
6.112834438681602478e-02
1.633164286613464355e-02
-1.714115589857101440e-01
3.591871354728937149e-03
-9.564810246229171753e-02
8.645626157522201538e-02
-8.181282132863998413e-02
-9.294985234737396240e-02
1.980911344289779663e-01
1.165256053209304810e-01
-1.767046377062797546e-02
1.397794038057327271e-01
1.607769280672073364e-01
2.578575909137725830e-02
-1.483424194157123566e-02
1.908190362155437469e-02
-1.452176570892333984e-01
-2.540631592273712158e-02
-7.971360534429550171e-02
-8.812070824205875397e-03
-5.147090181708335876e-02
7.726654410362243652e-02
7.953709363937377930e-02
-1.090821847319602966e-01
1.070766076445579529e-01
-3.475200831890106201e-01
3.738952800631523132e-02
