-6.672802567481994629e-02
4.515404626727104187e-02
6.998398900032043457e-02
-6.394911557435989380e-02
-7.600799947977066040e-02
-5.333681777119636536e-02
2.476953268051147461e-01
-8.014845103025436401e-02
-2.402710355818271637e-02
-9.544231928884983063e-03
9.989806264638900757e-02
-9.368232637643814087e-02
-7.619134616106748581e-03
5.247787386178970337e-02
4.010151326656341553e-02
-2.421555481851100922e-02
1.710844933986663818e-01
-1.115508675575256348e-01
-3.860757872462272644e-02
-1.267412491142749786e-02
5.018683150410652161e-02
-1.604117304086685181e-01
1.446530818939208984e-01
2.752767316997051239e-02
-5.949341878294944763e-02
-9.332445450127124786e-03
-5.081455036997795105e-02
6.410448253154754639e-02
-2.969815395772457123e-02
-1.621987670660018921e-01
1.044984683394432068e-01
2.218167334794998169e-01
9.892421215772628784e-02
-7.466451823711395264e-02
4.519818350672721863e-03
7.223247736692428589e-02
-6.703140586614608765e-02
-1.022046804428100586e-01
2.422707900404930115e-02
2.274364046752452850e-02
-6.042813882231712341e-02
1.095712110400199890e-01
-9.105109423398971558e-02
-5.032960698008537292e-02
-5.663811042904853821e-02
-7.940419763326644897e-02
-5.500353127717971802e-02
9.726022928953170776e-02
1.278840154409408569e-01
-6.677242368459701538e-02
-6.878318637609481812e-02
-4.324113950133323669e-02
5.206796154379844666e-02
-7.336623966693878174e-03
-9.863004833459854126e-02
-3.046292997896671295e-02
-1.789433956146240234e-01
1.085012219846248627e-02
4.411950334906578064e-02
-1.921212077140808105e-01
1.877814345061779022e-02
-3.702833876013755798e-02
-9.712696820497512817e-02
1.069050654768943787e-01
6.170003209263086319e-03
-3.998335823416709900e-02
-1.260122209787368774e-01
-1.413243561983108521e-01
2.191833555698394775e-01
6.028518825769424438e-02
7.378452271223068237e-02
-8.569243364036083221e-03
-1.071282848715782166e-01
-4.345894977450370789e-02
5.315371975302696228e-02
2.400907129049301147e-02
7.412348873913288116e-03
-3.123689629137516022e-02
1.367135066539049149e-02
-3.408465906977653503e-02
-1.407156735658645630e-01
6.178408488631248474e-02
8.388190716505050659e-02
-2.810860984027385712e-02
5.208639055490493774e-02
-9.530603885650634766e-02
-5.545740947127342224e-02
-2.721419334411621094e-01
-1.188854351639747620e-01
1.086120530962944031e-01
1.494438201189041138e-02
-6.661026272922754288e-03
-9.899892657995223999e-02
-1.685417592525482178e-01
-5.560499057173728943e-02
6.275413185358047485e-02
-1.256949305534362793e-01
1.009995583444833755e-02
-1.748483031988143921e-01
1.391668170690536499e-01
-8.344747871160507202e-02
1.268884986639022827e-01
5.704456940293312073e-03
-7.826747745275497437e-02
3.977228328585624695e-02
-2.136689983308315277e-02
3.123309090733528137e-02
6.827213219366967678e-04
-1.031084656715393066e-01
1.516728252172470093e-01
-1.796785444021224976e-01
4.177449271082878113e-02
1.596931219100952148e-01
6.043214723467826843e-02
-6.809842586517333984e-02
-6.314492970705032349e-02
-6.240353453904390335e-03
-5.323356017470359802e-02
1.532906480133533478e-02
-4.490979388356208801e-02
