1.780020887963473797e-03
-4.132354632019996643e-03
5.015137419104576111e-02
7.082047313451766968e-02
1.038368344306945801e-01
3.375089168548583984e-02
-7.465899735689163208e-02
7.980495691299438477e-02
4.624071530997753143e-03
-4.765960574150085449e-02
-4.745397344231605530e-02
-1.440742798149585724e-02
1.664249747991561890e-01
9.192051738500595093e-02
2.191134691238403320e-01
-1.588327251374721527e-02
1.002366095781326294e-01
-4.022118449211120605e-02
-4.309318214654922485e-02
-1.544915046542882919e-02
1.596403419971466064e-01
-3.908284753561019897e-02
-7.149518933147192001e-03
-6.025378778576850891e-02
1.331806927919387817e-01
5.250699073076248169e-02
1.137696281075477600e-01
-8.445705287158489227e-03
1.629616022109985352e-01
4.800773784518241882e-02
2.513260208070278168e-02
-1.923287063837051392e-01
-1.095899939537048340e-01
-9.942780248820781708e-03
3.820600360631942749e-02
-1.149757131934165955e-01
7.758552581071853638e-02
-9.367556124925613403e-02
-2.105785347521305084e-02
1.724868267774581909e-01
1.786590553820133209e-02
-2.007158249616622925e-01
1.222351100295782089e-02
6.725201010704040527e-02
-8.507930487394332886e-02
3.466041758656501770e-02
-2.794366516172885895e-02
6.163913756608963013e-02
-4.999583587050437927e-02
1.568191200494766235e-01
-4.361432511359453201e-03
-1.153118014335632324e-01
-2.628383934497833252e-01
-4.986140877008438110e-03
-9.425987303256988525e-02
5.278189107775688171e-02
-1.219668611884117126e-01
-4.588459059596061707e-02
-4.675863310694694519e-02
1.121684908866882324e-01
3.591542318463325500e-02
-6.118762493133544922e-02
2.160021290183067322e-02
-5.013943836092948914e-02
-4.508838057518005371e-02
-4.922618716955184937e-02
-1.021702289581298828e-01
4.955412819981575012e-02
-1.536544598639011383e-02
7.961767725646495819e-03
1.112382188439369202e-01
-1.017736196517944336e-01
8.442755788564682007e-02
3.481482341885566711e-02
1.531269550323486328e-01
1.645575463771820068e-01
-1.531353890895843506e-01
2.678359150886535645e-01
1.530343741178512573e-01
1.387252509593963623e-01
2.072626911103725433e-02
-3.607738390564918518e-02
-1.096218153834342957e-01
1.783285103738307953e-02
-9.567668288946151733e-02
-7.364369183778762817e-02
2.255494892597198486e-01
-8.930089883506298065e-03
-2.873489260673522949e-02
-1.015027537941932678e-01
-7.488786429166793823e-02
-4.010450467467308044e-02
4.039184749126434326e-02
3.750666603446006775e-02
-6.672541797161102295e-02
8.293266408145427704e-03
1.407343447208404541e-01
2.413684129714965820e-02
-9.579298645257949829e-02
1.713468283414840698e-01
-2.106768935918807983e-01
1.155115962028503418e-01
-5.354087427258491516e-02
-1.002925783395767212e-01
-1.100582107901573181e-01
6.500118225812911987e-02
1.126812323927879333e-01
-1.102089658379554749e-01
-4.448685422539710999e-02
-1.761673949658870697e-02
-4.419927299022674561e-02
-3.821816667914390564e-02
3.389815613627433777e-02
6.679575890302658081e-02
-1.207031831145286560e-01
3.672875091433525085e-02
1.703108996152877808e-01
-7.264979183673858643e-02
4.670423269271850586e-02
-1.324916630983352661e-01
