5.719680339097976685e-02
-1.211068034172058105e-01
-9.321004897356033325e-02
-1.119437590241432190e-01
9.472545236349105835e-02
4.245905205607414246e-02
-3.226461261510848999e-02
4.889679327607154846e-02
1.852950826287269592e-02
-5.766234919428825378e-02
-4.444104060530662537e-02
-9.328474849462509155e-02
-1.913073360919952393e-01
-3.430876648053526878e-03
-2.833980834111571312e-03
-1.010744720697402954e-01
2.716812491416931152e-02
-9.684931486845016479e-03
-4.784831311553716660e-03
-2.736908569931983948e-02
-2.872602082788944244e-02
-2.942195348441600800e-02
-1.842398196458816528e-02
2.428393363952636719e-01
1.522612273693084717e-01
6.740391254425048828e-03
-1.434207987040281296e-02
-1.150965467095375061e-01
-1.120067238807678223e-01
-2.372725121676921844e-02
-1.285211592912673950e-01
-2.411512583494186401e-01
-8.259148150682449341e-02
-7.819817960262298584e-02
2.988148666918277740e-02
5.259056016802787781e-02
2.073191404342651367e-01
3.715028613805770874e-02
6.984365731477737427e-02
-1.542762964963912964e-01
4.805808141827583313e-02
-4.743343219161033630e-02
-2.263043224811553955e-01
1.154893860220909119e-01
-1.139963790774345398e-02
-3.508881106972694397e-02
-8.583051711320877075e-02
-1.791563443839550018e-02
1.068217530846595764e-01
6.068088486790657043e-02
1.082632597535848618e-02
1.229619979858398438e-01
-2.280046232044696808e-02
6.648513674736022949e-02
6.614270061254501343e-02
-8.231473714113235474e-02
5.264280363917350769e-02
-4.431427270174026489e-02
-2.732801809906959534e-02
7.187133282423019409e-02
-7.675445172935724258e-03
3.704554960131645203e-02
-8.229720406234264374e-03
-7.576932758092880249e-02
5.168727040290832520e-02
8.706092089414596558e-02
-3.002438927069306374e-03
7.838196307420730591e-02
-1.554796397686004639e-01
1.263025123625993729e-02
-1.271725594997406006e-01
3.303414955735206604e-02
-1.014225408434867859e-01
-1.188203468918800354e-01
5.503354594111442566e-02
-1.754319481551647186e-02
-1.115236803889274597e-01
-3.716989979147911072e-02
-9.222642332315444946e-02
-1.128214001655578613e-01
1.339560933411121368e-02
1.298348754644393921e-01
-4.897789284586906433e-02
2.073384374380111694e-01
9.225492924451828003e-02
1.140861511230468750e-01
-1.203396245837211609e-01
-2.203865498304367065e-01
4.110842011868953705e-03
-1.723615676164627075e-01
1.458451002836227417e-01
1.349251437932252884e-02
-1.318939179182052612e-01
1.447084452956914902e-02
-1.355036056338576600e-05
-3.992950543761253357e-02
9.440893679857254028e-02
-6.744959205389022827e-02
-5.902300402522087097e-02
-6.985691841691732407e-03
1.113577410578727722e-01
-8.045995235443115234e-02
5.277264863252639771e-02
1.782715879380702972e-02
-4.619084764271974564e-03
-1.608997434377670288e-01
8.542819321155548096e-02
-4.778515547513961792e-02
4.542726650834083557e-02
6.212754920125007629e-02
-1.567361205816268921e-01
4.410067945718765259e-02
-8.171351999044418335e-02
-9.408618509769439697e-02
-2.323777973651885986e-02
2.589989267289638519e-02
-3.926708362996578217e-03
-9.575933218002319336e-02
6.032006070017814636e-02
-6.511520594358444214e-02
