8.554616570472717285e-02
8.196710050106048584e-02
1.347224563360214233e-01
-9.819418936967849731e-02
8.622596412897109985e-02
5.120239779353141785e-02
-1.070882901549339294e-01
-2.490275651216506958e-01
-6.492063403129577637e-02
-3.937570378184318542e-03
7.398398965597152710e-02
-8.811800740659236908e-03
-5.665103718638420105e-02
1.125689372420310974e-01
1.380733102560043335e-01
5.348530411720275879e-02
5.045606568455696106e-02
-2.779391780495643616e-02
-2.561845481395721436e-01
2.080108784139156342e-02
-3.894392773509025574e-02
1.967150159180164337e-02
-1.014903783798217773e-01
2.719234302639961243e-02
-7.673992961645126343e-02
-1.459200829267501831e-01
-1.237321365624666214e-02
1.172503363341093063e-02
-5.241813883185386658e-02
1.044389232993125916e-01
-4.219106212258338928e-02
-8.035961538553237915e-02
-5.625644326210021973e-02
7.902836427092552185e-03
-1.641940325498580933e-01
-1.202185302972793579e-01
-6.970337033271789551e-02
5.523642897605895996e-02
-2.149255201220512390e-02
-2.057260125875473022e-01
2.189551014453172684e-03
4.088210314512252808e-02
-1.790663897991180420e-01
-3.735375031828880310e-02
2.670967951416969299e-02
1.680396497249603271e-01
7.625047862529754639e-02
-5.857736617326736450e-02
8.522313088178634644e-02
-7.899551838636398315e-02
-2.705495059490203857e-02
-3.728264709934592247e-03
-3.491162508726119995e-02
-9.965331852436065674e-02
-4.270087182521820068e-02
2.798333205282688141e-02
-1.465082913637161255e-02
-1.548747904598712921e-02
8.321546763181686401e-02
-2.344539761543273926e-02
-1.861392110586166382e-01
-1.825189888477325439e-01
6.619985401630401611e-02
1.787311434745788574e-01
1.499914377927780151e-01
8.386199176311492920e-02
4.714905470609664917e-02
-8.475838601589202881e-02
6.077647954225540161e-02
-1.271760612726211548e-01
9.750716388225555420e-02
5.373960360884666443e-02
1.752270907163619995e-01
2.089490890502929688e-01
-2.578652799129486084e-01
-7.438295334577560425e-02
-3.704541549086570740e-02
-1.624344848096370697e-02
-1.755540370941162109e-01
4.668558947741985321e-03
9.224596433341503143e-03
3.225386142730712891e-02
6.505927443504333496e-02
-9.437568485736846924e-02
-3.521129861474037170e-02
-1.922026090323925018e-02
2.025293372571468353e-02
2.597451023757457733e-02
9.367234259843826294e-02
-8.847604691982269287e-02
1.957866996526718140e-01
-4.099390003830194473e-03
-5.897391960024833679e-02
1.896662712097167969e-01
-1.049560531973838806e-01
1.600084900856018066e-01
-2.335197031497955322e-01
3.446492552757263184e-02
4.695155099034309387e-02
6.199120543897151947e-03
4.330614209175109863e-02
5.623612925410270691e-02
5.046898126602172852e-02
2.327551692724227905e-01
-5.424806475639343262e-02
3.500263392925262451e-02
-7.385077327489852905e-02
-1.557119935750961304e-01
1.066774874925613403e-01
4.302104562520980835e-02
-1.644077599048614502e-01
2.524809837341308594e-01
4.218032583594322205e-02
-2.104281932115554810e-01
1.781437844038009644e-01
-1.765751391649246216e-01
1.480838358402252197e-01
7.728949189186096191e-02
1.339169591665267944e-01
-6.035660859197378159e-03
