4.185253381729125977e-02
2.029268741607666016e-01
-3.866068273782730103e-02
1.296612024307250977e-01
-2.465559728443622589e-02
-3.186078369617462158e-02
-4.697372391819953918e-02
1.202320083975791931e-01
-1.590242534875869751e-01
4.187370836734771729e-02
1.342396885156631470e-01
-6.816180050373077393e-02
2.190043479204177856e-01
-5.973073840141296387e-02
1.741169840097427368e-01
-3.447109833359718323e-02
-1.840957105159759521e-01
-3.814344480633735657e-02
-7.390888873487710953e-03
4.809620231389999390e-02
1.794680356979370117e-01
1.809278875589370728e-01
3.711982443928718567e-02
9.091525524854660034e-02
1.596019789576530457e-02
1.364007778465747833e-02
9.986259043216705322e-02
7.350187748670578003e-02
3.595063090324401855e-01
-5.579848960041999817e-02
8.065249770879745483e-02
-3.067005053162574768e-02
-8.877632208168506622e-04
-2.934537827968597412e-02
1.102209463715553284e-01
-2.674549631774425507e-02
7.461684197187423706e-02
-8.786695078015327454e-03
-1.854434609413146973e-02
4.655182361602783203e-02
-6.235928460955619812e-02
-1.308272629976272583e-01
6.777503341436386108e-02
-3.766746446490287781e-02
-1.370406011119484901e-03
2.468647249042987823e-02
5.308349803090095520e-02
-2.101235240697860718e-01
-5.546188354492187500e-02
7.229078095406293869e-03
-3.883551433682441711e-02
1.583588570356369019e-01
-1.435614228248596191e-01
5.142232403159141541e-02
3.682230412960052490e-02
6.605286151170730591e-02
8.108364045619964600e-02
1.190176755189895630e-01
3.127565607428550720e-02
-3.443405032157897949e-02
-5.539562925696372986e-02
9.453659504652023315e-02
-2.742863595485687256e-01
-1.435990333557128906e-01
1.145408526062965393e-01
6.778123229742050171e-02
-2.803977765142917633e-02
-1.283169835805892944e-01
2.888267673552036285e-02
1.308657377958297729e-01
4.702181369066238403e-02
-1.665490679442882538e-02
-5.409244820475578308e-02
-2.097773179411888123e-02
2.590606454759836197e-03
2.050875686109066010e-02
-2.491230517625808716e-02
2.864113822579383850e-02
-1.250889897346496582e-01
-5.613749846816062927e-03
4.305575042963027954e-02
5.826851818710565567e-03
-1.753894053399562836e-02
-1.385895907878875732e-01
1.881852149963378906e-01
-9.924621880054473877e-02
3.595894947648048401e-02
9.494616091251373291e-02
4.905333742499351501e-02
7.898750156164169312e-02
-2.737571895122528076e-01
1.615895032882690430e-01
1.784906350076198578e-02
-1.445407718420028687e-01
1.552582234144210815e-01
7.063950598239898682e-02
8.968361467123031616e-02
1.810693591833114624e-01
-3.095950558781623840e-02
1.232107263058423996e-02
1.742940396070480347e-01
-2.647974155843257904e-02
-9.692659974098205566e-02
7.871839217841625214e-03
-1.407854706048965454e-01
-6.099938973784446716e-02
1.006423383951187134e-01
1.658651381731033325e-01
-2.166831307113170624e-02
-1.172025725245475769e-01
-1.532111167907714844e-01
-1.054626330733299255e-01
7.250066380947828293e-03
-1.428892370313405991e-02
8.476521074771881104e-02
2.798383869230747223e-02
1.992452703416347504e-02
6.472495198249816895e-02
-3.735996410250663757e-02
1.166211348026990891e-02
