3.102876245975494385e-02
7.683917135000228882e-02
-7.127427309751510620e-02
5.152220278978347778e-02
-7.454625517129898071e-02
5.759702995419502258e-02
1.416452880948781967e-02
6.753838062286376953e-02
-1.185131818056106567e-01
-6.986241787672042847e-02
-1.589693278074264526e-01
1.875066161155700684e-01
8.298893272876739502e-02
-7.129380106925964355e-02
4.794510081410408020e-02
4.800317063927650452e-02
6.097313389182090759e-02
-1.086865216493606567e-01
5.624609068036079407e-02
-1.872892864048480988e-02
-3.533934056758880615e-02
1.213485151529312134e-01
-2.512504756450653076e-01
1.834138878621160984e-03
3.158001229166984558e-02
1.911876499652862549e-01
-6.879118829965591431e-02
3.654281422495841980e-02
6.505417078733444214e-02
-1.302186250686645508e-01
2.257835149066522717e-04
1.667823526076972485e-03
-8.184636384248733521e-02
2.073991112411022186e-02
-2.596795000135898590e-02
4.780772328376770020e-02
8.361972868442535400e-03
-6.832057982683181763e-02
4.076980054378509521e-02
1.421932578086853027e-01
1.840834319591522217e-01
-1.895020157098770142e-01
-5.593784153461456299e-03
-1.257246881723403931e-01
-9.941587597131729126e-02
1.037840843200683594e-01
-1.114071384072303772e-01
-1.429446041584014893e-01
3.806711360812187195e-02
6.415784358978271484e-02
-8.951868861913681030e-03
3.930537030100822449e-02
6.229450181126594543e-02
1.536549329757690430e-01
1.884777843952178955e-02
3.653272753581404686e-03
1.591787785291671753e-01
-9.146913141012191772e-02
6.964987516403198242e-02
1.106330677866935730e-01
-1.091161370277404785e-01
4.920396953821182251e-02
-4.179836716502904892e-03
-7.208608835935592651e-02
-5.564498528838157654e-02
-1.117563769221305847e-01
-3.335560858249664307e-02
-3.431377187371253967e-02
1.738590071909129620e-03
-4.797669872641563416e-02
5.805102735757827759e-02
-8.333250135183334351e-02
-8.977859467267990112e-02
1.448537688702344894e-02
9.280733764171600342e-02
6.796697527170181274e-02
5.366042256355285645e-02
-9.325915016233921051e-03
4.723403975367546082e-02
1.153428331017494202e-01
-2.750810422003269196e-02
-1.361650824546813965e-01
-2.288701981306076050e-01
1.340043395757675171e-01
-6.761946529150009155e-02
-1.160634383559226990e-01
-9.439010173082351685e-02
1.636521145701408386e-02
-8.979135006666183472e-02
5.265621095895767212e-02
-9.614950418472290039e-02
-1.077606715261936188e-02
-1.318482607603073120e-01
3.078931383788585663e-02
-3.921816498041152954e-02
5.740174278616905212e-02
-1.144543662667274475e-01
-9.193909168243408203e-02
4.501590132713317871e-02
-1.799354702234268188e-02
2.389045059680938721e-02
-1.567388139665126801e-02
1.926691457629203796e-02
-7.255148142576217651e-02
-1.367461532354354858e-01
-1.104553863406181335e-01
-6.123965978622436523e-02
-1.800161600112915039e-01
1.273081749677658081e-01
1.535425521433353424e-02
-4.410997405648231506e-02
4.677971079945564270e-02
-1.732717007398605347e-01
1.397529244422912598e-01
4.919330030679702759e-02
1.163007169961929321e-01
-8.224365115165710449e-02
9.098537266254425049e-02
-5.371302366256713867e-02
-6.894700974225997925e-02
