-5.719818640500307083e-03
2.450228203088045120e-05
-9.356236085295677185e-03
5.023250821977853775e-03
9.680545772425830364e-04
-1.301303971558809280e-03
-4.117996431887149811e-03
2.754499437287449837e-04
-1.921128481626510620e-03
-1.624949043616652489e-03
-5.192265845835208893e-03
4.805283620953559875e-03
-5.876206327229738235e-03
-6.616171915084123611e-03
-5.842666141688823700e-03
-4.226724617183208466e-03
-1.327518955804407597e-03
-1.913029700517654419e-04
-2.090074121952056885e-03
3.158229170367121696e-03
-6.598506122827529907e-03
5.752632860094308853e-03
4.676832351833581924e-03
-5.940145812928676605e-03
9.001690777949988842e-04
-3.175071673467755318e-03
-9.292073082178831100e-04
6.390013732016086578e-03
-4.121844656765460968e-03
2.899043727666139603e-03
1.246761297807097435e-03
3.472955897450447083e-03
-9.017492644488811493e-03
-6.233815220184624195e-04
2.348437905311584473e-03
-5.605209153145551682e-04
-5.770962219685316086e-03
-5.086345132440328598e-03
-9.528559632599353790e-03
-5.944559350609779358e-03
-3.661901457235217094e-03
-8.309853263199329376e-03
1.614831038750708103e-03
-2.910343930125236511e-03
4.757747054100036621e-03
-2.122792880982160568e-03
-1.105693355202674866e-02
-9.258903563022613525e-03
-3.363633062690496445e-03
-4.420322366058826447e-03
-9.879122953861951828e-04
-5.824947729706764221e-03
-1.895881723612546921e-06
-2.338900463655591011e-03
-5.585587583482265472e-03
-1.643700175918638706e-03
-1.412806287407875061e-02
-5.203299224376678467e-03
-5.662104580551385880e-03
-5.966634489595890045e-03
-7.925755344331264496e-03
-7.481067441403865814e-03
-4.224549978971481323e-03
-4.115980118513107300e-05
-6.009022705256938934e-03
3.525611944496631622e-03
-8.291872218251228333e-04
-7.161477115005254745e-03
-8.761833421885967255e-03
-1.258617267012596130e-02
-4.042086657136678696e-03
-1.089149340987205505e-02
5.835923366248607635e-05
-9.465115144848823547e-03
-1.287764869630336761e-03
-4.324303474277257919e-03
-3.853873931802809238e-04
-2.281384076923131943e-03
-1.506872009485960007e-03
-5.396906286478042603e-03
-1.178937312215566635e-02
-5.005964543670415878e-03
-1.665942254476249218e-03
-7.718505337834358215e-03
-2.678501186892390251e-03
-3.304410958662629128e-03
2.166227786801755428e-04
-2.492493716999888420e-03
-1.352496445178985596e-03
5.884724669158458710e-05
-8.409658446907997131e-03
-1.336887851357460022e-02
-1.513209892436861992e-03
1.332412823103368282e-03
-7.388884201645851135e-03
2.601741347461938858e-03
-9.711993858218193054e-03
-8.777678012847900391e-03
-6.953645497560501099e-03
-8.357730694115161896e-03
