-6.268349941819906235e-03
8.562063425779342651e-02
5.589425563812255859e-02
-1.158225685358047485e-01
4.181123897433280945e-02
1.380621045827865601e-01
-1.058834791183471680e-01
-7.427297532558441162e-02
-1.010757312178611755e-01
-5.191479995846748352e-02
1.038469597697257996e-01
2.409108728170394897e-02
-4.587941989302635193e-02
-2.652995288372039795e-02
-1.665779389441013336e-02
-6.510592997074127197e-03
8.691512048244476318e-03
-2.067146748304367065e-01
-3.040047548711299896e-02
-5.460943654179573059e-02
-5.995204672217369080e-02
1.494360715150833130e-01
1.853418946266174316e-01
7.811247557401657104e-02
1.065183803439140320e-01
1.957200765609741211e-01
-2.069204114377498627e-02
-8.567296713590621948e-02
-9.216911345720291138e-02
2.624037861824035645e-02
-1.762538589537143707e-02
7.626380771398544312e-03
1.139045879244804382e-01
8.551699668169021606e-02
1.049746423959732056e-01
-1.211609225720167160e-02
3.166656196117401123e-02
1.186086679808795452e-03
9.638707339763641357e-02
1.457949727773666382e-02
-2.064024955034255981e-01
4.510756582021713257e-02
1.073213443160057068e-01
9.800380468368530273e-02
4.201857373118400574e-02
-3.681825473904609680e-02
8.756842464208602905e-02
-4.780018236488103867e-03
-6.041115522384643555e-02
-6.717154383659362793e-02
-1.072328072041273117e-02
-2.156258001923561096e-02
5.168755538761615753e-03
5.223476793617010117e-03
-1.009748205542564392e-01
-6.339132785797119141e-02
3.411315008997917175e-02
5.791199207305908203e-02
1.498551219701766968e-01
7.285039871931076050e-02
-2.211182005703449249e-02
-1.127422600984573364e-01
-5.044820904731750488e-02
-6.842687726020812988e-02
1.981606930494308472e-01
4.194955155253410339e-02
-1.146291047334671021e-01
2.624249830842018127e-02
7.500923424959182739e-02
-1.680493727326393127e-02
4.243985190987586975e-02
-7.938358001410961151e-03
1.122089102864265442e-02
-5.564385093748569489e-03
5.763819441199302673e-02
8.990630507469177246e-02
5.482668429613113403e-02
-1.990842446684837341e-02
1.865238249301910400e-01
-9.304658323526382446e-02
1.262248307466506958e-01
1.152903810143470764e-01
5.468605086207389832e-03
-9.842725843191146851e-02
4.366917163133621216e-02
-1.313853859901428223e-01
8.801966905593872070e-02
1.615036837756633759e-02
-8.054944127798080444e-02
-1.817820011638104916e-03
-7.596804946660995483e-02
-1.714963838458061218e-02
-1.603935509920120239e-01
1.894257962703704834e-02
-2.428019046783447266e-01
5.453653261065483093e-02
-5.368858575820922852e-02
9.907083213329315186e-02
-3.109304048120975494e-02
1.545639485120773315e-01
3.495387732982635498e-03
9.606032818555831909e-02
2.796989679336547852e-02
-4.474358633160591125e-02
-9.925674647092819214e-02
2.609114646911621094e-01
8.211622014641761780e-03
-1.530736088752746582e-01
-5.034433677792549133e-02
-2.081360369920730591e-01
1.488349288702011108e-01
-2.180217802524566650e-01
-3.254195675253868103e-02
1.381206363439559937e-01
-2.404081448912620544e-02
9.128140658140182495e-02
-2.226951420307159424e-01
1.703854054212570190e-01
3.835756704211235046e-02
8.923860639333724976e-02
-2.286601252853870392e-02
2.762421406805515289e-02
1.033022627234458923e-01
8.143635094165802002e-02
3.747123852372169495e-02
-6.579345464706420898e-02
-1.306214183568954468e-01
8.215921372175216675e-02
-2.952315844595432281e-02
-3.831572830677032471e-02
1.379453390836715698e-01
-3.091556392610073090e-02
-1.616416871547698975e-01
6.073684245347976685e-02
1.154198050498962402e-01
4.229187965393066406e-02
1.114321500062942505e-01
-5.949197337031364441e-02
4.940726980566978455e-02
1.660518199205398560e-01
2.837778627872467041e-02
-1.169317960739135742e-01
2.081426680088043213e-01
-6.025581154972314835e-03
-1.271798461675643921e-01
-1.375408917665481567e-01
-3.076493507251143456e-03
-1.627970337867736816e-01
8.624542504549026489e-02
5.926825478672981262e-02
-1.769070886075496674e-02
-2.514523267745971680e-02
-1.402279883623123169e-01
-1.214277278631925583e-02
-1.092131286859512329e-01
6.416459381580352783e-02
8.582689613103866577e-02
-2.161298692226409912e-02
-3.145299153402447701e-03
7.467829436063766479e-02
1.505700796842575073e-01
1.519495695829391479e-01
5.598626658320426941e-02
-3.513570874929428101e-02
8.158206939697265625e-02
2.058883197605609894e-02
-9.598758071660995483e-02
-2.893026731908321381e-02
-7.405858486890792847e-03
-8.697675913572311401e-02
1.046206429600715637e-02
7.613874971866607666e-02
-5.478419736027717590e-02
7.749041169881820679e-02
-1.409698277711868286e-01
5.267579108476638794e-02
9.746060520410537720e-02
-1.926404237747192383e-02
1.382712274789810181e-01
4.128485452383756638e-03
-9.957864135503768921e-02
-1.664735004305839539e-02
-3.486904129385948181e-02
1.513234060257673264e-02
4.766538739204406738e-02
9.297098033130168915e-03
1.092386171221733093e-01
8.822435140609741211e-02
-5.077167879790067673e-03
1.195349469780921936e-01
5.390548706054687500e-02
5.221844837069511414e-02
1.322070807218551636e-01
-4.050534591078758240e-02
-2.167131453752517700e-01
2.111200243234634399e-02
1.212079748511314392e-01
5.341244861483573914e-02
8.690299838781356812e-02
1.260234564542770386e-01
2.252907752990722656e-01
8.048359304666519165e-02
-1.065699458122253418e-01
-1.554169505834579468e-01
-2.467712573707103729e-02
-2.848133742809295654e-01
-3.090057373046875000e-01
-4.067634418606758118e-02
-4.699796810746192932e-02
-2.910333871841430664e-02
1.733743846416473389e-01
-1.074127554893493652e-01
2.121900394558906555e-02
2.590342424809932709e-02
-4.353353288024663925e-03
5.079224333167076111e-02
1.322444975376129150e-01
1.438958793878555298e-01
4.166570957750082016e-03
6.543661653995513916e-02
-7.575605413876473904e-04
2.605462074279785156e-01
1.231610700488090515e-01
-1.075360700488090515e-01
5.238677933812141418e-02
7.358539849519729614e-03
1.002758145332336426e-01
-4.307297244668006897e-02
3.187499940395355225e-01
-1.103893294930458069e-01
5.808760877698659897e-03
5.154189094901084900e-02
-2.709638513624668121e-02
-3.432999178767204285e-02
6.971057038754224777e-03
6.454403698444366455e-02
9.952675551176071167e-02
7.953625172376632690e-02
-1.443870812654495239e-01
5.169865116477012634e-02
3.689175471663475037e-02
-5.986146163195371628e-03
9.137224406003952026e-02
7.786741107702255249e-02
3.494615480303764343e-02
-1.175615098327398300e-02
-2.361450642347335815e-01
-2.877593971788883209e-02
4.312972351908683777e-02
8.556225150823593140e-02
-1.401308327913284302e-01
-1.250744760036468506e-01
3.982511162757873535e-02
-7.989820092916488647e-02
-1.771528124809265137e-01
8.405385166406631470e-02
-9.180755913257598877e-02
-1.040054112672805786e-01
-1.988199800252914429e-01
-1.395288016647100449e-02
1.178870946168899536e-01
-5.456988885998725891e-02
7.917206734418869019e-02
-4.980585724115371704e-02
-5.627725645899772644e-02
5.961172655224800110e-02
1.010466963052749634e-01
-4.046375676989555359e-02
1.055014133453369141e-01
9.750587493181228638e-02
7.268016785383224487e-02
3.707323595881462097e-02
-3.308176621794700623e-02
-4.477451369166374207e-02
1.301733255386352539e-01
-2.766926586627960205e-02
-6.454923003911972046e-02
-1.223163381218910217e-01
-1.305864304304122925e-01
-2.631521597504615784e-02
-6.034773215651512146e-02
1.957401446998119354e-02
-2.099557034671306610e-02
8.361326903104782104e-02
-1.530243158340454102e-01
-1.564676016569137573e-01
-2.888121642172336578e-02
-8.651032112538814545e-04
-6.354385614395141602e-02
1.834682077169418335e-01
-1.581815071403980255e-02
9.867087751626968384e-02
6.314840912818908691e-02
4.651954770088195801e-02
-1.499304026365280151e-01
-3.421931294724345207e-03
5.974289774894714355e-02
-9.034509770572185516e-03
7.069887965917587280e-02
4.871763288974761963e-02
-5.475134775042533875e-02
1.578264683485031128e-02
-2.322448231279850006e-02
5.713006481528282166e-02
5.651928111910820007e-02
-2.127504721283912659e-02
6.297581642866134644e-02
-6.823631469160318375e-03
1.162674510851502419e-03
1.048436090350151062e-01
-1.847396045923233032e-02
-1.862657628953456879e-02
-9.988041967153549194e-02
-1.075923908501863480e-02
-1.818684786558151245e-01
2.637381851673126221e-02
5.382265523076057434e-02
-1.409081667661666870e-01
-2.503778785467147827e-03
-1.227666661143302917e-01
-3.125166147947311401e-02
-3.727093804627656937e-03
-4.631761834025382996e-02
1.240791305899620056e-01
-2.006753347814083099e-02
-1.874605379998683929e-02
8.574386127293109894e-03
-6.192111968994140625e-02
5.046760663390159607e-02
3.203102201223373413e-02
-1.590126603841781616e-01
5.459339544177055359e-02
4.308768734335899353e-02
-5.028212815523147583e-02
2.222551554441452026e-01
-9.823862463235855103e-02
2.327996306121349335e-03
8.574038743972778320e-02
2.189178392291069031e-02
-9.499936550855636597e-02
3.726527094841003418e-02
1.105787083506584167e-01
1.588215492665767670e-02
-2.963425591588020325e-02
4.060169309377670288e-02
-7.114755362272262573e-02
8.823313564062118530e-02
-3.003624975681304932e-01
9.680824726819992065e-02
5.731227993965148926e-02
-8.554743230342864990e-02
-9.841782599687576294e-02
1.469073891639709473e-01
7.057841122150421143e-02
-1.676842384040355682e-02
1.263666301965713501e-01
9.271794557571411133e-02
-2.852945821359753609e-03
1.522562056779861450e-01
-4.813077673316001892e-02
3.066567238420248032e-03
1.931946575641632080e-01
5.928919650614261627e-03
2.680596522986888885e-02
-1.464166343212127686e-01
1.585095971822738647e-01
-2.265400998294353485e-02
1.252684295177459717e-01
7.326205819845199585e-02
-1.016492303460836411e-02
1.481556147336959839e-01
-1.256884038448333740e-01
1.465545594692230225e-01
-2.042414434254169464e-02
2.275773696601390839e-02
3.995905444025993347e-02
-6.554494798183441162e-02
1.487850844860076904e-01
-7.855284214019775391e-02
-2.820404432713985443e-02
4.366716742515563965e-02
3.027668036520481110e-02
7.806895673274993896e-02
5.213550478219985962e-02
-1.221775040030479431e-01
5.977718159556388855e-02
3.163322806358337402e-02
-1.049667000770568848e-01
2.380471490323543549e-02
1.277357935905456543e-01
6.151724979281425476e-02
-8.621927350759506226e-02
-1.526383608579635620e-01
-6.869436055421829224e-02
9.867627173662185669e-02
-1.009892150759696960e-01
2.664270438253879547e-02
1.760458499193191528e-01
7.858095318078994751e-02
1.117323860526084900e-01
-3.292730823159217834e-02
1.807106882333755493e-01
-1.472419649362564087e-01
4.068397730588912964e-02
-5.676828697323799133e-02
-3.397864103317260742e-02
-7.843153178691864014e-02
6.149291619658470154e-02
-2.630157768726348877e-02
1.214906852692365646e-02
1.097545549273490906e-01
-1.669496893882751465e-01
1.778283528983592987e-02
6.878311932086944580e-02
-3.417551517486572266e-03
-8.808395266532897949e-02
8.701424114406108856e-03
-1.561094969511032104e-01
-1.659391075372695923e-01
1.294931471347808838e-01
-2.045627683401107788e-01
3.715170547366142273e-02
5.327208712697029114e-02
1.005060598254203796e-01
-5.494216829538345337e-02
5.583641678094863892e-02
-2.769619226455688477e-02
-2.197886630892753601e-02
-6.840375810861587524e-02
-5.809369683265686035e-02
-1.526861190795898438e-01
2.180317193269729614e-01
1.050307676196098328e-01
-2.636969685554504395e-01
-4.731117561459541321e-02
5.469865724444389343e-02
2.431538887321949005e-03
7.320550084114074707e-02
-1.846579611301422119e-01
-1.671491712331771851e-01
-3.552922606468200684e-02
-7.717184722423553467e-02
-1.277964841574430466e-02
5.840232968330383301e-02
1.763186044991016388e-02
8.644308894872665405e-02
-8.328880369663238525e-02
-1.273654550313949585e-01
1.064246613532304764e-02
1.130808144807815552e-02
