2.030538171529769897e-01
-1.343313455581665039e-01
3.429986536502838135e-02
-1.371799260377883911e-01
9.737940877676010132e-02
-3.202353045344352722e-02
-2.992212213575839996e-02
-1.762364245951175690e-02
-6.878169625997543335e-02
1.504201292991638184e-01
-5.018923804163932800e-02
-4.737199470400810242e-02
-4.413819313049316406e-02
-1.280706971883773804e-01
1.162002459168434143e-01
-4.315144196152687073e-02
3.790403902530670166e-02
-9.893082082271575928e-02
-3.168446570634841919e-02
8.826124668121337891e-02
-3.979545459151268005e-02
-3.143155574798583984e-02
1.854594498872756958e-01
-7.188546657562255859e-02
-7.684614509344100952e-02
1.244191080331802368e-02
3.987598046660423279e-02
8.400994539260864258e-02
5.905562639236450195e-02
-8.793358504772186279e-02
-8.799093961715698242e-02
-5.369254574179649353e-02
2.076371200382709503e-02
2.017849870026111603e-02
1.888856142759323120e-01
6.266748905181884766e-02
1.027746945619583130e-01
-1.950658410787582397e-01
-4.902727529406547546e-02
-1.701536588370800018e-02
7.057987898588180542e-02
1.228350773453712463e-01
-5.532281007617712021e-03
6.161620840430259705e-02
-8.269923180341720581e-02
-9.247809648513793945e-03
9.544498287141323090e-03
-1.066361591219902039e-01
3.077747523784637451e-01
-1.829469949007034302e-01
-6.823928654193878174e-02
7.307352870702743530e-02
-4.571864008903503418e-02
4.562167823314666748e-02
1.681412905454635620e-01
-4.197910800576210022e-02
4.458210989832878113e-02
3.096523694694042206e-02
-6.516008172184228897e-03
-6.443635374307632446e-02
7.356120645999908447e-02
6.831741333007812500e-02
3.808953333646059036e-03
5.794867873191833496e-02
-1.921752989292144775e-01
-1.627292297780513763e-02
-1.833381317555904388e-02
2.077017538249492645e-02
-8.344065397977828979e-02
7.407490909099578857e-02
1.461437623947858810e-02
-1.332793533802032471e-01
-1.551601737737655640e-01
2.269063703715801239e-02
-4.870168492197990417e-02
-8.437855541706085205e-02
1.477950811386108398e-01
3.710903925821185112e-03
2.726244367659091949e-02
3.916569426655769348e-02
1.315004825592041016e-01
6.035276129841804504e-02
5.474324151873588562e-02
-1.574998944997787476e-01
1.468425733037292957e-03
5.881330370903015137e-02
-6.609984557144343853e-04
-1.155100092291831970e-01
1.132411360740661621e-01
4.160348034929484129e-04
-3.328685089945793152e-02
-1.264626681804656982e-01
7.504302542656660080e-03
-1.110350117087364197e-01
-1.673607081174850464e-01
7.468082010746002197e-02
8.770469576120376587e-02
-7.637159526348114014e-02
4.470012336969375610e-02
8.472485840320587158e-02
1.036730827763676643e-03
-1.232373490929603577e-01
-7.836274802684783936e-02
-5.364676937460899353e-02
1.307098716497421265e-01
-5.165449529886245728e-02
1.173251420259475708e-01
-1.276582479476928711e-01
-1.013344898819923401e-01
4.403857514262199402e-02
4.277910664677619934e-02
1.521880179643630981e-02
-4.173880442976951599e-03
-6.229152157902717590e-02
8.430194854736328125e-02
-2.832523919641971588e-02
-2.395191602408885956e-02
-6.433609873056411743e-02
-2.221883088350296021e-01
4.664161801338195801e-02
