-7.785307615995407104e-02
6.692870706319808960e-02
3.084730543196201324e-02
-7.057563401758670807e-03
-2.263738960027694702e-02
2.687896601855754852e-02
-5.555023625493049622e-02
-1.294277161359786987e-01
2.653600275516510010e-01
8.710518479347229004e-03
8.087863773107528687e-02
-2.113204747438430786e-01
9.781102836132049561e-02
-9.790658950805664062e-02
-9.462202340364456177e-02
2.581627070903778076e-01
-7.205465435981750488e-02
-8.510256186127662659e-03
-2.180417627096176147e-01
3.480210527777671814e-02
6.137593463063240051e-02
8.585190027952194214e-02
-1.556831896305084229e-01
-7.030379027128219604e-02
-1.312404870986938477e-02
-1.462166309356689453e-01
8.715932816267013550e-02
-3.578450530767440796e-02
7.630328088998794556e-02
-3.079960308969020844e-02
-6.970141083002090454e-02
-2.917094342410564423e-02
1.645823568105697632e-01
-2.806864446029067039e-03
-1.234308257699012756e-01
3.424046188592910767e-02
-9.282126277685165405e-02
-8.040914684534072876e-02
-3.265118300914764404e-01
-1.595660001039505005e-01
-3.644043579697608948e-02
-8.282042294740676880e-02
-1.064514070749282837e-01
-1.172830015420913696e-01
4.312691465020179749e-02
5.842392519116401672e-02
-1.027407050132751465e-01
-1.920596510171890259e-01
1.391982752829790115e-02
-1.314607262611389160e-01
-7.507796864956617355e-03
-7.966633886098861694e-02
-1.363033801317214966e-02
-3.316629305481910706e-02
-1.567640751600265503e-01
-9.775599092245101929e-02
1.919387578964233398e-01
-1.902976483106613159e-01
1.429475992918014526e-01
5.986028909683227539e-02
-2.138376981019973755e-01
-3.783414885401725769e-02
6.448669731616973877e-02
-1.047234088182449341e-01
-2.725144326686859131e-01
-1.762138865888118744e-02
-1.163469478487968445e-01
1.960750482976436615e-02
-4.349143430590629578e-02
-1.328248083591461182e-01
7.984214276075363159e-02
1.379531919956207275e-01
2.137179374694824219e-01
1.794210672378540039e-01
3.241940215229988098e-02
2.370504289865493774e-02
-6.097247079014778137e-02
1.856149733066558838e-02
-9.605728834867477417e-02
-8.929795026779174805e-02
-7.591994106769561768e-02
9.916207194328308105e-02
-1.521874666213989258e-01
-1.644594036042690277e-02
-1.114603281021118164e-01
-1.346723884344100952e-01
-1.428982336074113846e-02
-7.994759082794189453e-02
-7.195192575454711914e-02
-1.187435071915388107e-02
7.163252681493759155e-02
-5.935064703226089478e-02
1.163028106093406677e-01
2.428749352693557739e-01
8.852582424879074097e-02
-1.114189401268959045e-01
-1.351848989725112915e-01
3.786304965615272522e-02
4.827275872230529785e-02
-5.924133211374282837e-02
-1.155325993895530701e-01
-2.005055360496044159e-02
1.130776777863502502e-01
-1.206813659518957138e-02
6.958594918251037598e-02
-1.909697614610195160e-02
6.551993638277053833e-02
-1.030448228120803833e-01
3.990617394447326660e-02
1.891690045595169067e-01
1.689783185720443726e-01
-2.366714412346482277e-03
-2.145528420805931091e-02
-1.273762714117765427e-02
-7.974359206855297089e-03
7.960698753595352173e-02
-5.769844725728034973e-02
7.468991726636886597e-02
-1.385488640516996384e-02
5.355710536241531372e-02
