-9.312734007835388184e-02
2.403308451175689697e-01
-6.595656159333884716e-04
-1.011903807520866394e-01
1.194264814257621765e-01
-5.104123428463935852e-02
7.273896783590316772e-02
2.578311599791049957e-02
2.439109236001968384e-02
-5.762744694948196411e-02
-3.672819957137107849e-02
-1.534028649330139160e-01
-1.154607348144054413e-02
-9.185275994241237640e-03
-7.228456437587738037e-02
-9.152888320386409760e-03
1.844011992216110229e-02
5.014706775546073914e-02
-2.606870532035827637e-01
2.876591496169567108e-02
1.085627004504203796e-01
-1.321034133434295654e-02
-2.175267040729522705e-01
4.480646178126335144e-02
3.716089203953742981e-02
-1.538341399282217026e-02
3.858725354075431824e-02
7.046883553266525269e-02
-2.965931408107280731e-02
1.326715499162673950e-01
-5.325654149055480957e-02
-3.789264336228370667e-02
2.672057412564754486e-02
2.493048757314682007e-01
5.794024467468261719e-02
-2.053076401352882385e-02
4.576305672526359558e-02
1.487880051136016846e-01
-4.921875521540641785e-02
-1.062828078866004944e-01
1.806636154651641846e-01
8.436410129070281982e-02
-5.978698655962944031e-02
1.201191823929548264e-02
2.817487157881259918e-02
1.971963793039321899e-02
1.835743635892868042e-01
6.536879390478134155e-02
4.882580041885375977e-02
1.053795814514160156e-01
-1.583454012870788574e-01
-1.122189983725547791e-01
1.335712969303131104e-01
-5.795432999730110168e-02
1.191122680902481079e-01
3.103311918675899506e-02
6.524417549371719360e-02
1.368189305067062378e-01
3.474018722772598267e-02
6.988447159528732300e-02
2.772252857685089111e-01
4.225909709930419922e-03
-2.280866205692291260e-01
-9.560997039079666138e-02
1.674649654887616634e-03
-7.767122238874435425e-03
2.621834352612495422e-02
-4.854315146803855896e-02
-3.813830763101577759e-02
-2.485720254480838776e-02
1.392509229481220245e-02
4.784811288118362427e-02
1.405312418937683105e-01
-5.563410744071006775e-02
-1.789984479546546936e-02
2.826169505715370178e-02
9.292014688253402710e-02
1.238106042146682739e-01
5.612556263804435730e-02
-1.199872493743896484e-01
1.137042511254549026e-02
2.816636301577091217e-02
1.259119510650634766e-01
-2.004200220108032227e-01
-5.988841131329536438e-02
6.831017136573791504e-02
6.527283787727355957e-02
7.091126590967178345e-02
1.315890401601791382e-01
-3.750694915652275085e-02
-6.685893982648849487e-02
-1.202447339892387390e-02
1.885832995176315308e-01
1.418373454362154007e-02
-3.292832151055335999e-02
7.333914190530776978e-02
-4.715363308787345886e-02
4.316608421504497528e-03
8.826772123575210571e-02
-1.287782937288284302e-01
9.103187918663024902e-02
2.806770801544189453e-02
-7.304390519857406616e-02
7.084018085151910782e-03
-4.279047250747680664e-03
5.315866693854331970e-02
-1.100780889391899109e-01
7.197611033916473389e-02
5.861423164606094360e-02
-6.115487962961196899e-02
-1.125421747565269470e-01
4.678678698837757111e-03
3.585154563188552856e-02
-7.614424079656600952e-02
3.985818475484848022e-02
7.774116843938827515e-02
9.897346794605255127e-02
4.902143776416778564e-02
-1.531907916069030762e-02
1.967987269163131714e-01
-3.527912124991416931e-02
8.121120184659957886e-02
1.467340737581253052e-01
-4.452186450362205505e-02
7.136420463211834431e-04
-6.525116413831710815e-02
-1.800972670316696167e-01
2.341829426586627960e-02
-8.088426291942596436e-02
9.255924075841903687e-02
1.082923561334609985e-01
-1.989887282252311707e-02
1.603223197162151337e-02
9.415731579065322876e-02
4.990531131625175476e-02
-3.675330802798271179e-02
4.478408023715019226e-02
-1.845797151327133179e-01
1.710578054189682007e-01
-1.430408358573913574e-01
8.845378458499908447e-02
-1.759036034345626831e-01
8.921307325363159180e-02
2.596392109990119934e-02
4.696377366781234741e-02
4.462057724595069885e-03
8.740236610174179077e-02
-9.196215122938156128e-02
7.535822689533233643e-02
1.976342499256134033e-01
-1.202888861298561096e-01
-1.821314096450805664e-01
-8.606307208538055420e-02
-3.832807391881942749e-02
-8.546774089336395264e-02
1.165283694863319397e-01
2.388862892985343933e-02
-4.006221890449523926e-02
-5.276126414537429810e-02
1.380897611379623413e-01
1.014440283179283142e-01
6.465113162994384766e-02
-3.251729533076286316e-02
-3.534980118274688721e-02
4.376636818051338196e-02
5.017483979463577271e-02
-1.278597861528396606e-01
7.136752456426620483e-02
2.510972321033477783e-03
-1.252070665359497070e-01
2.125079743564128876e-02
8.230971544981002808e-02
-1.001438498497009277e-01
-8.397906273603439331e-02
-5.971403792500495911e-02
1.429938971996307373e-01
-2.877092920243740082e-02
1.026566177606582642e-01
-8.381077647209167480e-02
-5.954563245177268982e-02
8.368008583784103394e-02
-4.903659597039222717e-02
-7.980606704950332642e-02
-9.907951205968856812e-02
5.272907763719558716e-02
-4.056550934910774231e-02
2.138351462781429291e-02
-3.668566793203353882e-02
1.108599528670310974e-01
2.553351782262325287e-02
-2.851142920553684235e-02
-1.140998974442481995e-01
-5.805041175335645676e-03
-1.220550760626792908e-01
2.478235773742198944e-02
1.008403524756431580e-01
4.856611136347055435e-03
3.866344317793846130e-02
-5.086314305663108826e-02
-6.092760711908340454e-03
2.061707153916358948e-02
1.296031475067138672e-01
2.353989183902740479e-01
4.246795922517776489e-02
-1.078552827239036560e-01
8.514478057622909546e-02
-7.375582307577133179e-02
-5.793048068881034851e-02
2.145393192768096924e-01
1.092552319169044495e-01
5.732157453894615173e-02
-6.607387959957122803e-02
5.649800971150398254e-02
8.758538216352462769e-02
-1.580911874771118164e-02
1.772003322839736938e-01
1.013376340270042419e-01
1.331914067268371582e-01
8.809868246316909790e-02
4.817496985197067261e-02
5.565403029322624207e-02
1.788790374994277954e-01
-1.181381568312644958e-01
6.013573147356510162e-03
-1.617915742099285126e-02
-3.491483256220817566e-02
-3.744073584675788879e-02
4.238557536154985428e-03
-4.794862493872642517e-02
-2.856545709073543549e-02
-2.425489388406276703e-02
6.187621876597404480e-02
7.386913150548934937e-02
1.005928888916969299e-01
-3.321463242173194885e-02
-5.654388666152954102e-02
-4.868728667497634888e-02
-5.695142224431037903e-02
1.404673308134078979e-01
-9.771790355443954468e-02
-1.482134312391281128e-01
1.933385431766510010e-01
2.725231647491455078e-02
1.937109045684337616e-02
7.670240849256515503e-02
-6.005915626883506775e-02
2.225612476468086243e-02
5.476765707135200500e-02
8.166255801916122437e-02
1.114689335227012634e-01
6.651385128498077393e-02
1.401401162147521973e-01
1.898129470646381378e-02
1.046792268753051758e-01
-1.164684537798166275e-03
-1.404628753662109375e-01
-2.312437444925308228e-02
2.638149857521057129e-01
-6.204084679484367371e-02
8.482061326503753662e-02
8.008949458599090576e-02
-2.564213983714580536e-02
-1.492654830217361450e-01
-1.428974866867065430e-01
4.689672589302062988e-02
4.932659491896629333e-02
-1.665524393320083618e-02
4.772377386689186096e-02
-1.271733492612838745e-01
-4.307156503200531006e-01
1.252299989573657513e-03
4.324504360556602478e-02
-3.362505882978439331e-02
-7.060116529464721680e-02
2.443995885550975800e-02
1.776088327169418335e-01
-1.183723583817481995e-01
-5.862481147050857544e-02
1.376799196004867554e-01
-1.172869801521301270e-01
-1.845790743827819824e-01
-4.803505167365074158e-02
-3.887020517140626907e-03
1.495683845132589340e-02
-6.341032683849334717e-02
-4.417709540575742722e-03
1.065098643302917480e-01
8.242897689342498779e-02
2.305980920791625977e-01
1.501341164112091064e-01
1.028683930635452271e-01
1.773837357759475708e-01
3.560856729745864868e-02
4.790948238223791122e-03
-6.006999686360359192e-02
3.711791709065437317e-02
2.511302195489406586e-02
-3.593214973807334900e-02
1.861936300992965698e-01
-5.476662144064903259e-02
-5.638738349080085754e-02
-2.864816226065158844e-02
1.078167930245399475e-01
5.775901675224304199e-02
1.504277437925338745e-01
-2.764051593840122223e-02
2.302498929202556610e-02
3.625598922371864319e-02
6.938920915126800537e-02
-2.655685544013977051e-01
-2.149599604308605194e-02
7.270034402608871460e-02
4.604942630976438522e-03
-6.085127592086791992e-02
1.187884137034416199e-01
-6.248886138200759888e-02
1.093367934226989746e-01
3.706428036093711853e-02
-2.477212809026241302e-02
4.536854103207588196e-02
1.175112649798393250e-02
7.328753173351287842e-02
-5.341227725148200989e-02
7.199297845363616943e-02
1.180754825472831726e-01
6.721713580191135406e-03
-2.142270281910896301e-02
-1.795794069766998291e-02
-1.508782356977462769e-01
-1.048817858099937439e-01
-2.860810421407222748e-02
1.738357990980148315e-01
-7.859913259744644165e-02
1.146489637903869152e-03
-1.988343298435211182e-01
1.136261224746704102e-01
2.300782874226570129e-02
-6.859272718429565430e-02
-6.976933032274246216e-02
1.159297581762075424e-02
4.357165843248367310e-02
2.301374264061450958e-02
-1.637924313545227051e-01
4.113812930881977081e-03
2.808428741991519928e-02
-6.434156093746423721e-03
-2.862771227955818176e-02
1.678533405065536499e-01
-7.689564675092697144e-02
7.242059707641601562e-02
8.576028794050216675e-02
-9.226902574300765991e-02
1.099966373294591904e-02
8.529463410377502441e-02
1.379113644361495972e-02
1.406219452619552612e-01
3.815266117453575134e-02
1.164368018507957458e-01
4.081218317151069641e-02
6.883508712053298950e-02
1.733519509434700012e-02
2.066009789705276489e-01
1.194343119859695435e-01
9.608548134565353394e-02
5.394675210118293762e-02
-5.208840593695640564e-02
4.155953601002693176e-02
4.282480478286743164e-02
-2.040565572679042816e-02
6.498753279447555542e-02
-2.985536493360996246e-02
3.070018254220485687e-02
-1.093340665102005005e-01
-2.102376520633697510e-01
-4.177816584706306458e-02
-1.009091138839721680e-01
8.996712276712059975e-04
-1.257448196411132812e-01
-4.786585643887519836e-02
3.787028416991233826e-02
-1.172363013029098511e-02
1.870524138212203979e-01
-3.343494981527328491e-02
-4.211501777172088623e-02
4.046333581209182739e-02
-2.694958746433258057e-01
9.366142004728317261e-02
1.132134813815355301e-02
3.835068270564079285e-02
8.323477953672409058e-02
-5.826385691761970520e-02
7.478972524404525757e-02
-8.332370966672897339e-02
4.778920114040374756e-02
2.909965580329298973e-03
-4.298691451549530029e-02
1.546600610017776489e-01
3.087254799902439117e-02
-2.783165872097015381e-01
6.608596444129943848e-02
-7.943876832723617554e-02
-7.675635069608688354e-02
-3.337289988994598389e-01
-5.897486698813736439e-04
1.340495795011520386e-02
-1.069357618689537048e-01
1.011703982949256897e-01
8.740980178117752075e-03
-1.263606250286102295e-01
-1.152078062295913696e-01
-4.785447567701339722e-02
-2.512577772140502930e-01
-4.309349879622459412e-02
1.732966005802154541e-01
5.325819179415702820e-02
-1.477744430303573608e-02
1.221993938088417053e-02
-5.652094841934740543e-04
5.763586983084678650e-02
-8.142594248056411743e-02
-9.647380560636520386e-02
-3.441954031586647034e-02
-1.772854179143905640e-01
1.343339085578918457e-01
-5.223953351378440857e-02
-1.042208671569824219e-01
-3.186453878879547119e-02
9.441807866096496582e-03
2.874566018581390381e-01
1.442468762397766113e-01
-1.015269383788108826e-01
4.876269027590751648e-02
5.675005540251731873e-02
1.396394968032836914e-01
1.310244649648666382e-01
1.203144788742065430e-01
2.739618718624114990e-01
-8.475294709205627441e-02
4.259919747710227966e-03
1.117230299860239029e-02
-9.327258169651031494e-02
1.047034282237291336e-02
6.610369682312011719e-02
-7.710235565900802612e-02
-9.456875175237655640e-02
2.111510001122951508e-02
2.639116160571575165e-02
-3.110322915017604828e-02
-3.044944722205400467e-03
1.628584116697311401e-01
