-4.629858955740928650e-02
-2.236042916774749756e-02
1.363129913806915283e-02
1.503451615571975708e-01
3.541468456387519836e-02
9.856478124856948853e-02
1.448065321892499924e-02
-1.963314265012741089e-01
1.181034669280052185e-01
5.922482535243034363e-02
1.629388779401779175e-01
1.383403129875659943e-02
-4.190408810973167419e-02
5.670665577054023743e-02
3.226169943809509277e-02
-6.187052279710769653e-02
5.568223074078559875e-02
-1.190116032958030701e-01
9.529107809066772461e-02
6.827774643898010254e-02
-1.643081605434417725e-01
-1.258065849542617798e-01
1.213460508733987808e-02
2.112148329615592957e-02
-7.063210010528564453e-02
-9.093534201383590698e-02
7.017807662487030029e-02
-1.040547490119934082e-01
-6.429617106914520264e-02
9.867109358310699463e-02
6.805896759033203125e-02
-6.945487111806869507e-02
-5.679237842559814453e-02
2.141117863357067108e-02
-3.357527032494544983e-02
-1.654287129640579224e-01
-5.930228158831596375e-02
-1.042542830109596252e-01
1.343299895524978638e-01
4.747278522700071335e-03
5.252770334482192993e-02
-1.478365063667297363e-01
6.550618261098861694e-02
-1.430520564317703247e-01
-2.755316533148288727e-02
-1.478682388551533222e-03
-8.220896124839782715e-02
-3.489083051681518555e-02
-1.046109478920698166e-02
7.312133163213729858e-02
2.257257513701915741e-02
3.590785712003707886e-02
-4.663931578397750854e-02
-1.065796837210655212e-01
-3.525350615382194519e-02
-1.775481998920440674e-01
-5.156490486115217209e-03
1.419930160045623779e-02
-1.100453063845634460e-01
-2.835263684391975403e-02
-9.588949615135788918e-04
4.616394173353910446e-03
1.057260408997535706e-01
1.157302185893058777e-01
8.601115643978118896e-02
6.239446625113487244e-02
1.806028336286544800e-01
5.044076591730117798e-02
8.687813580036163330e-02
-6.607734411954879761e-02
2.168674021959304810e-01
9.080954827368259430e-03
-2.156045287847518921e-01
5.504751205444335938e-02
-8.820018172264099121e-02
4.944285377860069275e-02
-1.086010560393333435e-01
-1.544655580073595047e-02
2.237648218870162964e-01
-4.568880423903465271e-02
-3.506939858198165894e-02
1.361322402954101562e-02
6.816730648279190063e-02
8.884637057781219482e-02
-6.587864458560943604e-02
7.509927451610565186e-02
2.487346343696117401e-02
9.695752710103988647e-02
2.216517776250839233e-01
2.486446350812911987e-01
1.293948739767074585e-01
9.734406322240829468e-02
-1.900274306535720825e-01
-3.271961957216262817e-02
8.661501109600067139e-02
9.298896789550781250e-02
-9.391077607870101929e-02
4.705760162323713303e-03
2.630288898944854736e-02
-4.511752724647521973e-02
-1.325024962425231934e-01
-1.780979037284851074e-01
-3.470032289624214172e-02
2.255543917417526245e-01
7.166139781475067139e-02
4.111366346478462219e-02
1.991205848753452301e-02
4.514843598008155823e-02
-1.193457841873168945e-01
-3.620754554867744446e-02
9.217780083417892456e-02
-6.989606469869613647e-02
-3.523492440581321716e-02
2.965004742145538330e-02
7.413327693939208984e-02
-9.914673864841461182e-03
-1.352343559265136719e-01
-4.701743274927139282e-02
-2.014768421649932861e-01
1.805180497467517853e-02
