-1.832238025963306427e-02
2.387738972902297974e-02
-1.823395341634750366e-01
-5.814291164278984070e-02
-8.591652847826480865e-03
-1.766557544469833374e-01
8.946127444505691528e-02
1.648864746093750000e-01
7.439406216144561768e-02
-1.588089019060134888e-01
-3.216395899653434753e-02
-5.905013903975486755e-02
4.068313911557197571e-02
-5.380329117178916931e-02
-1.480562984943389893e-01
6.554620712995529175e-02
-1.233044043183326721e-01
-3.529638051986694336e-02
4.893823340535163879e-02
-1.150833889842033386e-01
2.553774416446685791e-01
1.039544939994812012e-01
-7.626631110906600952e-02
8.727497607469558716e-02
6.667061150074005127e-02
-1.523652374744415283e-01
-4.779234156012535095e-02
8.943943306803703308e-03
1.528884470462799072e-01
1.804695650935173035e-02
1.849494874477386475e-01
-1.190243586897850037e-01
4.146711155772209167e-02
-3.838003799319267273e-02
-1.908738017082214355e-01
-1.151360571384429932e-03
1.366778649389743805e-02
3.617852926254272461e-02
1.076902076601982117e-01
-1.736524701118469238e-01
-2.042402029037475586e-01
6.678973883390426636e-02
1.674317941069602966e-02
1.544764637947082520e-01
1.781011968851089478e-01
-7.740958034992218018e-02
-6.551150977611541748e-02
7.917325943708419800e-02
1.416617035865783691e-01
4.094796627759933472e-02
-5.157321691513061523e-02
4.665401205420494080e-02
-1.974424347281455994e-02
3.449015319347381592e-02
4.596824198961257935e-02
1.821614615619182587e-02
-2.621989510953426361e-02
-1.379458755254745483e-01
-1.312236785888671875e-01
-2.095406316220760345e-02
-1.053301021456718445e-01
3.240482881665229797e-02
1.187134757637977600e-01
1.694645136594772339e-01
-1.346795409917831421e-01
1.582614630460739136e-01
2.298406139016151428e-02
1.090729013085365295e-01
4.435499664396047592e-03
-1.715368707664310932e-04
-8.911550045013427734e-02
-2.293787300586700439e-01
9.583746641874313354e-02
1.663948148488998413e-01
-1.202653646469116211e-01
6.927397847175598145e-02
5.002600699663162231e-02
-6.257840245962142944e-02
7.036591414362192154e-03
2.273481152951717377e-02
-2.887514606118202209e-02
-1.372608095407485962e-01
-1.282411217689514160e-01
5.301437899470329285e-02
1.098321080207824707e-01
1.456103622913360596e-01
-6.017695739865303040e-02
1.176187917590141296e-01
1.592339128255844116e-01
1.589526832103729248e-01
-2.236147671937942505e-01
1.187379956245422363e-01
-8.915368816815316677e-04
2.134065888822078705e-02
1.171417981386184692e-01
2.443923801183700562e-02
7.432419806718826294e-02
2.047095149755477905e-01
5.816106125712394714e-02
-1.850480213761329651e-02
1.377286761999130249e-01
8.627758920192718506e-02
3.460309654474258423e-02
1.273875683546066284e-01
6.327070295810699463e-02
-4.388221725821495056e-02
4.871581122279167175e-02
-8.124842494726181030e-02
-9.735756367444992065e-02
1.664952635765075684e-01
-2.009670063853263855e-02
-8.869663625955581665e-02
1.207228824496269226e-01
5.962733551859855652e-02
-1.662182509899139404e-01
-9.085628390312194824e-02
-2.042271755635738373e-02
1.094536185264587402e-01
1.167908534407615662e-01
1.134886294603347778e-01
3.631822392344474792e-02
-1.277670413255691528e-01
-6.322393566370010376e-02
-7.726680487394332886e-02
1.086637750267982483e-02
3.649746999144554138e-02
1.558309048414230347e-01
-3.849020926281809807e-03
-9.279695153236389160e-02
2.205769866704940796e-01
1.639176718890666962e-02
1.209972128272056580e-01
4.480895027518272400e-02
-6.134071946144104004e-02
-6.514599174261093140e-02
-1.292998641729354858e-01
-1.549069732427597046e-01
-1.744477748870849609e-01
-1.551848649978637695e-02
1.181916147470474243e-01
1.062772274017333984e-01
-1.718086898326873779e-01
-8.423527330160140991e-02
3.954362869262695312e-02
6.372903287410736084e-02
3.818259760737419128e-02
-4.710805788636207581e-02
-8.945538848638534546e-02
5.889299139380455017e-02
1.718936488032341003e-02
1.390151828527450562e-01
3.947932645678520203e-02
4.439991712570190430e-02
-8.457029610872268677e-02
5.908018350601196289e-02
3.461252525448799133e-02
1.817268282175064087e-01
1.824740171432495117e-01
1.277687102556228638e-01
8.424829691648483276e-02
-7.670946419239044189e-02
1.346073746681213379e-01
-6.188062950968742371e-02
-3.291107341647148132e-02
5.600711330771446228e-02
1.269831061363220215e-01
1.805726252496242523e-02
-7.542213797569274902e-02
6.698485463857650757e-03
2.681145444512367249e-02
2.038307115435600281e-02
8.485254645347595215e-02
-2.028244584798812866e-01
-1.820149831473827362e-02
-2.707377634942531586e-02
-2.018064027652144432e-03
6.648637354373931885e-02
2.447606436908245087e-02
-8.950358629226684570e-02
1.402751356363296509e-01
-5.830052495002746582e-02
1.133891344070434570e-01
-1.635179370641708374e-01
-1.637460477650165558e-02
1.358559727668762207e-01
-8.457197993993759155e-02
2.884432114660739899e-02
5.753853917121887207e-02
-1.576124876737594604e-02
-9.018097072839736938e-02
1.996327750384807587e-02
-7.836124300956726074e-02
9.245823323726654053e-02
-1.098285317420959473e-01
1.355252861976623535e-01
2.598159946501255035e-02
3.782472386956214905e-02
-4.658469988498836756e-04
-3.716452792286872864e-02
1.808185428380966187e-01
-8.852935582399368286e-02
-8.337827771902084351e-02
5.240803584456443787e-02
8.693121373653411865e-03
-3.516636043787002563e-02
1.148542985320091248e-01
-1.775434911251068115e-01
1.402571201324462891e-01
2.026806026697158813e-02
1.085554286837577820e-01
-1.433923095464706421e-01
-3.670985624194145203e-02
-1.814902722835540771e-01
-1.430484373122453690e-02
4.994532093405723572e-02
-2.075178548693656921e-02
6.300398148596286774e-03
4.329594597220420837e-02
-9.065165184438228607e-03
9.043290279805660248e-03
6.880708038806915283e-03
-3.484750911593437195e-02
1.101487502455711365e-01
1.854615807533264160e-01
-1.118863373994827271e-01
8.456674963235855103e-02
-2.310948260128498077e-02
-3.130577132105827332e-02
1.048274412751197815e-01
-1.529545336961746216e-01
-1.396474689245223999e-01
-5.920315533876419067e-02
-1.198129653930664062e-01
-2.021159604191780090e-02
1.226239204406738281e-01
-1.655298322439193726e-01
-6.872393190860748291e-02
2.370327562093734741e-01
2.785704098641872406e-02
2.488434128463268280e-02
-4.662635549902915955e-02
-8.099563419818878174e-02
-2.258680313825607300e-01
-1.049105543643236160e-02
-3.650511428713798523e-02
1.131620034575462341e-01
-2.212562225759029388e-02
-1.334103383123874664e-02
-5.938699468970298767e-02
-2.478133738040924072e-01
-1.791959255933761597e-01
4.702026769518852234e-02
-1.077333912253379822e-01
4.922162741422653198e-02
-2.348616421222686768e-01
-1.286591123789548874e-02
-5.368321761488914490e-02
-1.325217820703983307e-02
1.882444471120834351e-01
3.443513438105583191e-02
-8.501490950584411621e-02
1.482996623963117599e-02
-3.711048886179924011e-02
1.459629833698272705e-01
8.070172369480133057e-02
5.400478467345237732e-02
1.794565767049789429e-01
-4.379306733608245850e-02
-2.070132791996002197e-01
1.065366342663764954e-02
-2.005911245942115784e-02
7.255601882934570312e-02
-2.215291261672973633e-01
9.916954487562179565e-02
-5.111684277653694153e-02
-6.807311624288558960e-02
1.304830610752105713e-01
-1.501552313566207886e-01
2.213973551988601685e-01
-1.679032109677791595e-02
-1.744581311941146851e-01
8.363435417413711548e-02
1.969148591160774231e-02
-1.450725048780441284e-01
1.886210753582417965e-03
3.063101880252361298e-02
-3.613385930657386780e-02
2.206170558929443359e-02
-1.705525219440460205e-01
-9.615309536457061768e-03
-4.870717227458953857e-02
1.597110740840435028e-02
2.221340239048004150e-01
-7.872628979384899139e-03
4.583733901381492615e-02
1.520833671092987061e-01
-9.551494568586349487e-02
1.194861307740211487e-01
-9.224537760019302368e-02
-1.205755844712257385e-01
1.270350068807601929e-01
-4.639469459652900696e-02
5.553268268704414368e-02
9.182687848806381226e-02
-3.042135015130043030e-02
5.490289255976676941e-02
7.689711451530456543e-02
1.059865951538085938e-01
4.970174655318260193e-02
6.413516821339726448e-04
1.219724398106336594e-02
-1.326086074113845825e-01
-1.681179851293563843e-01
-1.190750971436500549e-01
-1.853612065315246582e-01
-7.979190349578857422e-02
1.257491111755371094e-01
1.461033374071121216e-01
-3.807416558265686035e-02
-2.621488571166992188e-01
1.567406058311462402e-01
1.964961886405944824e-01
-1.519781947135925293e-01
1.282790023833513260e-02
-1.716255992650985718e-01
7.552719116210937500e-02
2.354185096919536591e-02
3.974820673465728760e-02
4.046326503157615662e-02
-4.855459555983543396e-02
6.911335885524749756e-02
-2.481834730133414268e-03
6.777063012123107910e-02
7.237592339515686035e-02
2.802125178277492523e-02
-1.199716106057167053e-01
7.513970881700515747e-02
-1.845510862767696381e-02
-7.540631573647260666e-03
-6.478130817413330078e-02
-6.509221624583005905e-03
4.052167385816574097e-02
1.010999307036399841e-01
1.198395490646362305e-01
-6.864064373075962067e-03
-4.153214767575263977e-02
-8.218880742788314819e-02
1.733354181051254272e-01
-1.294361203908920288e-01
5.368734151124954224e-02
2.798126637935638428e-02
4.506814107298851013e-02
-5.690472200512886047e-02
-3.567498549818992615e-02
7.644680142402648926e-02
-5.542272329330444336e-02
7.962028682231903076e-02
-9.948056936264038086e-02
-4.344710707664489746e-02
-4.023430868983268738e-02
7.976828515529632568e-02
-9.048988670110702515e-02
-3.974670171737670898e-02
3.911641985177993774e-02
7.980502396821975708e-02
9.555497020483016968e-02
-1.739328801631927490e-01
1.189651265740394592e-01
1.387626081705093384e-01
-1.649610549211502075e-01
1.501607745885848999e-01
-4.739614948630332947e-02
4.295455291867256165e-02
5.217454582452774048e-02
-1.604154258966445923e-01
3.108712099492549896e-02
-1.308807283639907837e-01
-1.615620218217372894e-02
-4.804167896509170532e-02
1.719377562403678894e-02
-1.217484101653099060e-01
1.251018196344375610e-01
3.432600572705268860e-02
-7.519140839576721191e-02
6.349872052669525146e-02
6.453386973589658737e-03
-1.136430650949478149e-01
-3.696011751890182495e-02
3.851547464728355408e-02
1.185645461082458496e-01
4.553492739796638489e-02
2.121932059526443481e-01
5.275751929730176926e-03
-3.027417138218879700e-02
-5.711702629923820496e-02
3.644510731101036072e-02
-2.299072407186031342e-02
-1.378896981477737427e-01
-5.156257376074790955e-02
-1.007505059242248535e-01
1.708780787885189056e-02
1.041258573532104492e-01
-3.789312765002250671e-02
-1.564945094287395477e-02
-7.639794796705245972e-02
-9.766924381256103516e-02
-9.767004847526550293e-02
7.197304815053939819e-02
7.391501218080520630e-02
4.118088260293006897e-02
1.362755596637725830e-01
1.580709964036941528e-01
1.605253070592880249e-01
-2.928837947547435760e-02
-1.502393782138824463e-01
-6.216986104846000671e-02
6.918063014745712280e-02
8.906314149498939514e-03
-1.062164530158042908e-01
1.324246823787689209e-01
7.794485986232757568e-02
1.781257241964340210e-02
1.031091213226318359e-01
-2.071403712034225464e-01
-2.204847633838653564e-01
2.263846993446350098e-02
2.203531712293624878e-01
5.243733525276184082e-03
4.449686780571937561e-02
-6.137741357088088989e-02
-3.069595200940966606e-03
1.884119957685470581e-01
-9.107335656881332397e-02
8.608614653348922729e-02
1.102699562907218933e-01
1.976023316383361816e-01
-4.226205870509147644e-03
1.352903544902801514e-01
-2.540769875049591064e-01
-1.674309223890304565e-01
1.632488220930099487e-01
2.128295272996183485e-05
1.320357620716094971e-01
5.346683412790298462e-02
2.470754832029342651e-02
8.565866202116012573e-02
5.229720473289489746e-02
-8.208674192428588867e-02
-2.075074426829814911e-02
-7.061661034822463989e-02
