1.027791500091552734e-01
-1.391214579343795776e-01
6.608995795249938965e-02
-1.487637907266616821e-01
1.248633787035942078e-01
7.031542807817459106e-02
4.505719617009162903e-02
5.348792672157287598e-02
6.175595521926879883e-02
-8.642748929560184479e-03
1.180747300386428833e-01
-4.133205115795135498e-02
5.674988776445388794e-02
-6.954439729452133179e-02
2.391690015792846680e-02
-1.130334734916687012e-01
1.609237939119338989e-01
1.422116011381149292e-01
2.456073276698589325e-02
8.027124218642711639e-03
-7.269817590713500977e-02
1.748997867107391357e-01
7.141774147748947144e-02
1.455827206373214722e-01
-8.088871836662292480e-02
8.769455552101135254e-02
1.312163472175598145e-01
-2.714472590014338493e-03
-1.016670651733875275e-02
-1.546282619237899780e-01
-2.702776901423931122e-02
2.891043759882450104e-02
6.312176585197448730e-02
-1.506537664681673050e-02
1.200133562088012695e-01
-1.128879562020301819e-01
3.592047467827796936e-02
-1.469455510377883911e-01
1.541239768266677856e-01
-8.735314756631851196e-02
2.688787877559661865e-02
-1.537607051432132721e-02
2.840042114257812500e-02
7.266860455274581909e-02
1.810366287827491760e-02
-1.133094057440757751e-01
2.201254367828369141e-01
-2.409113645553588867e-01
-8.193374425172805786e-02
5.988626554608345032e-02
-7.736343890428543091e-03
3.303454816341400146e-02
9.747397899627685547e-02
1.477130204439163208e-01
2.053507119417190552e-01
-1.036295071244239807e-01
-3.464683517813682556e-02
-1.556735485792160034e-01
8.714549988508224487e-02
3.276345431804656982e-01
-1.112826094031333923e-01
2.145754396915435791e-01
-5.052164196968078613e-02
5.040318891406059265e-02
-1.652180552482604980e-01
-6.131977960467338562e-02
-1.312647908926010132e-01
4.520558938384056091e-02
-2.786001563072204590e-01
-5.333173274993896484e-02
-9.401979297399520874e-02
7.431428879499435425e-02
-4.899812489748001099e-02
-2.215889981016516685e-03
7.046239078044891357e-02
-1.598326414823532104e-01
-7.695624977350234985e-02
-3.465168178081512451e-01
-1.406741589307785034e-01
-7.887786626815795898e-02
-5.698473379015922546e-02
-3.035940788686275482e-02
-2.105458080768585205e-01
1.871598362922668457e-01
-7.404255121946334839e-02
-7.712846994400024414e-02
7.094846665859222412e-02
-2.130509167909622192e-01
-3.475240990519523621e-02
-2.826937101781368256e-02
8.472159504890441895e-02
-1.620603054761886597e-01
-1.109311264008283615e-02
-4.934923350811004639e-02
1.105123907327651978e-01
1.067646890878677368e-01
-1.594165265560150146e-01
1.792624592781066895e-01
1.081269308924674988e-01
6.789300590753555298e-02
3.964716941118240356e-02
4.706439748406410217e-02
1.664831191301345825e-01
1.244676858186721802e-01
-7.055806927382946014e-04
-4.326546937227249146e-02
-2.801309339702129364e-02
-1.089525148272514343e-01
6.610720604658126831e-02
9.200571104884147644e-03
-7.828385382890701294e-02
5.227291584014892578e-02
9.806009382009506226e-02
2.382487989962100983e-02
1.008773371577262878e-01
-7.415711879730224609e-02
1.555864661931991577e-01
-7.189248502254486084e-02
-1.609634608030319214e-02
-1.070120092481374741e-02
-6.230169534683227539e-02
-3.802760038524866104e-03
2.157571492716670036e-03
8.669861406087875366e-02
1.354555934667587280e-01
-7.011273503303527832e-02
-4.379118606448173523e-02
8.808150142431259155e-02
4.488717019557952881e-02
-5.937631800770759583e-02
-3.026559650897979736e-01
-1.427291631698608398e-01
8.814145624637603760e-02
-2.499790191650390625e-01
-3.263580799102783203e-02
1.263715606182813644e-02
-3.891530213877558708e-04
-8.338102698326110840e-02
1.480045169591903687e-01
1.093542352318763733e-01
8.008039556443691254e-03
1.408573240041732788e-01
1.292470246553421021e-01
8.726397156715393066e-02
-1.475589573383331299e-01
1.068285852670669556e-01
-3.981263190507888794e-02
1.016481518745422363e-01
3.684231638908386230e-02
-5.762792751193046570e-02
-1.273676753044128418e-01
1.282315105199813843e-01
-9.644464403390884399e-02
-1.411238312721252441e-02
-6.914743222296237946e-03
4.817821457982063293e-02
-1.713195890188217163e-01
-9.863112121820449829e-02
-2.918372116982936859e-02
-2.679565548896789551e-02
-5.005080252885818481e-02
8.230438083410263062e-02
-5.263411998748779297e-02
-7.572654634714126587e-02
-4.871983081102371216e-02
-1.644626259803771973e-01
-4.584477469325065613e-02
1.474886983633041382e-01
-2.732014656066894531e-02
6.716197822242975235e-03
1.933564059436321259e-02
6.252885609865188599e-02
-3.199901431798934937e-02
2.009479254484176636e-01
6.955311447381973267e-02
1.885698884725570679e-01
-1.835719197988510132e-01
1.952465437352657318e-02
1.081842184066772461e-01
-2.649310790002346039e-02
5.231168493628501892e-02
-1.890879869461059570e-02
-4.712608084082603455e-02
-4.711874295026063919e-03
3.025800921022891998e-02
3.659595176577568054e-02
-1.482227742671966553e-01
-9.080774337053298950e-02
-3.595372289419174194e-02
1.448187381029129028e-01
4.697508644312620163e-03
-2.904418110847473145e-02
-1.231298446655273438e-01
-7.105364650487899780e-02
9.048562496900558472e-02
1.293505579233169556e-01
5.645052716135978699e-02
8.194158971309661865e-02
-1.370251029729843140e-01
-1.350038200616836548e-01
6.798781454563140869e-02
-6.251310557126998901e-02
6.722956150770187378e-02
-3.354503959417343140e-02
4.014472663402557373e-02
-4.339049383997917175e-02
2.637345194816589355e-01
-1.329785864800214767e-02
-3.351146727800369263e-02
-5.878151860088109970e-03
-9.667398780584335327e-02
-8.928437530994415283e-02
-1.055911928415298462e-01
-4.355044290423393250e-02
1.078596934676170349e-01
5.036632344126701355e-02
1.603651940822601318e-01
-1.049386858940124512e-01
3.590028360486030579e-02
1.971560157835483551e-02
-1.582248359918594360e-01
5.007275566458702087e-02
8.636780083179473877e-02
-1.316496282815933228e-01
1.491070836782455444e-01
-3.343829885125160217e-02
1.907648891210556030e-02
9.919059276580810547e-02
1.606850177049636841e-01
-1.551568061113357544e-01
7.162068039178848267e-02
4.718140885233879089e-02
6.681773066520690918e-02
-9.145503491163253784e-02
1.200332567095756531e-01
-8.164843916893005371e-02
-2.019594460725784302e-01
-8.484853804111480713e-02
-5.821175500750541687e-02
-7.928507775068283081e-02
3.782714903354644775e-02
-1.864634640514850616e-02
-1.192336007952690125e-01
-8.526129275560379028e-02
4.132909234613180161e-03
-1.080926284193992615e-01
1.100480183959007263e-01
4.980790615081787109e-02
3.981073945760726929e-02
-3.267127787694334984e-03
6.292768567800521851e-02
3.332512453198432922e-02
-4.803108423948287964e-02
1.190842539072036743e-01
-1.102460175752639771e-01
-8.733152411878108978e-03
1.369860023260116577e-01
3.315463662147521973e-02
1.070297583937644958e-01
1.677355170249938965e-02
1.904674023389816284e-01
3.908298537135124207e-02
-1.434738188982009888e-01
-1.041004061698913574e-01
1.158969998359680176e-01
-3.201078996062278748e-02
-9.400435537099838257e-02
6.151854619383811951e-02
-2.223502658307552338e-02
-1.155115943402051926e-02
-6.198755651712417603e-02
6.194363161921501160e-02
2.799091162160038948e-04
4.223529994487762451e-02
6.064614653587341309e-02
-1.032148972153663635e-01
-8.497177809476852417e-02
1.800319999456405640e-01
1.697506196796894073e-02
6.477403640747070312e-02
-1.441528499126434326e-01
1.256481558084487915e-01
2.149634622037410736e-02
-2.177487360313534737e-03
-1.494361460208892822e-01
1.574766486883163452e-01
8.995431661605834961e-02
-1.664635539054870605e-02
1.007618829607963562e-01
-1.032517198473215103e-02
1.748933792114257812e-01
-2.250991575419902802e-02
-5.554080754518508911e-02
9.813676029443740845e-02
4.096418991684913635e-02
-1.064934879541397095e-01
-1.839675195515155792e-02
9.780499339103698730e-02
1.689441129565238953e-02
-4.498150572180747986e-02
4.022991657257080078e-02
5.927984789013862610e-02
3.859173879027366638e-02
-1.187192741781473160e-02
3.601388633251190186e-02
-8.065387606620788574e-02
-1.508066356182098389e-01
-1.632952839136123657e-01
-8.076540194451808929e-03
-8.704959601163864136e-02
-1.077846512198448181e-01
1.531329471617937088e-02
2.696286886930465698e-03
-8.565824478864669800e-02
-8.066230267286300659e-02
-3.176648169755935669e-04
8.729474246501922607e-02
-6.434707436710596085e-03
-2.063393779098987579e-02
-7.076115161180496216e-02
8.205370604991912842e-02
-2.328925579786300659e-02
-3.544057533144950867e-02
-5.835090950131416321e-02
-1.610015146434307098e-02
-9.686270356178283691e-02
1.681791804730892181e-02
4.871225357055664062e-02
3.188816085457801819e-02
1.026209592819213867e-01
3.925396502017974854e-02
5.319700762629508972e-02
1.341984421014785767e-02
-9.138589352369308472e-02
9.374403208494186401e-02
6.828439235687255859e-02
-7.328113913536071777e-02
5.933680757880210876e-02
-2.564909160137176514e-01
1.324242800474166870e-01
4.154509678483009338e-02
2.835747972130775452e-02
-1.432301569730043411e-02
3.633547574281692505e-02
-1.578445732593536377e-01
4.766249097883701324e-03
2.858383394777774811e-02
-6.834140419960021973e-02
-7.477436959743499756e-02
-2.850318513810634613e-02
-2.915335260331630707e-02
2.062747441232204437e-02
-1.286666095256805420e-01
-8.106774836778640747e-02
3.327525556087493896e-01
7.375766336917877197e-02
-8.067709207534790039e-02
5.302911996841430664e-02
-2.345963008701801300e-02
1.375207751989364624e-01
-5.470014363527297974e-02
-1.760659664869308472e-01
6.914826482534408569e-02
-2.117218077182769775e-01
-6.971544027328491211e-02
-6.620138417929410934e-03
-9.607102721929550171e-02
-1.134504005312919617e-01
3.052989207208156586e-02
9.423924982547760010e-02
-1.905943453311920166e-01
-4.003761336207389832e-02
-5.449202656745910645e-02
-5.353158712387084961e-02
-1.943386197090148926e-01
-7.549458649009466171e-03
7.076945900917053223e-02
-7.436384260654449463e-02
8.211085945367813110e-02
1.229585558176040649e-01
-9.749468299560248852e-04
-6.958696991205215454e-02
-1.185829266905784607e-01
8.905700594186782837e-02
5.826337262988090515e-02
-2.539111673831939697e-02
-1.028805896639823914e-01
1.388198733329772949e-01
-9.751755744218826294e-03
-1.034324392676353455e-01
7.060902565717697144e-02
8.147852122783660889e-02
2.380591928958892822e-01
4.036774486303329468e-02
-4.589207470417022705e-02
9.348189458250999451e-03
1.067896410822868347e-01
-1.079140678048133850e-01
2.132176980376243591e-02
5.876614525914192200e-02
5.161352828145027161e-02
-5.082253739237785339e-02
-7.371427863836288452e-02
-4.055896308273077011e-03
1.323272436857223511e-01
-2.267297357320785522e-01
-3.092804457992315292e-03
1.501903533935546875e-01
1.111632212996482849e-01
-2.021292895078659058e-01
-1.375737339258193970e-01
-1.321143209934234619e-01
4.915835801512002945e-03
6.411136686801910400e-02
1.012062802910804749e-01
7.616704702377319336e-02
5.333140492439270020e-02
1.526143252849578857e-01
-3.119262866675853729e-03
-8.444613963365554810e-02
-5.637949332594871521e-02
2.091057747602462769e-01
4.993744939565658569e-02
1.496836729347705841e-02
-7.297234982252120972e-02
-1.073132678866386414e-01
1.818016171455383301e-02
-9.837247431278228760e-02
-6.907742470502853394e-02
2.187974378466606140e-02
5.583227798342704773e-02
-2.137207053601741791e-02
1.206748113036155701e-01
1.406204551458358765e-01
1.236845031380653381e-01
-1.825082451105117798e-01
-8.821659535169601440e-02
-1.676587015390396118e-01
-9.882967919111251831e-02
-7.483546435832977295e-02
-1.038894802331924438e-01
3.199839219450950623e-02
-5.979930981993675232e-02
6.351856142282485962e-02
-4.477952420711517334e-02
7.189077138900756836e-02
1.000109463930130005e-01
-2.247961759567260742e-01
-1.147433295845985413e-01
-5.066735297441482544e-02
