-1.245693885721266270e-03
9.912002831697463989e-02
-1.815140829421579838e-03
-1.093357428908348083e-02
3.796051442623138428e-02
-2.627193629741668701e-01
-1.726923696696758270e-02
-4.148125275969505310e-02
-5.697931721806526184e-02
-9.214548021554946899e-02
-1.922241784632205963e-02
5.097265914082527161e-02
-2.055555395781993866e-02
4.338999465107917786e-02
6.551937758922576904e-02
3.248884528875350952e-02
2.149333953857421875e-01
1.250489801168441772e-01
-1.519770622253417969e-01
5.415965802967548370e-03
-1.648059040307998657e-01
4.988767951726913452e-02
-4.670575726777315140e-03
2.874193480238318443e-03
-3.789880126714706421e-02
-1.990819536149501801e-02
-1.129888817667961121e-01
8.483576029539108276e-02
-1.181712895631790161e-01
-1.105404496192932129e-01
-1.500374227762222290e-01
-7.483550161123275757e-02
6.305291503667831421e-02
-5.722272396087646484e-02
6.640791893005371094e-02
4.149232432246208191e-02
-7.337969541549682617e-02
7.748458534479141235e-02
-2.964385785162448883e-03
2.135722190141677856e-01
-1.231274753808975220e-02
-5.097667127847671509e-02
-2.127033099532127380e-02
-2.203195728361606598e-02
-5.901098996400833130e-02
1.217302903532981873e-01
-1.610075533390045166e-01
-1.116767525672912598e-01
-3.401133045554161072e-02
-6.900782883167266846e-02
1.921960711479187012e-01
-1.111753508448600769e-01
-5.746522173285484314e-02
1.225211247801780701e-01
-1.314323693513870239e-01
-1.063016578555107117e-01
3.032126836478710175e-02
2.371459752321243286e-01
-5.273587629199028015e-02
-1.577055454254150391e-02
1.668990105390548706e-01
-5.852657556533813477e-02
-1.094953194260597229e-01
3.108570352196693420e-02
-6.574957817792892456e-02
1.832275837659835815e-02
-4.790506791323423386e-03
5.512489005923271179e-02
2.958650887012481689e-02
-1.100313216447830200e-01
3.862495347857475281e-02
1.004789099097251892e-01
8.578839153051376343e-02
-2.623870037496089935e-02
-1.029155179858207703e-01
6.688003987073898315e-02
2.969135902822017670e-02
-3.709989413619041443e-02
1.913593709468841553e-01
6.632009893655776978e-02
7.659213244915008545e-02
-1.278520375490188599e-01
-9.422060102224349976e-02
-9.133453667163848877e-02
-7.760194689035415649e-02
1.670762896537780762e-01
9.910886175930500031e-03
-1.656056046485900879e-01
-4.692491516470909119e-02
-1.546552926301956177e-01
1.390059739351272583e-01
-1.007244139909744263e-01
3.454135730862617493e-02
-5.205019935965538025e-02
-2.384389564394950867e-02
2.277501299977302551e-02
-1.075034737586975098e-01
1.207689270377159119e-01
-1.683266758918762207e-01
8.523847907781600952e-02
4.931040108203887939e-02
-9.997339919209480286e-03
1.228954419493675232e-01
2.387350238859653473e-02
-8.208056539297103882e-02
6.932014971971511841e-02
6.910463422536849976e-02
8.783750981092453003e-02
-3.833596780896186829e-02
3.659754246473312378e-02
-1.560357119888067245e-02
-1.620460003614425659e-01
5.556280538439750671e-02
1.632613502442836761e-02
1.102729663252830505e-01
3.247308358550071716e-02
-1.644621044397354126e-01
8.129062503576278687e-02
1.743068546056747437e-01
-2.836881903931498528e-03
