-5.115733295679092407e-02
5.049138143658638000e-02
3.788126260042190552e-02
6.403036415576934814e-02
1.835005730390548706e-01
2.104363739490509033e-01
1.166036948561668396e-01
1.348067671060562134e-01
-8.437269181013107300e-02
-1.075467988848686218e-01
-1.965625770390033722e-02
7.538670208305120468e-03
8.639036118984222412e-02
9.074788540601730347e-02
-3.921748697757720947e-02
-7.768850773572921753e-02
-5.180037766695022583e-02
4.026595875620841980e-02
-7.627782225608825684e-02
9.979101270437240601e-02
4.972951486706733704e-02
-1.158565655350685120e-01
-6.812248378992080688e-02
2.963773347437381744e-02
3.917763382196426392e-02
-2.406866103410720825e-02
-2.085058689117431641e-01
1.323288977146148682e-01
-1.098455116152763367e-01
1.135989930480718613e-02
-1.173546910285949707e-01
-9.954211115837097168e-02
2.367532700300216675e-01
2.046857178211212158e-01
2.034810632467269897e-01
-2.024079731199890375e-04
1.660414598882198334e-02
2.973681688308715820e-01
-7.046952098608016968e-02
2.310204319655895233e-02
1.807904057204723358e-02
6.819493323564529419e-02
-4.424350336194038391e-02
-2.846388518810272217e-02
-4.818794503808021545e-02
2.067556828260421753e-01
2.226078696548938751e-02
6.689181178808212280e-02
4.741628095507621765e-02
8.847802877426147461e-02
8.965304121375083923e-03
-1.078686043620109558e-01
4.704364389181137085e-02
-3.705294430255889893e-02
8.445694297552108765e-02
8.492827415466308594e-02
7.413581013679504395e-02
5.583692342042922974e-02
2.613149583339691162e-02
-7.358717173337936401e-02
2.126841843128204346e-01
2.352069169282913208e-01
-5.205339938402175903e-02
-3.568850457668304443e-02
-8.940289914608001709e-02
1.153630837798118591e-01
-5.416058376431465149e-02
8.275551348924636841e-02
8.241598494350910187e-03
-6.228812411427497864e-02
-9.480788558721542358e-02
6.451094150543212891e-02
1.374463643878698349e-02
-1.548855453729629517e-01
3.667550336103886366e-04
-8.835952728986740112e-03
1.585710607469081879e-02
1.771383434534072876e-01
1.746877878904342651e-01
-1.009458079934120178e-01
-1.649429462850093842e-02
-6.758709996938705444e-02
-3.762193769216537476e-02
-3.052051179111003876e-02
-5.898426100611686707e-02
9.757071733474731445e-02
-1.140792891383171082e-01
8.826435357332229614e-02
-1.813782192766666412e-02
1.456649322062730789e-02
-6.300430744886398315e-02
-1.649013720452785492e-02
-1.285731941461563110e-01
-3.924445435404777527e-02
-1.251999586820602417e-01
6.640767306089401245e-02
1.160809025168418884e-01
-1.370986253023147583e-01
9.640379995107650757e-02
6.909010000526905060e-03
-2.516662143170833588e-02
-7.149901241064071655e-02
-7.634103298187255859e-02
5.406564101576805115e-02
8.407071977853775024e-02
7.163840532302856445e-02
7.345923036336898804e-02
-3.610718250274658203e-02
-7.211380451917648315e-02
3.561279503628611565e-03
-5.487892776727676392e-02
1.738783344626426697e-02
-5.310365185141563416e-02
1.018077880144119263e-02
-3.715077787637710571e-02
1.238830462098121643e-01
1.784152723848819733e-02
-2.994765341281890869e-01
-5.986835341900587082e-03
-9.330017864704132080e-02
