8.201852440834045410e-02
-9.223448485136032104e-02
1.344328224658966064e-01
-1.402100622653961182e-01
-5.067318677902221680e-02
-6.606771796941757202e-02
-1.769638955593109131e-01
3.043180704116821289e-02
-7.127241045236587524e-02
1.448827702552080154e-02
-2.188092283904552460e-02
5.248745158314704895e-02
3.231212869286537170e-02
-8.561141788959503174e-02
1.825943440198898315e-01
-4.289633035659790039e-02
-1.418532133102416992e-01
2.996574640274047852e-01
6.373382359743118286e-02
1.772767901420593262e-01
1.286980360746383667e-01
1.261830925941467285e-01
7.386505603790283203e-02
-7.393401116132736206e-02
-3.759381175041198730e-02
-1.765490323305130005e-01
-3.985749185085296631e-02
1.478172838687896729e-01
-6.707239151000976562e-02
1.712984889745712280e-01
1.837133467197418213e-01
9.224445559084415436e-03
-1.184107386507093906e-03
7.639547437429428101e-02
-2.785623073577880859e-02
-6.825677584856748581e-03
1.391480416059494019e-01
-6.543780863285064697e-02
-3.599026426672935486e-02
2.215435542166233063e-02
1.951253227889537811e-02
1.415273100137710571e-01
8.036285638809204102e-02
-8.358089625835418701e-02
8.801624178886413574e-03
3.534081205725669861e-02
-6.352190673351287842e-02
6.464280188083648682e-02
6.774809211492538452e-02
1.738934069871902466e-01
-2.274602949619293213e-01
-1.448504347354173660e-02
2.083056271076202393e-01
1.376785635948181152e-01
-7.686498016119003296e-02
-3.344076499342918396e-02
-2.913810312747955322e-02
7.903788238763809204e-02
-1.219520941376686096e-01
1.526839435100555420e-01
8.070238679647445679e-02
-5.254234001040458679e-02
-1.060343384742736816e-01
7.917218655347824097e-02
-1.820342987775802612e-02
2.569113485515117645e-02
7.818484306335449219e-02
-5.777973216027021408e-03
5.775538831949234009e-02
-1.179524585604667664e-01
3.661124780774116516e-02
4.246524348855018616e-02
-7.658874988555908203e-02
-3.437183797359466553e-02
-5.736764147877693176e-02
-7.649075239896774292e-02
1.304348856210708618e-01
1.987015008926391602e-01
-1.709961565211415291e-03
8.523888885974884033e-03
-5.473047494888305664e-02
3.441544016823172569e-03
9.065735340118408203e-02
-3.343544527888298035e-02
-7.608165591955184937e-02
-1.374646872282028198e-01
1.116982251405715942e-01
-3.165489062666893005e-02
2.421507798135280609e-02
-4.314974322915077209e-02
-6.895349919795989990e-02
-8.723942935466766357e-02
6.181429699063301086e-02
-7.198703289031982422e-02
-3.000581264495849609e-02
-9.499077498912811279e-02
-2.357054203748703003e-01
7.368095219135284424e-02
7.130325585603713989e-02
5.756506696343421936e-03
6.881767511367797852e-02
-1.062822565436363220e-01
-3.135427460074424744e-02
-4.603063687682151794e-02
-1.129134446382522583e-01
1.238696929067373276e-02
-4.574954509735107422e-02
-8.557783067226409912e-02
-6.820303201675415039e-02
-1.126275882124900818e-01
5.818606354296207428e-03
3.151540830731391907e-02
-5.966933444142341614e-03
-6.809796392917633057e-02
-7.019003480672836304e-02
-1.745228841900825500e-02
-3.164130449295043945e-02
7.157629728317260742e-02
-1.754750609397888184e-01
8.148831874132156372e-02
