-9.149099700152873993e-03
2.642116881906986237e-02
1.763964146375656128e-01
7.648126780986785889e-02
2.282821340486407280e-03
8.556713908910751343e-02
-1.929437927901744843e-02
7.553997635841369629e-02
9.828715771436691284e-02
-5.779514089226722717e-03
6.484548002481460571e-02
2.078795880079269409e-01
-7.760248333215713501e-02
-4.117269441485404968e-02
1.332375258207321167e-01
-4.462379962205886841e-02
-1.171997562050819397e-01
-1.190059706568717957e-01
-2.728217653930187225e-02
9.523177146911621094e-02
-8.516556769609451294e-02
-2.767207100987434387e-02
1.447868198156356812e-01
1.702578067779541016e-01
1.899783127009868622e-02
1.996374689042568207e-02
-9.341209381818771362e-02
-9.164147078990936279e-02
2.762696705758571625e-02
-8.946107327938079834e-02
-3.373302519321441650e-03
-1.752752438187599182e-02
-1.701993197202682495e-01
-2.591552911326289177e-03
-3.695186972618103027e-01
-2.859727106988430023e-02
-9.363230317831039429e-02
-1.514847762882709503e-02
5.775586515665054321e-02
-2.976220846176147461e-02
-3.228780254721641541e-02
-3.480292484164237976e-02
1.192027330398559570e-01
-1.154674496501684189e-02
-2.708266675472259521e-02
7.643871009349822998e-02
-1.368193775415420532e-01
-6.540183722972869873e-02
-8.275567740201950073e-02
-8.293511718511581421e-02
5.214535072445869446e-02
-3.818708937615156174e-04
1.301536709070205688e-01
-1.731936633586883545e-01
-9.920709580183029175e-02
-7.363037765026092529e-02
-1.004801392555236816e-01
-1.865965686738491058e-02
1.127431727945804596e-02
-9.240120649337768555e-03
1.905365660786628723e-02
-1.769489422440528870e-02
-1.015255451202392578e-01
5.574011802673339844e-02
5.594417080283164978e-02
-1.068895384669303894e-01
3.020681906491518021e-03
-1.667873561382293701e-01
-5.188762769103050232e-02
-1.165099367499351501e-01
-6.852947920560836792e-02
1.613392308354377747e-02
-7.310672849416732788e-02
-8.335100859403610229e-02
9.589099138975143433e-02
-8.912071585655212402e-02
-1.773104518651962280e-01
-1.502475738525390625e-01
-1.695649027824401855e-01
-3.266990184783935547e-02
-3.626931086182594299e-02
1.251283735036849976e-01
4.934131633490324020e-03
1.728942245244979858e-01
-1.971477121114730835e-01
1.435049925930798054e-03
8.779603987932205200e-02
9.699508547782897949e-02
-2.059347927570343018e-02
7.379502058029174805e-02
3.225823864340782166e-02
5.673551466315984726e-03
-6.032568868249654770e-03
-1.302066724747419357e-02
1.165114045143127441e-01
-4.484068974852561951e-02
4.298285767436027527e-02
5.906093120574951172e-02
-1.327390223741531372e-01
1.104210391640663147e-01
1.269165128469467163e-01
-1.292054262012243271e-02
1.545587033033370972e-01
-3.470659628510475159e-02
-7.156524807214736938e-02
-2.561080455780029297e-02
1.562428325414657593e-01
-1.491560786962509155e-01
-2.035814076662063599e-01
1.595904082059860229e-01
-7.587546855211257935e-02
-3.150558099150657654e-02
2.604110538959503174e-02
2.398334443569183350e-02
-1.418400108814239502e-01
-5.183465033769607544e-02
-4.005919024348258972e-02
5.888717994093894958e-02
-3.423370048403739929e-02
-1.504083126783370972e-01
