-4.409957211464643478e-03
-1.632654294371604919e-02
-8.624657243490219116e-02
2.919742278754711151e-02
-1.080572605133056641e-02
-6.947255227714776993e-03
-1.749724149703979492e-02
-1.506215035915374756e-01
-6.336537003517150879e-02
6.060204654932022095e-02
5.016684159636497498e-02
-1.280380785465240479e-01
-7.142852246761322021e-02
-1.153307482600212097e-01
1.238745003938674927e-01
-2.433137223124504089e-02
5.667923949658870697e-03
-6.398556381464004517e-02
8.393617719411849976e-02
1.957053504884243011e-02
8.583556860685348511e-02
-1.238288208842277527e-01
7.879398018121719360e-02
-1.115569099783897400e-01
5.374050885438919067e-02
-5.198736861348152161e-02
-4.998528212308883667e-02
-2.904943004250526428e-02
1.364325135946273804e-01
-5.509674176573753357e-02
1.321224123239517212e-01
-1.944882571697235107e-01
7.685456424951553345e-02
1.411297917366027832e-02
1.187793612480163574e-01
-8.452583104372024536e-02
-2.386019974946975708e-01
8.105774223804473877e-02
-1.489247847348451614e-02
2.307881228625774384e-02
-1.552271246910095215e-01
-1.214356943964958191e-01
-7.434093952178955078e-02
-1.302113831043243408e-01
1.323282122611999512e-01
9.290941804647445679e-02
-1.067039296030998230e-01
1.593625359237194061e-02
3.610808402299880981e-02
-2.365504950284957886e-02
1.994205862283706665e-01
1.504312921315431595e-02
1.455034166574478149e-01
2.105936640873551369e-03
-1.977239847183227539e-01
2.949455752968788147e-02
9.786901623010635376e-02
-3.979366272687911987e-02
7.890694588422775269e-02
-7.858619838953018188e-02
-5.484422668814659119e-02
-2.134708613157272339e-01
2.877801656723022461e-01
1.091647520661354065e-01
8.326978981494903564e-02
1.258137971162796021e-01
-3.362831473350524902e-02
-7.703423034399747849e-03
-9.340969473123550415e-02
9.110490977764129639e-02
-3.296655789017677307e-02
-1.704970300197601318e-01
-1.768871396780014038e-01
-3.800110146403312683e-02
2.743726130574941635e-03
-1.237463355064392090e-01
8.603789657354354858e-02
-1.923646591603755951e-02
1.983403563499450684e-01
1.665033996105194092e-01
-1.209194660186767578e-01
9.264307469129562378e-02
2.988576702773571014e-02
-4.427584935910999775e-04
-4.321157466620206833e-03
7.846798747777938843e-02
-6.694745272397994995e-02
-1.894794553518295288e-01
2.230723947286605835e-01
3.670044615864753723e-02
7.305033039301633835e-03
6.402930617332458496e-02
-1.673938706517219543e-02
-8.385844528675079346e-02
6.319616921246051788e-03
2.421681210398674011e-02
-1.396768838167190552e-01
5.358419939875602722e-02
3.736242651939392090e-02
-1.896682977676391602e-01
7.051590085029602051e-02
-4.563634470105171204e-02
2.692686021327972412e-01
6.477307528257369995e-02
5.013817176222801208e-02
-9.607502818107604980e-02
7.031949609518051147e-02
-1.471107453107833862e-01
-1.507836859673261642e-02
-1.170416474342346191e-01
-1.135539729148149490e-02
4.285547882318496704e-02
-1.222046390175819397e-01
-3.234504535794258118e-02
2.282178215682506561e-02
-1.246968982741236687e-03
4.424058273434638977e-02
-1.621098630130290985e-02
-8.996640890836715698e-02
1.992308348417282104e-02
