1.345947235822677612e-01
1.353811472654342651e-01
-1.163532733917236328e-01
1.677547954022884369e-02
1.342344582080841064e-01
9.061186760663986206e-02
1.138120889663696289e-02
-7.889797538518905640e-02
-9.553592652082443237e-02
9.802192449569702148e-03
-7.743939012289047241e-02
7.338316738605499268e-02
7.217203825712203979e-02
1.927035003900527954e-01
9.106250852346420288e-02
-2.899279072880744934e-02
-2.626908197999000549e-02
3.236310184001922607e-02
3.809531033039093018e-02
-2.463660761713981628e-02
1.457638591527938843e-01
1.014412268996238708e-01
-3.201558068394660950e-02
2.071799151599407196e-02
-4.690518975257873535e-02
1.657432168722152710e-01
-2.005038708448410034e-01
1.862661391496658325e-01
-1.828434318304061890e-01
1.231652423739433289e-01
9.988857060670852661e-02
-6.343270093202590942e-02
-1.401902139186859131e-01
-1.679891347885131836e-02
-4.182252660393714905e-02
2.760573290288448334e-02
-8.533248305320739746e-02
1.017345711588859558e-01
-1.290860623121261597e-01
-4.878960922360420227e-02
6.938558071851730347e-02
1.230658870190382004e-02
-1.642876416444778442e-01
-9.909164160490036011e-02
1.509365737438201904e-01
-5.560327321290969849e-02
2.537259757518768311e-01
-1.381672471761703491e-01
6.995747238397598267e-02
3.466525673866271973e-02
6.445966660976409912e-02
2.906786277890205383e-02
-1.993752419948577881e-01
1.209379583597183228e-01
-1.954740658402442932e-02
-6.011162325739860535e-02
-1.621856838464736938e-01
5.730983242392539978e-02
-1.087451130151748657e-01
-1.875739358365535736e-02
1.333057433366775513e-01
1.610055565834045410e-01
-3.019990026950836182e-02
1.023587733507156372e-01
-5.659262090921401978e-02
8.558168075978755951e-03
-7.912897318601608276e-02
1.071324869990348816e-01
1.205975934863090515e-01
-4.826087877154350281e-02
-1.450124979019165039e-01
1.606067568063735962e-01
-8.456679433584213257e-02
-1.036261096596717834e-01
-1.645386405289173126e-02
1.519632041454315186e-01
1.060205101966857910e-01
-7.789982855319976807e-02
-8.806380629539489746e-02
1.496922224760055542e-01
-5.224493145942687988e-02
1.387506276369094849e-01
-6.667327880859375000e-02
8.164501190185546875e-02
1.556940283626317978e-02
1.956167072057723999e-01
1.276426017284393311e-01
-1.394885629415512085e-01
-9.984869509935379028e-02
6.171103939414024353e-02
-7.147845625877380371e-02
-1.242769882082939148e-01
7.623339444398880005e-02
-4.701121896505355835e-02
4.539800807833671570e-02
-3.714912757277488708e-02
-1.308981478214263916e-01
2.114344835281372070e-01
-4.823438078165054321e-02
4.233426880091428757e-03
-1.345627307891845703e-01
-5.308236554265022278e-02
-5.417145416140556335e-02
1.703855395317077637e-01
-3.946511074900627136e-02
-7.685224711894989014e-02
8.965434134006500244e-02
-5.820592120289802551e-02
1.541811972856521606e-02
1.191569939255714417e-01
-1.317825354635715485e-02
6.357175111770629883e-02
6.905348598957061768e-02
7.363124191761016846e-02
1.141901388764381409e-01
-1.855116896331310272e-02
-1.577260941267013550e-01
-4.850734025239944458e-02
-6.049166992306709290e-02
-3.722212836146354675e-02
