-6.850826740264892578e-02
3.145340681076049805e-01
-1.772508323192596436e-01
4.102693498134613037e-02
-1.169338449835777283e-01
4.617967084050178528e-02
2.921285666525363922e-02
-1.888928376138210297e-02
-1.243919413536787033e-02
5.441368743777275085e-02
5.278387665748596191e-02
4.508050531148910522e-02
-6.896334886550903320e-02
4.142714291810989380e-02
-6.840111315250396729e-02
6.935574859380722046e-02
-6.507767736911773682e-02
3.228425607085227966e-02
9.298767149448394775e-02
7.844050973653793335e-02
8.187255263328552246e-02
-1.276000589132308960e-01
-6.234950851649045944e-03
1.573784202337265015e-01
-1.603015325963497162e-02
-9.942960739135742188e-02
1.096270456910133362e-01
-1.262171119451522827e-01
-4.733440931886434555e-03
-4.119460936635732651e-03
-5.809725075960159302e-02
-5.503608658909797668e-02
-2.130449377000331879e-02
-1.730950921773910522e-01
6.225384771823883057e-03
-2.829386666417121887e-02
5.563727766275405884e-02
-1.842129677534103394e-01
-3.518828004598617554e-02
-6.897880882024765015e-02
-1.010894700884819031e-01
-9.265347570180892944e-02
-5.795380100607872009e-02
9.487453848123550415e-02
1.107564568519592285e-02
-7.566842436790466309e-02
-1.072659417986869812e-01
5.701005086302757263e-02
-7.350101321935653687e-02
3.619507327675819397e-02
9.630598872900009155e-02
2.389078587293624878e-02
-7.110808789730072021e-02
-4.040383547544479370e-02
1.451704502105712891e-01
-4.034162685275077820e-02
1.062593385577201843e-01
1.104873642325401306e-01
-2.834237180650234222e-02
-1.212890669703483582e-01
-1.585458815097808838e-01
-3.783146664500236511e-02
-7.620022445917129517e-02
-4.180323332548141479e-03
-8.598539978265762329e-02
-1.191034913063049316e-01
-6.524348258972167969e-02
-1.273167580366134644e-01
9.005091153085231781e-03
-2.299527451395988464e-02
-5.795780941843986511e-02
8.949067443609237671e-02
3.523305058479309082e-02
1.966784447431564331e-01
3.287734463810920715e-02
-1.346198171377182007e-01
-2.661302499473094940e-02
6.073514305171556771e-05
-6.105052307248115540e-02
4.329604096710681915e-03
-2.236637622117996216e-01
1.099727973341941833e-01
-1.542319357395172119e-01
-6.158754974603652954e-02
-1.092509627342224121e-01
-2.808748558163642883e-02
5.841025710105895996e-02
4.603291675448417664e-02
-1.530242115259170532e-01
1.165048312395811081e-02
6.112489849328994751e-02
-1.166192293167114258e-01
7.303290814161300659e-02
1.108337864279747009e-01
-1.871608346700668335e-01
-1.687230914831161499e-01
-1.805200278759002686e-01
-4.270208626985549927e-02
-9.833022207021713257e-02
-8.751945942640304565e-02
-1.393935270607471466e-02
-1.069666966795921326e-01
2.005085162818431854e-02
4.901044815778732300e-02
-3.780299797654151917e-02
-1.261657327413558960e-01
1.273498833179473877e-01
3.086815588176250458e-02
-8.462023735046386719e-02
7.829046249389648438e-02
-2.568489909172058105e-01
3.454142063856124878e-02
-3.964183386415243149e-03
-6.030884385108947754e-02
9.385544108226895332e-04
9.227555990219116211e-02
-1.938118599355220795e-02
2.022410631179809570e-01
-3.799676150083541870e-02
-2.089680917561054230e-02
