1.357426494359970093e-02
-1.115507856011390686e-01
-3.071255981922149658e-02
1.583699434995651245e-01
1.089627109467983246e-02
-7.299327850341796875e-02
2.511766552925109863e-01
-1.082664728164672852e-01
5.459576845169067383e-03
-7.987812161445617676e-02
6.597886234521865845e-02
-2.304134368896484375e-01
1.037426963448524475e-01
8.813434839248657227e-02
-6.186594441533088684e-02
1.443802565336227417e-02
1.269345879554748535e-01
-1.417692303657531738e-01
-2.251762710511684418e-02
-1.991624981164932251e-01
4.357319790869951248e-03
-4.060563817620277405e-02
1.334501802921295166e-01
-1.925076246261596680e-01
-1.276745051145553589e-01
7.518829405307769775e-02
-6.357593927532434464e-03
-4.895435273647308350e-02
-3.558788076043128967e-02
8.640912361443042755e-03
1.443395763635635376e-01
1.009453670121729374e-03
1.622833684086799622e-02
-1.975050568580627441e-01
1.129962038248777390e-02
3.475428372621536255e-02
3.428914770483970642e-02
-2.189702540636062622e-01
1.531103104352951050e-01
-1.472046673297882080e-01
5.386022850871086121e-02
-9.164055436849594116e-02
1.683218330144882202e-01
-7.427082955837249756e-02
8.570399135351181030e-02
1.129926815629005432e-01
-7.945863902568817139e-02
1.873120367527008057e-01
-2.866662479937076569e-02
-7.147174328565597534e-02
4.372140765190124512e-02
-3.325269371271133423e-02
1.296912431716918945e-01
1.369845122098922729e-01
-1.854010373353958130e-01
6.894137710332870483e-02
1.244869735091924667e-02
1.962712854146957397e-01
9.979936480522155762e-02
-4.150852188467979431e-02
-1.591602563858032227e-01
-3.204817697405815125e-02
-1.512881666421890259e-01
1.146538406610488892e-01
8.435421437025070190e-02
-3.196003660559654236e-02
2.665713988244533539e-02
2.101145088672637939e-01
-2.497663535177707672e-02
-4.651149734854698181e-02
-1.330867130309343338e-02
-8.803580887615680695e-03
3.438941761851310730e-02
-1.754043996334075928e-01
1.763976365327835083e-01
4.598037339746952057e-03
5.582495406270027161e-02
-1.251616775989532471e-01
-1.593919843435287476e-01
1.456246823072433472e-01
-1.082007288932800293e-01
-2.987567521631717682e-02
-3.443996980786323547e-02
-1.509909629821777344e-01
2.403697557747364044e-02
9.481430053710937500e-02
1.474312692880630493e-01
2.658451162278652191e-02
-7.570467889308929443e-02
4.902125522494316101e-02
2.764957249164581299e-01
1.907268017530441284e-01
-3.872727602720260620e-02
-9.590583853423595428e-03
8.215335011482238770e-02
-3.401936590671539307e-02
9.047538973391056061e-03
3.879340365529060364e-02
-1.062479149550199509e-02
-1.722212433815002441e-01
-1.579097956418991089e-01
-1.333890408277511597e-01
-9.032172709703445435e-02
1.213243752717971802e-01
-1.254592835903167725e-02
-4.871290549635887146e-02
-1.479506939649581909e-01
8.861305564641952515e-02
-7.453996688127517700e-02
1.505049318075180054e-02
1.318429857492446899e-01
1.005720272660255432e-01
-1.230951771140098572e-01
-4.939687252044677734e-02
-8.692152798175811768e-02
-2.400914877653121948e-01
-5.355075001716613770e-03
5.192493274807929993e-02
2.609874904155731201e-01
-9.903649985790252686e-02
