7.118326425552368164e-02
6.526308506727218628e-02
1.136824861168861389e-01
-2.014645747840404510e-02
-9.146341681480407715e-02
2.045705169439315796e-02
2.012445926666259766e-01
8.252257108688354492e-02
3.622085973620414734e-02
-7.128196209669113159e-02
-2.916314266622066498e-02
-7.347956299781799316e-02
4.310709238052368164e-02
6.713671982288360596e-02
8.178570121526718140e-02
1.951750367879867554e-01
6.205833703279495239e-02
2.237765640020370483e-01
1.503310054540634155e-01
-6.795377284288406372e-02
2.476641535758972168e-02
-8.266460895538330078e-02
4.449281841516494751e-02
1.144582256674766541e-01
-9.174179285764694214e-02
8.428399264812469482e-02
4.363683983683586121e-02
2.326045744121074677e-02
-1.007835268974304199e-01
6.169509887695312500e-02
5.778911337256431580e-02
-3.650808334350585938e-02
-1.043076291680335999e-01
-3.452263772487640381e-02
-7.148989289999008179e-02
2.309030145406723022e-01
-4.924282431602478027e-03
-2.861315011978149414e-02
5.237479135394096375e-02
1.568710952997207642e-01
1.618005335330963135e-01
8.367551490664482117e-03
7.022070139646530151e-02
9.565114229917526245e-02
-4.176618531346321106e-02
-5.957266688346862793e-02
-6.551144272089004517e-02
1.672492027282714844e-01
2.642782963812351227e-02
-2.363436389714479446e-03
5.652376636862754822e-02
-1.206938624382019043e-01
-6.101053953170776367e-02
1.564915329217910767e-01
-2.224766276776790619e-02
-7.211364340037107468e-03
-1.646991968154907227e-01
-8.226180076599121094e-02
5.290298536419868469e-02
5.940731242299079895e-02
2.276531010866165161e-01
3.601840883493423462e-02
2.936824597418308258e-02
1.442729085683822632e-01
-1.204477772116661072e-01
-1.419782079756259918e-02
2.638442814350128174e-02
7.555859629064798355e-03
-3.431592136621475220e-02
3.620609268546104431e-02
-2.140654437243938446e-02
-9.479543566703796387e-02
9.494788199663162231e-02
-6.570821162313222885e-03
1.773159652948379517e-01
-4.455693438649177551e-02
7.209087908267974854e-02
1.761667132377624512e-01
1.566379889845848083e-02
-8.758381009101867676e-02
-3.566809371113777161e-02
-9.634271264076232910e-02
3.033122979104518890e-02
9.161461889743804932e-02
-1.392652541399002075e-01
-6.202143430709838867e-02
-4.232301563024520874e-02
-9.320247918367385864e-03
-7.918182760477066040e-02
-3.718173876404762268e-02
3.752097114920616150e-02
5.725667998194694519e-02
1.846944838762283325e-01
-2.204124443233013153e-02
1.521509289741516113e-01
-1.700763590633869171e-02
-7.054900377988815308e-02
2.985084988176822662e-02
8.509864658117294312e-02
-7.077123969793319702e-02
-8.716145157814025879e-02
-3.443421423435211182e-02
1.392901986837387085e-01
5.569421127438545227e-02
7.344212383031845093e-02
-1.222031423822045326e-03
4.393555596470832825e-02
-4.340850561857223511e-02
-1.038397103548049927e-01
9.448933415114879608e-03
-3.837316762655973434e-04
7.839138060808181763e-02
9.736027568578720093e-03
-1.809787750244140625e-01
-8.758755773305892944e-02
2.546114325523376465e-01
-9.970767050981521606e-02
-6.794634740799665451e-03
-2.063611596822738647e-01
-9.729972109198570251e-03
