9.806670993566513062e-02
-5.551364645361900330e-02
-6.258738040924072266e-02
8.207359910011291504e-02
-9.898934513330459595e-02
-3.815741464495658875e-02
-2.168750017881393433e-02
-1.127063632011413574e-01
7.426661998033523560e-02
6.600045412778854370e-02
9.895876795053482056e-02
-1.623060107231140137e-01
-1.045213565230369568e-01
1.387908607721328735e-01
-1.107015013694763184e-01
8.587873727083206177e-02
-1.253420561552047729e-01
7.162964344024658203e-02
-7.272174954414367676e-02
-4.871924966573715210e-02
8.093195408582687378e-02
-1.754868328571319580e-01
-1.741783469915390015e-01
1.426711678504943848e-01
5.428976565599441528e-02
-2.787421457469463348e-02
-2.992881275713443756e-02
3.212039172649383545e-02
-1.427012588828802109e-02
-1.908385008573532104e-01
-5.937996506690979004e-02
-1.962710171937942505e-02
1.797902397811412811e-02
-9.055363386869430542e-02
1.019982472062110901e-01
-8.113643527030944824e-02
-1.368147581815719604e-01
2.738720737397670746e-02
4.131470248103141785e-02
-4.904714412987232208e-03
-4.877809807658195496e-02
-1.155356913805007935e-01
3.270446509122848511e-02
-2.062212228775024414e-01
-4.247443005442619324e-02
-5.529269576072692871e-02
1.580799231305718422e-03
9.861335158348083496e-02
8.159293979406356812e-02
1.269359588623046875e-01
7.107842713594436646e-02
7.693391293287277222e-03
-6.440173834562301636e-02
-1.467121243476867676e-01
-1.479361206293106079e-01
-7.521809637546539307e-02
-1.083759665489196777e-01
7.121549546718597412e-02
6.001501157879829407e-02
-1.030776835978031158e-02
-1.247898489236831665e-01
8.288271725177764893e-02
-1.096864715218544006e-01
6.026539951562881470e-02
-7.717009633779525757e-02
-1.048199553042650223e-02
7.306356728076934814e-02
-4.370146617293357849e-02
2.123162150382995605e-02
-2.751668356359004974e-02
-6.791049987077713013e-02
-2.912778221070766449e-02
5.622129514813423157e-02
-8.198656141757965088e-02
-2.349841892719268799e-01
1.675473004579544067e-01
9.084581583738327026e-02
-1.189759559929370880e-02
2.397045306861400604e-02
5.378121882677078247e-02
-2.195258587598800659e-01
-1.411393582820892334e-01
-3.582170233130455017e-02
1.279116724617779255e-03
-1.760240271687507629e-02
3.870147839188575745e-02
-3.444502130150794983e-02
-1.404617428779602051e-01
-3.586173057556152344e-02
2.469274103641510010e-01
-2.018195241689682007e-01
-2.746230177581310272e-02
5.192968249320983887e-02
2.982609532773494720e-02
-1.331819128245115280e-02
5.286627449095249176e-03
3.192432224750518799e-02
-9.290547668933868408e-02
-2.530201710760593414e-02
5.254935100674629211e-02
-3.358512744307518005e-02
-1.271662712097167969e-01
1.036094203591346741e-01
4.100140184164047241e-03
-1.233158726245164871e-02
1.047837063670158386e-01
-4.667935892939567566e-02
-1.606913059949874878e-01
1.651806533336639404e-01
3.144382312893867493e-02
-1.681542769074440002e-02
1.021380200982093811e-01
4.252871498465538025e-02
2.156501449644565582e-02
-5.233878642320632935e-02
6.761863082647323608e-02
8.976514637470245361e-02
-1.491116732358932495e-01
4.498112015426158905e-03
4.894369468092918396e-02
1.670825332403182983e-01
7.348878681659698486e-02
1.733455061912536621e-02
-6.905986368656158447e-02
3.643956780433654785e-02
9.237801283597946167e-02
8.947924710810184479e-03
3.492623940110206604e-02
1.241786479949951172e-01
2.139839977025985718e-01
-1.803054660558700562e-01
7.953964918851852417e-02
5.346310790628194809e-03
-3.225677832961082458e-02
4.321657866239547729e-02
-3.227013722062110901e-02
-2.409581840038299561e-02
-4.325353726744651794e-02
-1.245711445808410645e-01
7.937170565128326416e-02
-9.024959057569503784e-02
-1.118882820010185242e-01
2.769858576357364655e-02
-2.288365364074707031e-01
1.508346945047378540e-01
1.479660905897617340e-02
8.645566552877426147e-02
3.168183937668800354e-02
7.217019051313400269e-02
-1.158303767442703247e-01
1.059999093413352966e-01
-1.162010431289672852e-01
2.884306013584136963e-02
3.027101419866085052e-02
7.663069665431976318e-02
-1.431131809949874878e-01
7.843290269374847412e-02
-1.314342468976974487e-01
-7.486968487501144409e-02
-3.271677345037460327e-02
1.462724059820175171e-01
5.078522115945816040e-02
-1.191288158297538757e-01
1.885308474302291870e-01
1.216694265604019165e-01
4.242625460028648376e-02
1.328676342964172363e-01
1.462350040674209595e-01
5.287238955497741699e-02
-8.701755665242671967e-03
1.632965058088302612e-01
4.744450375437736511e-02
-1.242111474275588989e-01
-9.403982013463973999e-02
-1.912545226514339447e-02
-1.228144690394401550e-01
-2.776092663407325745e-02
2.413572929799556732e-02
-4.293762892484664917e-02
-1.657833009958267212e-01
2.588740363717079163e-02
-1.499809231609106064e-02
-5.871405079960823059e-02
-1.043902561068534851e-01
6.999389827251434326e-02
-6.850697100162506104e-02
-9.889367502182722092e-04
-1.313459724187850952e-01
8.240247517824172974e-02
-5.528386309742927551e-02
1.134781166911125183e-01
5.451115313917398453e-03
3.362263785675168037e-03
-1.270384788513183594e-01
-3.998070210218429565e-02
-1.395883876830339432e-02
-3.004242293536663055e-02
-6.301204208284616470e-03
-1.812981665134429932e-01
-1.118371170014142990e-02
7.472928613424301147e-02
-1.570526808500289917e-01
1.389678716659545898e-01
1.057025138288736343e-02
-2.313887886703014374e-02
-1.348087638616561890e-01
3.054939024150371552e-02
-1.639725267887115479e-01
2.429557219147682190e-02
1.317129284143447876e-01
1.521214284002780914e-02
-9.942856431007385254e-02
1.733631193637847900e-01
1.544670909643173218e-01
9.096377342939376831e-02
7.940347492694854736e-02
-5.716292187571525574e-02
1.072574853897094727e-01
-8.557929098606109619e-02
1.569764465093612671e-01
-1.007834449410438538e-01
-2.458585053682327271e-01
-5.138381943106651306e-02
4.315752536058425903e-02
6.560709327459335327e-02
-9.770701080560684204e-02
8.148433989845216274e-04
-6.669702380895614624e-02
-6.989186257123947144e-02
-3.741360828280448914e-02
-3.405531868338584900e-02
-9.441503137350082397e-02
-8.110421709716320038e-03
-4.298480972647666931e-02
-4.380034282803535461e-02
-1.110556051135063171e-01
4.964803811162710190e-03
7.932294160127639771e-02
-1.112355142831802368e-01
-8.421375602483749390e-02
5.158454924821853638e-02
-1.098806038498878479e-01
4.633084312081336975e-02
1.022848635911941528e-01
-1.186463423073291779e-02
-2.291131317615509033e-01
7.388025522232055664e-02
4.608375951647758484e-02
5.153683573007583618e-02
-1.246704384684562683e-01
1.611179113388061523e-01
-9.587322920560836792e-02
-9.427178651094436646e-02
-1.202102527022361755e-01
-6.196795031428337097e-02
-4.894103854894638062e-02
-1.832323372364044189e-01
-3.645045682787895203e-02
-9.168773889541625977e-02
2.108198823407292366e-04
-1.267412155866622925e-01
5.579261109232902527e-02
5.796414241194725037e-02
9.665329754352569580e-02
-4.205235838890075684e-02
-1.175336819142103195e-02
6.799101084470748901e-02
9.490277618169784546e-02
4.573705419898033142e-02
9.008131176233291626e-02
7.986130565404891968e-02
-9.264582395553588867e-02
-9.353422373533248901e-02
-3.102710656821727753e-02
8.498114347457885742e-02
-2.646608054637908936e-01
-3.986818715929985046e-02
-1.158135682344436646e-01
-1.435189694166183472e-01
1.018439158797264099e-01
6.404849886894226074e-02
8.087140321731567383e-02
1.318095531314611435e-02
8.749473094940185547e-02
-7.197705097496509552e-03
-8.900823071599006653e-03
9.795992821455001831e-02
-1.569745503365993500e-02
3.125935420393943787e-02
-3.911692649126052856e-02
-1.131640896201133728e-01
1.341280043125152588e-01
2.535827755928039551e-01
-6.159829720854759216e-02
-1.207865253090858459e-01
4.793642088770866394e-02
-2.472397834062576294e-01
6.429009139537811279e-02
9.079986065626144409e-02
-2.214231900870800018e-02
-9.619533270597457886e-02
5.151193216443061829e-02
2.375499904155731201e-02
-1.042852178215980530e-01
-2.613470889627933502e-02
8.188283443450927734e-02
1.052116379141807556e-01
1.716748476028442383e-01
1.355567276477813721e-01
-1.329563409090042114e-01
-3.008892945945262909e-02
-1.671505570411682129e-01
7.124412804841995239e-03
1.153290048241615295e-01
-5.859756097197532654e-02
-1.161463260650634766e-01
5.850449949502944946e-02
-1.179340481758117676e-01
5.079112201929092407e-02
1.084135547280311584e-01
1.021371129900217056e-02
-1.592473499476909637e-02
-1.038523912429809570e-01
-1.720472425222396851e-01
-9.078012406826019287e-02
-6.638631969690322876e-02
-3.317480208352208138e-03
-3.513859212398529053e-02
6.035651639103889465e-02
1.286680400371551514e-01
-6.580042093992233276e-02
-4.100225120782852173e-02
-7.202718406915664673e-03
-2.720162831246852875e-02
-1.037827283143997192e-01
-1.607870496809482574e-02
8.076597005128860474e-02
2.248074114322662354e-02
-9.063680469989776611e-02
-8.578451722860336304e-02
-2.117944322526454926e-02
-8.530058711767196655e-02
8.772022277116775513e-02
-4.161384329199790955e-02
-9.885042905807495117e-02
-8.660732768476009369e-03
7.699459791183471680e-02
9.446364641189575195e-02
2.230753898620605469e-01
4.637833219021558762e-03
-1.310883015394210815e-01
-5.924977734684944153e-02
1.119791269302368164e-01
-2.166787832975387573e-01
7.784470170736312866e-02
-1.101977284997701645e-02
2.308560535311698914e-02
-8.193373680114746094e-02
1.331435609608888626e-02
-3.669113293290138245e-02
-1.148174181580543518e-01
1.294700205326080322e-01
2.588118426501750946e-02
-1.265988033264875412e-02
1.347165256738662720e-01
-6.954296678304672241e-02
-1.573770307004451752e-02
-9.358917921781539917e-02
-2.180828712880611420e-02
-1.659006327390670776e-01
-8.521347492933273315e-02
1.964749842882156372e-01
4.304533079266548157e-02
7.791974395513534546e-02
-1.997718811035156250e-01
-8.286723867058753967e-03
3.687620162963867188e-02
-5.111337453126907349e-02
2.583490870893001556e-02
-1.172091513872146606e-01
-6.558861583471298218e-02
1.366253942251205444e-01
-1.918825358152389526e-01
-1.030402705073356628e-01
-2.393501251935958862e-01
1.689185798168182373e-01
-7.079287618398666382e-02
3.488672152161598206e-02
8.638349175453186035e-02
1.640905812382698059e-02
-6.075679138302803040e-02
-8.336924761533737183e-02
-5.539492517709732056e-02
-2.904179394245147705e-01
-1.222186069935560226e-02
1.698636412620544434e-01
8.403865247964859009e-02
9.230647981166839600e-02
-2.930142357945442200e-02
1.228793412446975708e-01
4.972834512591362000e-02
-3.231412498280405998e-03
-5.401877686381340027e-02
7.506280392408370972e-02
1.066275462508201599e-01
2.849841117858886719e-02
1.228498220443725586e-01
-1.770360209047794342e-02
3.508862480521202087e-02
1.250687241554260254e-02
-1.772785373032093048e-02
-3.334121033549308777e-02
3.324110805988311768e-02
-1.685597584582865238e-03
-9.881571680307388306e-02
-3.637154120951890945e-03
3.604274243116378784e-02
-8.685252070426940918e-02
1.404650229960680008e-02
-1.143894940614700317e-01
3.278877958655357361e-02
-8.764925412833690643e-03
-2.328365808352828026e-03
-8.802109211683273315e-02
4.201911389827728271e-02
-6.993087381124496460e-02
1.095849275588989258e-01
1.077205687761306763e-01
-1.302678436040878296e-01
2.317486703395843506e-02
1.336080282926559448e-01
1.224489435553550720e-01
1.364677399396896362e-01
8.948574960231781006e-02
1.388111263513565063e-01
3.311402350664138794e-02
1.029050499200820923e-01
-4.917327687144279480e-02
4.497019574046134949e-02
-1.007950212806463242e-02
1.261245366185903549e-02
-8.767784386873245239e-02
8.169491589069366455e-02
6.152991205453872681e-03
-1.831341832876205444e-01
1.617321521043777466e-01
-4.018122330307960510e-02
-1.986142545938491821e-01
3.076787339523434639e-03
6.500776112079620361e-02
