-1.989550702273845673e-02
1.033970043063163757e-01
-1.230607181787490845e-01
9.909236431121826172e-02
1.197641864418983459e-01
-8.451317250728607178e-02
1.025265678763389587e-01
-8.504137396812438965e-02
-1.245306953787803650e-01
1.130507420748472214e-02
-1.372218132019042969e-01
-1.013902388513088226e-02
-9.166126698255538940e-02
7.734137121587991714e-03
-9.475546330213546753e-02
-1.373687237501144409e-01
-1.295339018106460571e-01
-8.429895341396331787e-02
1.794257014989852905e-01
1.916164010763168335e-01
-1.113341599702835083e-01
-2.600505389273166656e-02
6.923700869083404541e-02
-1.659160852432250977e-01
-8.191709965467453003e-02
-7.709901779890060425e-02
1.141471415758132935e-01
1.349751949310302734e-01
-1.814820989966392517e-02
1.144833788275718689e-01
-1.271857973188161850e-02
-4.885254055261611938e-02
4.395586624741554260e-02
-1.353199928998947144e-01
5.885777994990348816e-02
-9.545612148940563202e-03
-1.767996884882450104e-02
1.096645370125770569e-01
-2.353703826665878296e-01
1.077245622873306274e-01
-2.810046635568141937e-02
-7.059559226036071777e-02
-5.788687989115715027e-02
-1.258836239576339722e-01
3.970521688461303711e-02
2.666153945028781891e-02
9.169223904609680176e-02
-1.617610603570938110e-01
4.823902249336242676e-02
-7.176498323678970337e-02
4.356472566723823547e-02
-1.874536834657192230e-02
1.689571887254714966e-01
1.278754323720932007e-02
-8.541812747716903687e-02
-4.168568551540374756e-02
-2.891830913722515106e-02
-6.448688358068466187e-02
4.002253338694572449e-02
-8.283565193414688110e-02
1.722027510404586792e-01
3.925826773047447205e-02
1.659376472234725952e-01
6.825475394725799561e-02
3.289158269762992859e-02
5.664868280291557312e-02
2.260406874120235443e-02
1.057086326181888580e-02
-7.592237740755081177e-02
-1.930342987179756165e-02
-9.159035049378871918e-03
1.631200499832630157e-02
-2.208193205296993256e-02
7.563739269971847534e-02
-6.351399421691894531e-02
6.196718290448188782e-02
3.431682288646697998e-02
-3.926166973542422056e-04
8.707404136657714844e-02
3.530649095773696899e-02
-3.699722513556480408e-02
1.985598057508468628e-01
8.664358407258987427e-03
4.345201328396797180e-02
1.948592253029346466e-02
-1.289056390523910522e-01
1.109003648161888123e-01
8.096337318420410156e-02
1.570917963981628418e-01
-1.811959445476531982e-01
-1.231381446123123169e-01
-1.118209362030029297e-01
7.437419146299362183e-02
4.764799401164054871e-02
4.907064884901046753e-02
6.359139829874038696e-02
-3.487467765808105469e-02
2.010954357683658600e-02
-4.440592229366302490e-02
3.838370367884635925e-02
-2.089017443358898163e-02
-4.534240439534187317e-02
7.827906310558319092e-02
-2.223512381315231323e-01
-1.230905875563621521e-01
9.043554961681365967e-02
-2.312078373506665230e-03
-7.241261750459671021e-02
-1.253927797079086304e-01
-5.497068911790847778e-02
-1.187404990196228027e-01
4.368423670530319214e-02
1.659650914371013641e-02
-6.670901086181402206e-03
-2.115824073553085327e-01
6.369184702634811401e-02
-1.961703449487686157e-01
5.703752115368843079e-02
8.390554040670394897e-02
9.794259071350097656e-02
