-2.543106488883495331e-02
-4.146402701735496521e-02
4.227914288640022278e-02
-1.943128183484077454e-02
2.777613699436187744e-02
-3.950801678001880646e-03
1.905370652675628662e-01
8.680666983127593994e-02
-8.787752687931060791e-02
5.285238102078437805e-02
-1.215410418808460236e-02
1.223866119980812073e-01
1.779774427413940430e-01
-1.053679510951042175e-01
1.549249794334173203e-02
-2.864797133952379227e-04
1.234160661697387695e-01
-1.693183928728103638e-01
1.415577083826065063e-01
-1.567494869232177734e-02
-7.099834084510803223e-02
8.022520691156387329e-02
-7.942778617143630981e-02
1.082701086997985840e-01
6.351090222597122192e-02
1.148553118109703064e-01
-5.379314348101615906e-02
1.224741712212562561e-01
2.174268849194049835e-02
7.678931206464767456e-02
-4.186978936195373535e-02
-8.711861819028854370e-02
9.262552484869956970e-03
4.175286740064620972e-02
5.860947072505950928e-03
-4.360794555395841599e-03
-2.531279996037483215e-02
1.280312389135360718e-01
1.141196638345718384e-01
8.571819216012954712e-02
6.154695898294448853e-02
4.128485545516014099e-02
-1.712517067790031433e-02
3.181218728423118591e-02
-1.988175325095653534e-02
-8.623072504997253418e-02
-9.469616413116455078e-02
6.293758004903793335e-02
-3.211615607142448425e-02
4.783221706748008728e-02
5.244596675038337708e-02
-9.221398271620273590e-03
8.779522031545639038e-02
-8.541450835764408112e-03
-1.495590656995773315e-01
7.036107033491134644e-02
9.744118899106979370e-02
-1.394688338041305542e-01
1.011063680052757263e-01
5.302873998880386353e-02
-2.405943125486373901e-01
1.572226434946060181e-01
4.037167876958847046e-02
-1.802966743707656860e-01
7.781627029180526733e-02
2.358761988580226898e-02
6.569431629031896591e-03
8.453175425529479980e-02
-8.209922164678573608e-02
7.452688366174697876e-02
1.308889687061309814e-01
-5.879886820912361145e-02
-4.005274549126625061e-02
1.617940515279769897e-01
8.901693671941757202e-02
4.966903850436210632e-02
3.253925591707229614e-02
7.887601107358932495e-02
2.980943955481052399e-02
1.159747019410133362e-01
-9.251265786588191986e-03
7.153516262769699097e-02
-3.594179870560765266e-03
5.347316339612007141e-02
-1.860459707677364349e-02
-2.033369429409503937e-02
9.987846016883850098e-03
-6.233989074826240540e-02
-4.505278915166854858e-02
8.926597982645034790e-02
4.919629916548728943e-02
-6.443432066589593887e-03
1.135750394314527512e-02
-1.666948646306991577e-01
1.076835766434669495e-01
7.746338099241256714e-02
-9.548013657331466675e-02
2.408482283353805542e-01
-1.357499212026596069e-01
-3.269134089350700378e-02
-4.467631876468658447e-02
1.239006444811820984e-01
1.965579204261302948e-02
2.271283864974975586e-01
2.077987045049667358e-01
1.390712112188339233e-01
-4.707411676645278931e-02
1.938869357109069824e-01
1.707135140895843506e-01
-6.660117302089929581e-03
-5.479252338409423828e-02
-9.755425900220870972e-02
-6.023507937788963318e-02
-2.145394831895828247e-01
1.174570918083190918e-01
-7.783725857734680176e-02
-3.673310205340385437e-02
-6.732881069183349609e-02
4.814960435032844543e-02
-2.028431557118892670e-02
2.273514680564403534e-02
-2.083894796669483185e-02
-5.428872071206569672e-03
1.044120788574218750e-01
-5.071631073951721191e-02
-2.200048603117465973e-02
-4.242276027798652649e-02
9.519281797111034393e-03
-1.238238364458084106e-01
5.287083610892295837e-02
1.209519803524017334e-03
-2.382425814867019653e-01
-1.255772411823272705e-01
-2.283770591020584106e-01
1.085243821144104004e-01
2.532330714166164398e-02
-2.401331206783652306e-03
8.507351577281951904e-02
2.535668388009071350e-02
1.647678315639495850e-01
5.346344038844108582e-02
-1.708838790655136108e-01
2.121627330780029297e-02
1.152878552675247192e-01
-7.378035690635442734e-03
-1.903817355632781982e-01
-1.196558400988578796e-01
-8.496490865945816040e-02
7.335132360458374023e-02
2.030805647373199463e-01
-2.438106574118137360e-02
5.534515529870986938e-02
3.071296028792858124e-02
1.090340223163366318e-02
1.793874055147171021e-01
-1.513555366545915604e-02
6.252037733793258667e-02
-2.539250552654266357e-01
-7.122834771871566772e-02
-6.395976990461349487e-02
-1.053903624415397644e-01
4.254934191703796387e-02
3.480174764990806580e-02
-7.754250615835189819e-02
1.264619827270507812e-01
2.982660233974456787e-01
6.576734036207199097e-02
-1.291327178478240967e-01
-7.393134385347366333e-02
8.193834871053695679e-02
-4.144619405269622803e-02
9.661273658275604248e-02
-9.185606613755226135e-03
1.387700140476226807e-01
4.751452431082725525e-02
7.633068412542343140e-02
1.436413265764713287e-02
-1.969858855009078979e-01
4.029897972941398621e-02
1.669408529996871948e-01
-3.004457615315914154e-02
7.091387361288070679e-02
3.064255928620696068e-03
-2.971180155873298645e-02
2.652364550158381462e-03
1.290650963783264160e-01
-6.565882265567779541e-02
-4.581689368933439255e-03
-1.537082642316818237e-01
4.959385097026824951e-02
3.374978899955749512e-02
7.914564013481140137e-02
3.098332881927490234e-02
1.719388961791992188e-01
4.983369261026382446e-03
1.470175292342901230e-02
1.556891500949859619e-01
-4.677518457174301147e-02
2.082822620868682861e-01
5.509931966662406921e-02
-1.010019779205322266e-01
1.791774854063987732e-02
-3.372963890433311462e-02
-1.728186309337615967e-01
-1.018760800361633301e-01
1.560209244489669800e-01
-3.666948899626731873e-02
8.229828672483563423e-04
3.015067242085933685e-02
-2.273196727037429810e-02
9.133302420377731323e-02
-4.667415469884872437e-02
1.234570518136024475e-01
1.633797585964202881e-01
8.328727632761001587e-02
-1.176444231532514095e-03
-5.804757028818130493e-02
1.452026050537824631e-02
2.755257301032543182e-02
9.686332941055297852e-02
-9.287369996309280396e-02
-6.606609374284744263e-02
-1.519961506128311157e-01
5.529062822461128235e-02
-1.561183780431747437e-01
-1.839133165776729584e-02
1.482796370983123779e-01
1.988795250654220581e-01
-3.349157515913248062e-03
-2.071663439273834229e-01
3.770513832569122314e-02
3.093733265995979309e-02
-2.174814045429229736e-01
-4.535533487796783447e-02
6.390168517827987671e-02
-6.952620297670364380e-02
-4.981338605284690857e-02
-2.653316035866737366e-02
-4.857205599546432495e-02
1.079046726226806641e-01
7.838565111160278320e-02
5.388522148132324219e-02
-1.355972141027450562e-01
4.677212238311767578e-02
7.135026156902313232e-03
-4.884425923228263855e-02
-1.180369034409523010e-02
6.173000484704971313e-02
-3.752438351511955261e-02
2.339779399335384369e-02
-7.769247144460678101e-02
-9.579040110111236572e-02
1.435794867575168610e-02
-7.561431732028722763e-03
-1.104629319161176682e-02
2.021010033786296844e-02
6.183212623000144958e-03
-4.539244994521141052e-02
-3.442186862230300903e-02
8.419396728277206421e-02
-1.568172127008438110e-02
-8.372370153665542603e-02
-1.012647897005081177e-01
4.019824042916297913e-02
-9.303167462348937988e-02
-3.175035817548632622e-03
7.144421339035034180e-02
-8.613478392362594604e-02
-6.674404442310333252e-02
1.213007494807243347e-01
3.187603130936622620e-02
5.775466188788414001e-02
-5.624246597290039062e-02
-1.041945349425077438e-02
1.150810271501541138e-01
4.101871699094772339e-02
-3.732707723975181580e-02
-5.684091523289680481e-02
-9.188414365053176880e-02
1.114457938820123672e-02
-1.358139663934707642e-01
9.316985309123992920e-02
-1.392508745193481445e-01
6.410742551088333130e-02
-2.467268146574497223e-02
2.794657461345195770e-02
-9.002122169476933777e-06
1.737847775220870972e-01
1.202621459960937500e-01
-6.834916770458221436e-02
-3.049448132514953613e-02
1.377970427274703979e-01
1.687481105327606201e-01
-2.808752655982971191e-02
-1.618163310922682285e-03
-7.124279439449310303e-02
6.621821969747543335e-02
-3.737916648387908936e-01
1.068809777498245239e-01
2.020427286624908447e-01
-3.568346425890922546e-02
7.114449143409729004e-02
5.347227677702903748e-02
-1.126260384917259216e-01
-7.024408876895904541e-02
3.507710993289947510e-02
-5.992836505174636841e-02
-1.063867583870887756e-01
-1.558815091848373413e-01
2.509167790412902832e-01
2.612446062266826630e-02
-2.048538438975811005e-02
3.160637244582176208e-02
-1.471484154462814331e-01
9.669635444879531860e-02
-3.404591605067253113e-02
3.046738542616367340e-02
-4.271963145583868027e-03
-1.545682251453399658e-01
-2.424637041985988617e-02
6.949790567159652710e-02
-2.592253126204013824e-02
-8.848990499973297119e-02
3.748901560902595520e-02
5.058094486594200134e-02
-4.995941650122404099e-03
-1.958748102188110352e-01
6.374844163656234741e-02
-9.868737310171127319e-02
-1.352356076240539551e-01
-4.225227516144514084e-03
-7.946638017892837524e-02
-7.048394531011581421e-02
7.249170541763305664e-02
-1.704753004014492035e-02
-2.171794138848781586e-02
-8.101534098386764526e-03
1.223485078662633896e-02
-4.409172758460044861e-02
1.531874835491180420e-01
8.471879363059997559e-02
-1.697421520948410034e-01
1.214045509696006775e-01
8.637838810682296753e-02
-2.899638190865516663e-02
-8.502011746168136597e-02
1.232006549835205078e-01
1.502351462841033936e-01
8.882264792919158936e-02
-2.479102835059165955e-02
8.835261315107345581e-02
-9.814725071191787720e-02
7.468956708908081055e-02
2.944922819733619690e-02
7.259028404951095581e-02
-1.444246023893356323e-01
-6.811791658401489258e-02
-5.913528613746166229e-03
3.758158534765243530e-02
-7.382329553365707397e-02
1.181784421205520630e-01
1.849598437547683716e-01
-5.638713389635086060e-02
2.802894413471221924e-01
7.659722864627838135e-02
3.076283074915409088e-02
5.863638594746589661e-02
-9.226606041193008423e-02
1.119515486061573029e-02
-7.651610672473907471e-02
7.558151334524154663e-02
6.565766781568527222e-02
3.693526983261108398e-02
-4.352514073252677917e-02
6.796676665544509888e-02
5.457861348986625671e-02
1.579660922288894653e-03
-6.639157980680465698e-02
5.867984518408775330e-02
1.672894135117530823e-02
1.691650748252868652e-01
-4.840366169810295105e-02
8.712464570999145508e-02
7.554402109235525131e-03
5.482925847172737122e-02
2.016140073537826538e-01
-8.387904614210128784e-02
4.106268659234046936e-02
5.691782385110855103e-02
-3.941292688250541687e-02
3.871003910899162292e-02
6.520557403564453125e-02
-2.205464690923690796e-01
9.632405638694763184e-02
-1.853891275823116302e-02
5.276412889361381531e-02
9.446519613265991211e-02
1.372466087341308594e-01
-5.193505436182022095e-02
1.231769844889640808e-01
-9.125737845897674561e-02
-8.397349715232849121e-02
-2.951863408088684082e-02
-9.759639948606491089e-02
6.161662563681602478e-02
7.030858099460601807e-02
1.268838066607713699e-02
2.113244030624628067e-03
-8.684020489454269409e-02
-6.296132504940032959e-02
-3.639773651957511902e-02
-8.513107150793075562e-02
1.817005127668380737e-02
-5.347191914916038513e-02
-4.544840380549430847e-02
4.373569041490554810e-02
8.832731097936630249e-02
2.936825156211853027e-02
-1.206799969077110291e-01
1.653900146484375000e-01
1.073511764407157898e-01
1.212979704141616821e-01
2.105020731687545776e-02
7.844128645956516266e-03
-2.538293898105621338e-01
-4.448906704783439636e-02
-5.950117111206054688e-02
-7.268283516168594360e-02
-1.364225298166275024e-01
-1.266653388738632202e-01
1.747438311576843262e-01
-6.623415648937225342e-02
2.143705263733863831e-02
-8.256822824478149414e-02
-1.766178756952285767e-01
-1.945937722921371460e-01
-6.414167582988739014e-02
8.371969312429428101e-02
1.943347007036209106e-01
-9.974738210439682007e-02
-8.178098127245903015e-03
-1.697248034179210663e-02
4.374131094664335251e-03
-2.108855694532394409e-01
-7.594200968742370605e-02
-1.065808534622192383e-01
-6.694013625383377075e-02
1.017766743898391724e-01
-1.126478612422943115e-02
-1.530147045850753784e-01
