5.515656620264053345e-02
-1.237451061606407166e-01
-1.100464686751365662e-01
8.330126851797103882e-02
-3.738569840788841248e-02
2.153099626302719116e-01
-1.726168692111968994e-01
-1.583015471696853638e-01
6.704816222190856934e-02
-1.842415630817413330e-01
-1.224392205476760864e-01
-1.421736627817153931e-01
1.375745981931686401e-01
-6.514128297567367554e-03
2.996157705783843994e-01
-1.203352957963943481e-01
7.313297688961029053e-02
-2.048947662115097046e-02
-1.986515969038009644e-01
-1.400926113128662109e-01
8.087161928415298462e-03
-1.739113032817840576e-01
-2.687221579253673553e-02
1.404572129249572754e-01
8.574631065130233765e-02
-1.368140578269958496e-01
-1.470028460025787354e-01
-5.802182108163833618e-02
9.669574350118637085e-02
-4.396394267678260803e-02
2.318610996007919312e-01
7.629042863845825195e-02
1.492467373609542847e-01
-1.850884258747100830e-01
-1.671560294926166534e-02
7.665001600980758667e-02
-1.195773482322692871e-01
-4.994301707483828068e-04
-1.582015603780746460e-01
-3.423289454076439142e-04
-9.898267686367034912e-02
2.021281048655509949e-02
4.269199073314666748e-02
-1.137568354606628418e-01
-7.911225408315658569e-02
3.440922126173973083e-02
-4.031495377421379089e-02
-1.072213053703308105e-01
-4.334382340312004089e-02
1.819367706775665283e-01
5.191394686698913574e-02
5.935369059443473816e-02
-3.727322444319725037e-03
-9.386300295591354370e-02
1.206189207732677460e-02
-8.343887329101562500e-02
-3.164468333125114441e-03
-2.318166196346282959e-02
4.999447613954544067e-02
-4.521620925515890121e-03
1.016120314598083496e-01
-3.849161043763160706e-02
-1.188575290143489838e-02
-1.451724618673324585e-01
-1.026929244399070740e-01
1.157470867037773132e-01
-7.977028936147689819e-02
-1.667598336935043335e-01
2.709876298904418945e-01
6.695443391799926758e-02
-7.469210773706436157e-02
1.181375980377197266e-01
1.439258903264999390e-01
-1.585548222064971924e-01
-1.753744930028915405e-01
-1.912383288145065308e-01
-1.982634216547012329e-01
1.249216720461845398e-01
1.844765356509014964e-04
-1.796648055315017700e-01
-6.307034939527511597e-02
2.802291326224803925e-02
7.624822203069925308e-03
3.688352927565574646e-02
-5.831504985690116882e-02
-1.995626091957092285e-01
-7.939576357603073120e-02
1.247619539499282837e-01
1.013223901391029358e-01
-7.088830228894948959e-03
-1.344795376062393188e-01
9.813886880874633789e-02
-3.988726530224084854e-03
-7.848363369703292847e-02
-2.897368744015693665e-02
-1.090940013527870178e-01
-9.352453052997589111e-02
3.256643889471888542e-03
-4.854486510157585144e-02
-2.661704085767269135e-02
-6.794246286153793335e-02
-5.847883294336497784e-04
3.684508427977561951e-02
6.862117350101470947e-02
5.516821052879095078e-03
-3.473473014310002327e-03
-7.217629253864288330e-02
8.162184804677963257e-02
-8.401867002248764038e-02
-1.450603920966386795e-02
-4.433828964829444885e-02
8.881412446498870850e-03
-1.216453686356544495e-01
1.708015054464340210e-01
-4.279519617557525635e-02
1.322624534368515015e-01
2.511388622224330902e-02
7.091925293207168579e-02
-9.187576174736022949e-02
-4.832362011075019836e-02
