6.991552561521530151e-02
1.685410551726818085e-02
-7.814429700374603271e-02
8.993308246135711670e-02
-2.156542427837848663e-02
3.449871763586997986e-02
-5.577867850661277771e-04
7.525628898292779922e-03
-5.735024809837341309e-02
-7.726108282804489136e-02
-3.812165558338165283e-02
4.526079818606376648e-02
-7.059933990240097046e-02
-4.114091861993074417e-03
-2.652613818645477295e-02
-4.837081953883171082e-02
-7.179103791713714600e-02
1.126091834157705307e-02
-5.833396315574645996e-02
-7.659252732992172241e-03
1.419720798730850220e-02
-2.131752073764801025e-01
-1.178080216050148010e-01
1.279467195272445679e-01
2.887112461030483246e-02
9.848246723413467407e-02
6.365194171667098999e-02
-3.326357901096343994e-02
2.514282427728176117e-02
-2.655927836894989014e-01
-2.751597166061401367e-01
-1.584970206022262573e-01
-5.304550286382436752e-03
-1.135973483324050903e-01
2.395752258598804474e-02
-1.440898180007934570e-01
6.206682324409484863e-02
-1.676847338676452637e-01
3.608623147010803223e-02
-3.130332753062248230e-02
1.219131946563720703e-01
-6.963720172643661499e-02
-3.423292655497789383e-03
-1.369165480136871338e-01
-3.360075643286108971e-03
1.639441400766372681e-01
-8.724399656057357788e-02
-3.727405145764350891e-02
1.373018324375152588e-01
1.076910495758056641e-01
1.461006999015808105e-01
1.794418841600418091e-01
-2.877794019877910614e-02
8.730287104845046997e-02
6.667695194482803345e-02
9.698945283889770508e-02
1.600589603185653687e-01
-6.978734582662582397e-02
4.186951369047164917e-02
-2.783454954624176025e-02
1.737526506185531616e-01
-1.671705543994903564e-01
-6.906349956989288330e-02
2.395222708582878113e-02
-9.245057404041290283e-02
-4.456798359751701355e-02
2.771075442433357239e-02
-1.190925016999244690e-01
-2.882015705108642578e-02
-1.263726223260164261e-02
7.036194950342178345e-02
3.992722835391759872e-03
-1.403736472129821777e-01
1.132510975003242493e-02
4.726070910692214966e-02
8.150051347911357880e-03
-1.850637346506118774e-01
-6.309594959020614624e-03
1.113054379820823669e-01
1.109063252806663513e-01
-6.678985804319381714e-02
3.264226764440536499e-02
3.868761705234646797e-03
2.404419630765914917e-01
-1.032250523567199707e-01
-2.298546135425567627e-01
3.760097548365592957e-02
-4.582937806844711304e-02
-9.385424107313156128e-02
-8.036268502473831177e-02
5.364012345671653748e-02
-1.591440290212631226e-01
-8.894134312868118286e-02
-1.421642582863569260e-02
7.437802851200103760e-02
-1.582454890012741089e-01
7.387114223092794418e-03
-2.153371460735797882e-02
7.998575270175933838e-02
-5.907334014773368835e-02
3.454473568126559258e-03
6.206252798438072205e-02
1.641835272312164307e-01
-9.019734337925910950e-03
3.475505486130714417e-02
-3.041371703147888184e-02
9.245718270540237427e-02
3.396874293684959412e-03
-1.567374318838119507e-01
1.207221746444702148e-01
2.384643554687500000e-01
7.793492078781127930e-02
-4.131407663226127625e-02
-1.060158163309097290e-01
6.514239590615034103e-03
9.565947204828262329e-02
1.315050870180130005e-01
-2.502374909818172455e-02
-5.454129725694656372e-02
5.037380382418632507e-02
-4.232622310519218445e-02
6.143415346741676331e-03
1.178703308105468750e-01
1.421277374029159546e-01
-1.365849971771240234e-01
2.031564526259899139e-02
9.284541010856628418e-02
1.727964133024215698e-01
-9.322377853095531464e-03
-3.047129809856414795e-01
-1.121820136904716492e-01
-7.016816735267639160e-02
1.206339970231056213e-01
1.367875784635543823e-01
4.513160511851310730e-02
1.249353066086769104e-01
-1.062784120440483093e-01
-2.818437479436397552e-02
1.209055930376052856e-01
-5.198439117521047592e-03
1.242508664727210999e-01
-1.782479137182235718e-01
1.184590607881546021e-01
9.118017554283142090e-02
-7.286424189805984497e-02
-1.411384493112564087e-01
9.841012209653854370e-02
1.107641458511352539e-01
-1.607515960931777954e-01
-9.531726688146591187e-02
6.657463312149047852e-02
-3.638379275798797607e-02
-1.294057667255401611e-01
1.420011967420578003e-01
-1.180222183465957642e-01
-1.499213185161352158e-02
5.948244407773017883e-02
-1.579155586659908295e-02
-1.227619573473930359e-01
1.631589531898498535e-01
-5.342284590005874634e-02
-1.419595479965209961e-01
-9.536181390285491943e-02
-5.532855913043022156e-02
-1.267136353999376297e-02
-4.393997136503458023e-03
7.641801983118057251e-02
-1.455436646938323975e-02
-1.347183287143707275e-01
-2.383219301700592041e-01
-3.277320787310600281e-02
-8.275727927684783936e-02
1.068436726927757263e-01
-3.604006394743919373e-02
-2.345519699156284332e-02
2.131452113389968872e-01
1.031986847519874573e-01
1.425214810296893120e-03
-1.262668240815401077e-02
1.398206800222396851e-01
5.632640793919563293e-02
3.356193425133824348e-03
-8.488475531339645386e-02
-4.536752030253410339e-02
-1.370773371309041977e-02
-1.194543298333883286e-02
7.998558878898620605e-02
-5.656043440103530884e-02
4.582747444510459900e-02
3.550403192639350891e-02
-3.592431172728538513e-02
3.981250897049903870e-02
2.009551376104354858e-01
1.226124912500381470e-01
1.020073294639587402e-01
-9.366260468959808350e-02
1.021856293082237244e-01
-1.822098791599273682e-01
8.420201390981674194e-02
-9.287522733211517334e-02
1.776704490184783936e-01
-8.392916992306709290e-03
-1.101374775171279907e-01
9.265011548995971680e-02
6.490071117877960205e-02
1.626964472234249115e-02
-1.420373748987913132e-02
1.138392686843872070e-01
3.088333643972873688e-02
-9.843799285590648651e-03
-6.898166984319686890e-02
-8.029314875602722168e-02
-1.119148656725883484e-01
-1.414953023195266724e-01
-6.312771886587142944e-02
6.892850995063781738e-02
-1.147023215889930725e-01
-8.800473064184188843e-02
-6.813324987888336182e-02
-6.870825588703155518e-02
-2.775281900539994240e-03
1.581039577722549438e-01
-4.576557502150535583e-02
-1.229002252221107483e-01
5.438954383134841919e-02
-3.944287449121475220e-02
1.886125840246677399e-02
-1.013542786240577698e-01
1.032977700233459473e-01
-9.277699887752532959e-02
1.096433401107788086e-01
1.882000826299190521e-02
-4.572881385684013367e-02
6.032999977469444275e-02
2.768570184707641602e-02
7.498677819967269897e-02
8.261402696371078491e-02
6.158494856208562851e-03
-3.327673673629760742e-02
6.651072204113006592e-02
2.865972556173801422e-02
-8.780625462532043457e-02
-1.677024513483047485e-01
2.138585895299911499e-01
-8.552476018667221069e-02
8.764199912548065186e-02
-1.937562823295593262e-01
-4.484494682401418686e-03
8.112668246030807495e-02
5.394120141863822937e-02
-1.257927268743515015e-01
-1.421233862638473511e-01
-2.514986507594585419e-02
-9.779360145330429077e-02
8.185682445764541626e-02
8.666743524372577667e-04
-7.115265727043151855e-02
-1.163788959383964539e-01
-2.088181823492050171e-01
5.690891295671463013e-02
1.488646715879440308e-01
-8.948450535535812378e-02
2.491545528173446655e-01
9.532741270959377289e-03
3.510974347591400146e-02
1.246153712272644043e-01
-2.355234883725643158e-02
1.507473438978195190e-01
5.693956092000007629e-02
-1.020771786570549011e-01
6.567410379648208618e-02
1.893253177404403687e-01
-8.601955324411392212e-02
-4.352250695228576660e-02
1.553608030080795288e-01
8.373607695102691650e-02
-1.116259321570396423e-01
-8.215245604515075684e-02
1.203757897019386292e-01
-1.456052511930465698e-01
3.883463516831398010e-02
1.311742421239614487e-02
-5.151483230292797089e-03
8.655794709920883179e-02
-1.269187331199645996e-01
-7.442771643400192261e-02
1.506999880075454712e-02
-1.569643765687942505e-01
3.691029548645019531e-02
-3.687370941042900085e-02
-8.436270058155059814e-02
5.285098031163215637e-02
4.707504063844680786e-02
-6.366458535194396973e-02
-1.756295412778854370e-01
-4.192701354622840881e-02
-3.472226485610008240e-02
9.381357580423355103e-02
9.727014601230621338e-02
2.082706689834594727e-01
2.038467377424240112e-01
-2.067825756967067719e-02
-2.765733003616333008e-02
-3.043636120855808258e-02
7.681424170732498169e-02
-1.167914524558000267e-04
-4.238168150186538696e-02
-1.167072057723999023e-01
2.316197156906127930e-01
7.108011096715927124e-02
2.374757453799247742e-02
5.435159802436828613e-02
1.972088962793350220e-02
-1.375362426042556763e-01
-3.056640736758708954e-02
-8.352250792086124420e-03
-1.037818379700183868e-02
8.199276030063629150e-02
-1.392536312341690063e-01
4.156359285116195679e-02
9.765606373548507690e-02
-1.157228723168373108e-01
1.423904150724411011e-01
2.252649515867233276e-01
-4.991945251822471619e-02
-1.402679085731506348e-01
-9.927985072135925293e-02
6.115801259875297546e-02
-3.413559496402740479e-02
3.234561532735824585e-02
-5.938990786671638489e-02
2.221462577581405640e-01
-1.412222385406494141e-01
-8.604824542999267578e-03
1.508247256278991699e-01
-4.264264553785324097e-02
6.754565984010696411e-02
2.817216888070106506e-02
-1.022844668477773666e-02
5.890602990984916687e-02
3.528100997209548950e-02
-9.313067048788070679e-02
-6.356975529342889786e-03
-5.051175877451896667e-02
6.136840675026178360e-03
-8.016532659530639648e-02
-1.733218878507614136e-02
2.014479488134384155e-01
6.244341284036636353e-02
-9.022589772939682007e-02
1.463708132505416870e-01
2.237502299249172211e-02
3.065995313227176666e-02
1.158093214035034180e-01
1.515609305351972580e-02
-1.735680364072322845e-02
6.410603970289230347e-02
1.202826499938964844e-01
-7.453875988721847534e-02
2.174791097640991211e-01
-9.235205501317977905e-02
1.355743687599897385e-02
-2.101056836545467377e-02
-1.108403429388999939e-01
1.937420368194580078e-01
9.557866305112838745e-02
-4.574576020240783691e-02
-1.652918905019760132e-01
8.922829478979110718e-02
3.395162522792816162e-02
1.152118947356939316e-02
-5.138668417930603027e-02
3.514636680483818054e-02
-3.554581850767135620e-02
2.591480612754821777e-01
1.336483359336853027e-01
-8.063562959432601929e-02
2.479465119540691376e-02
-2.815628945827484131e-01
-1.110901385545730591e-01
-6.316240876913070679e-02
6.410375237464904785e-02
-8.826694637537002563e-02
2.967381291091442108e-02
-2.821863070130348206e-02
2.007672563195228577e-02
-5.067821592092514038e-03
-4.311061277985572815e-02
6.789615750312805176e-02
1.642273925244808197e-02
-6.999429315328598022e-02
-1.521378606557846069e-01
-1.609163433313369751e-01
-1.967256702482700348e-02
4.375120624899864197e-02
4.721256904304027557e-03
-1.199413090944290161e-01
1.485873609781265259e-01
2.356008626520633698e-02
-1.650743186473846436e-01
-1.176727190613746643e-01
8.148830384016036987e-02
9.959547966718673706e-02
-7.533019036054611206e-02
-4.476114362478256226e-02
1.489291191101074219e-01
-5.944812297821044922e-02
-3.530243411660194397e-02
1.640605367720127106e-02
2.841364406049251556e-02
-1.359112281352281570e-02
-1.312290318310260773e-02
-1.957429945468902588e-01
3.305338323116302490e-02
-4.512484651058912277e-03
-1.141094341874122620e-01
1.534234136343002319e-01
-3.761235997080802917e-02
1.164939552545547485e-01
1.747521013021469116e-01
2.393307536840438843e-01
1.415607035160064697e-01
8.894869685173034668e-02
-1.634909510612487793e-01
-1.133152395486831665e-01
-8.471340686082839966e-02
4.698720201849937439e-02
-3.247332572937011719e-02
-9.542983025312423706e-02
1.049396675080060959e-02
-8.689873851835727692e-03
1.104727610945701599e-01
1.900628209114074707e-01
-1.420493125915527344e-01
-8.003049343824386597e-02
-1.231729015707969666e-01
1.352872550487518311e-01
1.557695772498846054e-02
1.489058881998062134e-01
-1.302734166383743286e-01
-8.964542299509048462e-02
1.007435470819473267e-01
-7.953971624374389648e-02
-7.119990140199661255e-02
-9.777525812387466431e-02
-7.825161516666412354e-02
5.401873588562011719e-02
1.223587542772293091e-01
-1.538701634854078293e-02
1.104683429002761841e-01
