-9.615363925695419312e-02
-1.288407891988754272e-01
-9.325405210256576538e-02
1.293102502822875977e-01
-2.749556116759777069e-02
-5.831994488835334778e-02
5.394373461604118347e-02
-3.025362454354763031e-02
8.249389380216598511e-02
-3.197959437966346741e-02
-1.402935683727264404e-01
-8.157037198543548584e-02
-2.032624781131744385e-01
-2.413564734160900116e-02
-1.536308974027633667e-01
-2.620579209178686142e-03
3.750946745276451111e-02
2.070565968751907349e-01
-2.134032994508743286e-01
1.506396681070327759e-01
7.309566438198089600e-02
-1.626849770545959473e-01
1.655597537755966187e-01
-2.979860268533229828e-02
-3.571921586990356445e-02
-8.836872130632400513e-02
7.368941605091094971e-02
-3.296520933508872986e-02
-1.300163418054580688e-01
-5.635603889822959900e-02
-8.207201957702636719e-02
-2.244572639465332031e-01
-6.110730394721031189e-02
-2.151375561952590942e-01
-3.260087221860885620e-02
8.154108375310897827e-02
-9.527467936277389526e-02
-3.801185404881834984e-03
9.839512407779693604e-02
3.009145520627498627e-02
6.874016672372817993e-02
1.499618291854858398e-01
-1.395766437053680420e-01
5.272612720727920532e-02
2.792283706367015839e-02
-2.919954620301723480e-02
-3.074202500283718109e-02
1.392299681901931763e-01
8.057024329900741577e-02
1.144063379615545273e-02
1.042912006378173828e-01
7.156352978199720383e-03
1.509650200605392456e-01
1.062400490045547485e-01
-5.851483345031738281e-02
1.164539158344268799e-02
3.641780465841293335e-02
1.238750368356704712e-01
-2.859864616766571999e-03
3.795078489929437637e-03
-7.318911701440811157e-02
5.998590216040611267e-02
7.782157510519027710e-02
-1.601191014051437378e-01
-4.072606191039085388e-02
-1.450729649513959885e-02
-3.158084675669670105e-02
4.292397201061248779e-02
1.293456256389617920e-01
1.585229039192199707e-01
6.824654992669820786e-03
-6.503261625766754150e-02
-1.741488426923751831e-01
3.956964239478111267e-02
1.642224043607711792e-01
-2.350213006138801575e-02
-5.054353550076484680e-02
3.712884336709976196e-02
1.594390124082565308e-01
-3.541919216513633728e-02
1.357326507568359375e-01
-1.260539591312408447e-01
-3.641486540436744690e-02
-1.738114468753337860e-02
-9.992396086454391479e-02
8.909620344638824463e-02
4.276862740516662598e-02
-1.078858375549316406e-01
-1.282185222953557968e-02
2.060855738818645477e-02
-1.168171688914299011e-01
-3.509729728102684021e-02
-9.701453894376754761e-02
1.253969967365264893e-01
1.344145685434341431e-01
4.535265266895294189e-03
4.232763871550559998e-02
3.996980562806129456e-02
-4.027825221419334412e-02
1.107691749930381775e-01
-7.986237294971942902e-03
-5.521583184599876404e-02
-1.971048563718795776e-01
8.458939194679260254e-02
-4.917381331324577332e-02
2.061392366886138916e-01
-1.004925966262817383e-01
6.603404134511947632e-02
4.950173571705818176e-02
2.950649335980415344e-02
3.700988367199897766e-02
1.435832232236862183e-01
-1.541236042976379395e-01
3.406410664319992065e-02
1.024219673126935959e-02
5.582595989108085632e-02
7.536661624908447266e-02
6.430345773696899414e-02
7.986550778150558472e-02
-1.566484197974205017e-02
1.710759103298187256e-01
4.293073713779449463e-02
1.105211861431598663e-02
5.545593425631523132e-02
3.966141864657402039e-02
6.664257496595382690e-02
6.391494721174240112e-02
-5.476483330130577087e-02
9.434828162193298340e-02
-1.833976805210113525e-01
3.462917730212211609e-02
-1.978436112403869629e-01
4.939229041337966919e-02
6.304050330072641373e-03
9.745080769062042236e-02
-6.933085620403289795e-02
1.527350991964340210e-01
-1.322410404682159424e-01
-1.282065827399492264e-02
2.162575721740722656e-01
-2.833122154697775841e-03
8.576827123761177063e-03
1.170848235487937927e-01
-8.590688556432723999e-02
7.012146711349487305e-02
-1.442394256591796875e-01
1.740396469831466675e-01
1.953008621931076050e-01
1.536173820495605469e-01
3.421394899487495422e-02
-4.296102374792098999e-02
1.155423745512962341e-01
-1.541092246770858765e-01
-1.161302328109741211e-01
1.626288741827011108e-01
-9.548810124397277832e-02
3.100803494453430176e-02
-5.542164668440818787e-02
1.157625205814838409e-02
1.539738941937685013e-02
-3.696111962199211121e-02
-1.628690212965011597e-02
1.375231295824050903e-01
3.364926576614379883e-02
2.759267091751098633e-01
-9.952991455793380737e-02
2.818963229656219482e-01
1.625625044107437134e-01
-3.637620061635971069e-02
-8.441713452339172363e-02
-2.356866747140884399e-02
6.930799037218093872e-02
9.742408245801925659e-02
6.972149945795536041e-03
-1.696528680622577667e-02
-9.531368315219879150e-02
-1.083820089697837830e-01
-7.427358627319335938e-02
-1.271459311246871948e-01
-4.996652901172637939e-02
-6.274535506963729858e-02
1.576006226241588593e-02
9.069456905126571655e-02
1.592028886079788208e-01
1.774017065763473511e-01
-1.009874627925455570e-03
1.340933609753847122e-02
-7.899873889982700348e-03
1.739548891782760620e-01
9.077521041035652161e-03
4.496035631746053696e-03
2.614546334370970726e-03
8.606849610805511475e-02
1.333045363426208496e-01
-1.060525104403495789e-01
-4.838319122791290283e-02
-7.003664225339889526e-02
-8.456026762723922729e-02
-6.475182622671127319e-02
6.187384948134422302e-02
1.122765094041824341e-01
-1.144806295633316040e-01
4.379124566912651062e-02
-4.755402356386184692e-02
-9.682870469987392426e-03
1.263679713010787964e-01
1.351352483034133911e-01
-2.612660406157374382e-03
-1.312394589185714722e-01
5.797094851732254028e-02
3.502686694264411926e-02
1.733307689428329468e-01
-1.876182258129119873e-01
1.690164767205715179e-02
5.155771505087614059e-03
-5.387979745864868164e-02
4.213425144553184509e-02
-1.338359862565994263e-01
-1.155289560556411743e-01
8.451813459396362305e-02
-6.931792199611663818e-02
-9.314584732055664062e-02
-5.637795850634574890e-02
1.695535331964492798e-02
-8.868322521448135376e-02
-7.351096719503402710e-02
-4.688106104731559753e-02
-6.323980540037155151e-02
4.515435174107551575e-02
1.039536371827125549e-01
-2.970339171588420868e-02
4.708073660731315613e-02
-1.165948882699012756e-01
-3.566070646047592163e-02
-3.065231814980506897e-02
5.888571962714195251e-02
1.519903540611267090e-01
-1.517259925603866577e-01
6.020082160830497742e-02
2.460261434316635132e-02
1.299581527709960938e-01
-8.954149484634399414e-02
-3.350399434566497803e-02
-1.559536159038543701e-01
-1.707725375890731812e-01
-2.860883250832557678e-02
2.985879182815551758e-01
-1.075714360922574997e-02
-1.555072218179702759e-01
2.427700674161314964e-03
-1.632475703954696655e-01
1.284959167242050171e-01
-1.193788051605224609e-01
-1.047340407967567444e-01
-6.107760220766067505e-02
1.320234835147857666e-01
-1.346293091773986816e-01
-1.404792219400405884e-01
-1.036918386816978455e-01
3.108134865760803223e-02
1.558066457509994507e-01
-1.321596950292587280e-01
-9.831275790929794312e-02
-1.692905649542808533e-02
9.602575004100799561e-02
-4.381364211440086365e-02
-6.872856058180332184e-03
-1.430462300777435303e-01
4.401999339461326599e-02
1.246923673897981644e-02
-1.203044652938842773e-01
-2.136347582563757896e-03
-9.136163443326950073e-02
1.274634301662445068e-01
-2.134900353848934174e-02
-2.796686254441738129e-02
-3.566443920135498047e-02
-7.066582888364791870e-02
-1.538258939981460571e-01
3.828097879886627197e-02
-2.403014712035655975e-02
7.387556880712509155e-02
1.057778522372245789e-01
1.403619945049285889e-01
2.649743296205997467e-02
-1.145107373595237732e-01
1.058069244027137756e-01
-4.066791385412216187e-02
1.348867565393447876e-01
-2.778088860213756561e-02
1.249638721346855164e-01
2.387690730392932892e-02
-1.844367831945419312e-01
7.731271535158157349e-02
1.220169439911842346e-01
3.966640215367078781e-03
1.362885832786560059e-01
2.058002501726150513e-01
-6.354172527790069580e-02
6.944056134670972824e-03
-7.321967929601669312e-02
-1.004549115896224976e-02
-1.079847216606140137e-01
3.796262294054031372e-02
-1.584206074476242065e-01
-1.099868770688772202e-02
1.023436561226844788e-01
5.945894867181777954e-03
5.181592330336570740e-02
-1.148283481597900391e-01
1.509767621755599976e-01
2.714513242244720459e-02
-7.782325893640518188e-02
-1.328921318054199219e-01
-9.387009590864181519e-02
-1.171492598950862885e-02
-7.689540274441242218e-03
1.696954481303691864e-02
1.572743505239486694e-01
-1.310478001832962036e-01
-4.858297761529684067e-04
3.009071759879589081e-02
1.778015941381454468e-01
1.573850959539413452e-01
-1.867709010839462280e-01
3.110479190945625305e-02
1.029960736632347107e-01
4.193481057882308960e-02
-3.649010090157389641e-03
-1.636574566364288330e-01
-2.166346274316310883e-02
6.534021347761154175e-02
-2.103563770651817322e-02
6.829815357923507690e-02
4.413159936666488647e-02
9.262790530920028687e-02
-1.856973022222518921e-01
-4.511399660259485245e-03
1.250350028276443481e-01
-5.909760668873786926e-02
8.876179903745651245e-02
5.327553953975439072e-03
-8.543872088193893433e-02
1.686334162950515747e-01
8.868452161550521851e-03
6.141824182122945786e-03
1.083122715353965759e-01
8.105512708425521851e-02
-5.703318864107131958e-02
-3.051477484405040741e-02
-2.931839087978005409e-03
-1.500794142484664917e-01
3.448527073487639427e-03
-1.585315540432929993e-02
-7.938556373119354248e-02
1.473262161016464233e-02
-3.675235435366630554e-02
3.284601494669914246e-02
-1.376420706510543823e-01
-1.742678321897983551e-02
1.856263577938079834e-01
2.891035936772823334e-02
-1.502434909343719482e-01
-5.573172494769096375e-02
1.120788604021072388e-01
-4.718667641282081604e-02
-2.042233012616634369e-02
7.151728123426437378e-02
-1.321136802434921265e-01
-1.006579375825822353e-03
-1.042366847395896912e-01
-1.538555230945348740e-02
9.052389115095138550e-02
-7.057747989892959595e-02
-7.305943965911865234e-02
7.881969958543777466e-02
2.268884479999542236e-01
4.709613043814897537e-03
1.744017750024795532e-02
4.158629477024078369e-02
-2.414737939834594727e-01
1.971767656505107880e-02
8.679793030023574829e-02
1.791608035564422607e-01
-1.125282328575849533e-02
-8.907584100961685181e-02
-2.873211912810802460e-02
5.595405772328376770e-02
1.686733812093734741e-01
-1.136857271194458008e-01
-1.313135325908660889e-01
-1.548351068049669266e-02
-5.619272124022245407e-03
-6.482103466987609863e-02
-6.260461360216140747e-02
-2.077693939208984375e-01
-2.517518959939479828e-02
1.013575792312622070e-01
-2.208109013736248016e-02
6.026111170649528503e-02
-3.505875915288925171e-02
2.357262223958969116e-01
8.681919425725936890e-02
1.680766046047210693e-01
-5.673402547836303711e-02
-9.392664581537246704e-02
-6.915853917598724365e-02
1.581403426826000214e-02
-1.253831535577774048e-01
5.532551929354667664e-02
1.637326925992965698e-02
8.010197430849075317e-02
1.785184144973754883e-01
3.469552844762802124e-02
-1.343244910240173340e-01
-2.189516555517911911e-03
1.627111434936523438e-01
-8.542904257774353027e-02
1.459719240665435791e-01
-9.933310002088546753e-02
-5.709900334477424622e-02
3.504515066742897034e-02
-7.573964446783065796e-02
-8.652529120445251465e-02
1.578220538794994354e-02
1.099050790071487427e-01
6.274961680173873901e-02
2.856507338583469391e-02
-7.517863810062408447e-02
5.380031093955039978e-02
2.708821929991245270e-02
-2.206933945417404175e-01
9.269332140684127808e-02
-1.023188829421997070e-01
1.272223331034183502e-02
9.229364246129989624e-02
6.603710353374481201e-02
-8.538421243429183960e-03
-1.385421026498079300e-02
2.414610683917999268e-01
4.292439296841621399e-02
1.669423878192901611e-01
-7.668571919202804565e-02
3.753850236535072327e-03
4.600292071700096130e-02
2.441974915564060211e-02
-1.421932280063629150e-01
9.515130892395973206e-03
1.146230250597000122e-01
-1.287079751491546631e-01
