-3.848878666758537292e-02
1.022149249911308289e-01
-3.332680836319923401e-02
-8.745648711919784546e-02
-2.291092835366725922e-02
-2.743252553045749664e-02
-9.804564714431762695e-02
2.332572825253009796e-02
1.361669450998306274e-01
-2.120606452226638794e-01
7.007978856563568115e-02
-1.909677237272262573e-01
6.419146060943603516e-02
4.227100312709808350e-02
6.085657700896263123e-02
-2.040305435657501221e-01
-9.311760775744915009e-03
-2.027993788942694664e-03
1.952143758535385132e-01
9.671588987112045288e-02
2.005221322178840637e-02
1.047470197081565857e-01
-7.291800528764724731e-02
4.653274267911911011e-02
7.057275623083114624e-02
-4.411396756768226624e-02
-7.287183403968811035e-02
7.825240492820739746e-02
-5.252149328589439392e-02
-9.409365803003311157e-02
5.261031538248062134e-02
-6.365781277418136597e-02
3.073073923587799072e-02
3.457102924585342407e-03
2.252992987632751465e-02
3.042979352176189423e-02
1.421600729227066040e-01
2.313282340764999390e-02
-1.399928629398345947e-01
9.229605644941329956e-02
1.622727364301681519e-01
-4.410057514905929565e-02
9.845559298992156982e-02
-4.902282357215881348e-02
3.006136231124401093e-02
1.475308388471603394e-01
6.821047514677047729e-02
-9.865956008434295654e-02
1.671843528747558594e-01
-7.757382094860076904e-02
1.967733725905418396e-02
5.534473061561584473e-02
-3.977319225668907166e-02
-2.117552794516086578e-02
7.609149813652038574e-02
-9.940842166543006897e-03
-3.063703887164592743e-02
-1.509576588869094849e-01
6.408032029867172241e-02
-1.708541661500930786e-01
-4.003256931900978088e-02
-2.206647843122482300e-01
-3.538183122873306274e-02
4.635987803339958191e-02
-3.520378097891807556e-02
-2.228936254978179932e-01
1.099714636802673340e-01
4.388683009892702103e-04
-2.754945866763591766e-02
2.583697997033596039e-02
-1.016386523842811584e-01
1.324125826358795166e-01
-9.920834749937057495e-02
-1.309848576784133911e-01
3.587704524397850037e-02
3.712656721472740173e-02
-5.536671355366706848e-02
-1.866371631622314453e-01
-6.482929736375808716e-02
1.020223051309585571e-01
2.673726715147495270e-02
1.042713671922683716e-01
-1.668293401598930359e-02
1.293630599975585938e-01
-8.048883080482482910e-02
-3.719200193881988525e-02
6.640676409006118774e-02
-6.140477582812309265e-02
5.439053103327751160e-02
2.582109570503234863e-01
-1.152904555201530457e-01
2.086570486426353455e-02
9.943985193967819214e-02
1.313481628894805908e-01
6.674417760223150253e-03
2.878071367740631104e-02
9.067659825086593628e-02
4.585646837949752808e-02
-5.708762444555759430e-03
1.143640875816345215e-01
2.941395901143550873e-02
7.587599009275436401e-02
-3.199920803308486938e-02
7.194527238607406616e-02
4.789669066667556763e-03
-1.530446708202362061e-01
-4.472380504012107849e-02
2.218566648662090302e-02
-1.023026835173368454e-02
-1.984021812677383423e-02
-1.864414662122726440e-03
-7.263062894344329834e-02
-1.022389973513782024e-03
2.371837757527828217e-02
3.217440471053123474e-02
-1.092082858085632324e-01
-1.173925027251243591e-01
-1.080878078937530518e-02
1.332568824291229248e-01
-7.294701784849166870e-02
3.955550119280815125e-02
2.229541093111038208e-01
-1.129667535424232483e-01
2.641314826905727386e-02
-1.484718453139066696e-02
-4.433253780007362366e-02
9.906516410410404205e-03
3.093780949711799622e-02
-1.612373739480972290e-01
-6.386768072843551636e-02
-2.678307890892028809e-02
1.928158849477767944e-01
2.091165818274021149e-02
-1.219549924135208130e-01
1.958790048956871033e-02
3.615692630410194397e-02
4.573046788573265076e-02
6.745440512895584106e-02
1.153590679168701172e-01
6.658476591110229492e-02
-2.047872915863990784e-02
-1.954491809010505676e-02
1.143327876925468445e-01
3.354376181960105896e-02
4.511358588933944702e-02
-1.418663710355758667e-01
4.169686138629913330e-02
-3.125260397791862488e-02
6.577079743146896362e-02
-1.094794422388076782e-01
1.084243208169937134e-01
-6.763307005167007446e-02
-1.794553943909704685e-03
-4.345795139670372009e-02
1.456240117549896240e-01
-1.165386848151683807e-02
-2.640517614781856537e-02
5.001513287425041199e-02
-2.272265218198299408e-02
-5.279659852385520935e-02
6.196313723921775818e-02
-1.545473784208297729e-01
8.391299098730087280e-02
-1.474855691194534302e-01
-2.448535151779651642e-02
5.821910127997398376e-02
1.119658127427101135e-01
2.721126079559326172e-01
3.488195315003395081e-02
-1.153833977878093719e-02
-4.212563112378120422e-02
-2.514002099633216858e-02
-8.768769353628158569e-02
1.214938387274742126e-01
-3.288781270384788513e-02
9.709983319044113159e-02
-3.050748258829116821e-03
6.958344578742980957e-02
-1.434125006198883057e-01
-7.890939596109092236e-04
-1.580050587654113770e-01
2.005484700202941895e-02
-5.457898601889610291e-03
-1.906511634588241577e-01
1.954391002655029297e-01
-1.889169216156005859e-01
-8.347488939762115479e-02
1.253679841756820679e-01
7.411589613184332848e-04
-1.436425652354955673e-02
-3.742722561582922935e-03
2.802829258143901825e-02
6.783554702997207642e-02
-2.198474854230880737e-01
4.823290184140205383e-02
-8.262567967176437378e-02
4.452273994684219360e-02
1.104581877589225769e-01
-8.553595282137393951e-03
1.873281747102737427e-01
-1.026115790009498596e-01
-2.333504706621170044e-02
-9.742172807455062866e-02
1.365887373685836792e-02
1.623679846525192261e-01
2.119768224656581879e-02
-1.137186884880065918e-01
-1.559684332460165024e-02
7.357343286275863647e-02
-8.526131510734558105e-03
1.744990944862365723e-01
1.449581235647201538e-02
5.549808219075202942e-02
8.834317326545715332e-02
3.294369578361511230e-02
4.148008674383163452e-02
1.560370624065399170e-02
-1.844161376357078552e-02
-1.672755740582942963e-02
-2.968485467135906219e-02
2.630036883056163788e-02
1.800539940595626831e-01
-4.626214876770973206e-02
2.353983968496322632e-01
6.927739828824996948e-02
-1.959519647061824799e-02
8.897348493337631226e-02
1.135875731706619263e-01
-4.000594839453697205e-02
-6.127905473113059998e-02
-3.837558627128601074e-02
1.464961022138595581e-01
-1.460072249174118042e-01
-1.085815206170082092e-01
-2.106673829257488251e-02
2.382259815931320190e-01
1.752020269632339478e-01
-8.052961528301239014e-02
-2.743107452988624573e-02
-3.205987438559532166e-02
2.798869088292121887e-02
-3.031551651656627655e-02
-8.021964691579341888e-03
-3.793765231966972351e-02
-8.340530842542648315e-02
2.256081104278564453e-01
-7.096682488918304443e-02
-1.266143321990966797e-01
-1.167356520891189575e-01
-1.509657353162765503e-01
1.458060592412948608e-01
6.547652930021286011e-02
-1.470419466495513916e-01
8.858248591423034668e-02
-2.797118201851844788e-02
9.842745028436183929e-03
6.678988039493560791e-02
-1.354245394468307495e-01
1.532698571681976318e-01
3.478620899841189384e-03
1.452436000108718872e-01
1.236474141478538513e-01
2.217751741409301758e-01
5.500996857881546021e-02
1.234761103987693787e-01
-7.334955781698226929e-02
1.777006126940250397e-02
4.295255523175001144e-03
1.273997873067855835e-01
5.802044272422790527e-02
-2.876393310725688934e-02
-5.341204628348350525e-02
2.452840842306613922e-02
1.518977899104356766e-02
1.641142219305038452e-01
-8.622201532125473022e-02
-1.563483923673629761e-01
-5.046898126602172852e-02
-8.594653755426406860e-02
8.844166249036788940e-02
-4.706367850303649902e-02
-7.755627483129501343e-02
4.232701286673545837e-02
7.925594598054885864e-02
-2.733617462217807770e-02
-3.242367506027221680e-02
1.593099981546401978e-01
1.222384497523307800e-01
-1.657642573118209839e-01
4.365522786974906921e-02
1.722215712070465088e-01
-2.660149335861206055e-02
5.190327391028404236e-02
-4.361449275165796280e-03
-3.267366588115692139e-01
1.178792938590049744e-01
1.015110164880752563e-01
1.993582211434841156e-02
3.110510110855102539e-02
6.605515629053115845e-02
-9.658662229776382446e-02
1.201907768845558167e-01
-1.557226181030273438e-01
-5.290630459785461426e-02
2.031484842300415039e-01
1.552483290433883667e-01
-5.466144904494285583e-02
-1.317616701126098633e-01
-4.094782844185829163e-02
-8.656480163335800171e-02
-9.661322087049484253e-02
2.932758361566811800e-04
-1.847984082996845245e-02
-9.958955645561218262e-02
7.178436964750289917e-02
-2.946135774254798889e-02
-1.741601340472698212e-02
-8.090438693761825562e-02
-9.210967272520065308e-02
2.322512120008468628e-01
4.298764094710350037e-02
2.547571063041687012e-02
-1.028108373284339905e-01
-2.772527374327182770e-02
7.837197184562683105e-02
5.450705438852310181e-02
-4.367544502019882202e-02
-5.923663452267646790e-02
9.233361482620239258e-02
-1.724291034042835236e-02
-2.743487991392612457e-02
-3.379144519567489624e-02
7.281299680471420288e-02
1.564252935349941254e-02
5.294609069824218750e-02
7.991379499435424805e-02
-1.043868809938430786e-01
2.023692056536674500e-02
-1.060463562607765198e-01
-5.126169323921203613e-02
-1.622142344713211060e-01
-1.391057390719652176e-02
-1.636002026498317719e-02
-2.557828836143016815e-02
-8.612220734357833862e-02
2.887295745313167572e-02
-1.321711838245391846e-01
-7.501255720853805542e-02
-3.287106752395629883e-02
-7.466483116149902344e-02
-1.685799807310104370e-01
1.357576576992869377e-03
7.966378331184387207e-02
3.463136777281761169e-02
-1.523873060941696167e-01
-2.987757027149200439e-01
3.811035677790641785e-02
-5.688177887350320816e-03
-1.490552444010972977e-02
-1.168937459588050842e-01
1.148430034518241882e-01
-5.829688534140586853e-02
8.621695451438426971e-03
9.307544678449630737e-02
8.612065017223358154e-02
5.817132815718650818e-02
1.191001534461975098e-01
-9.952586889266967773e-02
1.111878752708435059e-01
-5.106466636061668396e-02
-2.204809710383415222e-02
8.905581384897232056e-02
6.389270070940256119e-03
-3.942395001649856567e-02
1.741526275873184204e-01
2.518901228904724121e-02
-3.933600708842277527e-02
-3.547248616814613342e-02
-2.699173092842102051e-01
-6.794836372137069702e-02
-1.456718146800994873e-02
3.342666849493980408e-02
-4.731868952512741089e-02
1.556298583745956421e-01
-1.596415787935256958e-01
-1.108476072549819946e-01
7.270523812621831894e-03
1.264755576848983765e-01
1.717518270015716553e-02
1.578900031745433807e-02
-5.978819727897644043e-02
-1.782049685716629028e-01
2.630168013274669647e-02
6.790205091238021851e-02
1.502757817506790161e-01
1.015926524996757507e-01
7.892173528671264648e-02
5.395907163619995117e-02
-1.072790250182151794e-01
2.309979312121868134e-02
-7.293581217527389526e-02
5.151216313242912292e-02
-3.296019509434700012e-02
7.918319106101989746e-02
2.702388763427734375e-01
-3.454982861876487732e-02
-2.606357075273990631e-02
8.811700344085693359e-02
-1.801875680685043335e-01
1.284239888191223145e-01
-1.277517527341842651e-01
-1.061689630150794983e-01
-3.716689720749855042e-02
-1.065236106514930725e-01
3.051306679844856262e-02
-2.439090609550476074e-02
9.981977194547653198e-02
5.552253127098083496e-02
-9.199799038469791412e-03
2.524303272366523743e-02
-6.366714090108871460e-02
-4.834555834531784058e-02
1.355742067098617554e-01
8.892463892698287964e-02
-9.618351608514785767e-02
-1.883647888898849487e-01
-5.226408317685127258e-02
6.107909604907035828e-02
1.801903098821640015e-01
2.522543966770172119e-01
4.163397103548049927e-02
7.148160040378570557e-02
-1.253222078084945679e-01
-9.396163374185562134e-02
2.291621267795562744e-02
6.548600643873214722e-02
5.185512453317642212e-02
-7.173167169094085693e-02
3.740149363875389099e-02
3.021540120244026184e-02
2.040064632892608643e-01
4.264773428440093994e-02
7.278116047382354736e-02
-7.322736829519271851e-02
-9.255827218294143677e-02
7.402973622083663940e-02
-1.258475184440612793e-01
-1.348082274198532104e-01
1.019842177629470825e-01
6.371141970157623291e-02
