1.851306855678558350e-01
-8.498790115118026733e-02
2.697588643059134483e-03
1.532664149999618530e-01
6.578109413385391235e-02
-8.831344544887542725e-03
1.947578601539134979e-02
-1.623569875955581665e-01
9.577036648988723755e-02
-9.767439216375350952e-03
-1.602702289819717407e-01
-8.548618853092193604e-02
2.195213288068771362e-01
1.263127475976943970e-01
1.150958891957998276e-02
-4.295890033245086670e-02
-3.334819898009300232e-02
-1.311458796262741089e-01
-1.231596022844314575e-01
-9.113389253616333008e-02
-7.415097206830978394e-02
7.352907955646514893e-02
-1.000897213816642761e-01
3.190784156322479248e-02
1.379631459712982178e-01
-1.889741793274879456e-02
-4.534421488642692566e-02
-5.544235184788703918e-02
-9.790652245283126831e-02
-7.890585064888000488e-02
-8.360189944505691528e-02
-4.108535870909690857e-02
-7.395013421773910522e-02
3.549565747380256653e-02
6.454568356275558472e-02
-2.482136040925979614e-01
8.824006468057632446e-02
-1.178958937525749207e-01
9.149894863367080688e-02
2.368538677692413330e-01
-5.535440519452095032e-03
-1.048680096864700317e-01
3.217612951993942261e-02
-1.592764444649219513e-02
2.340315468609333038e-02
9.084554621949791908e-04
-8.786115795373916626e-02
-5.113093927502632141e-02
-1.042343005537986755e-01
1.232354249805212021e-02
3.491897881031036377e-02
2.163153886795043945e-01
-1.090794894844293594e-02
1.093162298202514648e-01
1.195646449923515320e-01
1.703809350728988647e-01
1.572932451963424683e-01
-3.852822631597518921e-02
-1.619076579809188843e-01
1.383501291275024414e-01
-6.116778403520584106e-02
3.716858476400375366e-02
1.843126863241195679e-01
-5.268604680895805359e-02
-2.069053500890731812e-01
1.013603433966636658e-01
2.023298591375350952e-01
-1.640229970216751099e-01
-2.297187298536300659e-01
-8.835385669954121113e-04
-4.863443598151206970e-02
-3.811659663915634155e-02
6.078608566895127296e-04
3.246591612696647644e-02
1.127784177660942078e-01
-9.164761751890182495e-02
2.446850575506687164e-02
1.252655833959579468e-01
4.089595284312963486e-03
-1.958334585651755333e-03
-1.448930520564317703e-02
1.295612603425979614e-01
-1.585536450147628784e-01
-3.191458526998758316e-03
-7.235337793827056885e-02
-6.613435596227645874e-02
-9.975555539131164551e-02
-1.363670527935028076e-01
-1.905884146690368652e-01
3.820582851767539978e-02
1.129861846566200256e-01
-7.081714272499084473e-02
8.668797463178634644e-02
-8.450011909008026123e-02
5.445158481597900391e-02
1.577159017324447632e-01
-3.758046403527259827e-02
1.741333901882171631e-01
5.964934453368186951e-02
3.736554831266403198e-02
4.836115986108779907e-02
-1.181504949927330017e-01
-1.352007240056991577e-01
-7.240086048841476440e-02
1.433985978364944458e-01
1.733568012714385986e-01
1.039961501955986023e-01
-1.782089322805404663e-01
-8.820089715300127864e-05
3.409992670640349388e-03
2.085024565458297729e-01
1.215322390198707581e-01
-6.539963930845260620e-02
9.077363461256027222e-02
-8.470817655324935913e-02
9.983912110328674316e-02
8.965528011322021484e-02
5.803903564810752869e-02
-1.351911872625350952e-01
1.287203878164291382e-01
5.787841603159904480e-02
9.377668052911758423e-02
-1.189770698547363281e-01
8.833131939172744751e-02
1.380771845579147339e-01
-1.039422079920768738e-01
2.443076297640800476e-02
-8.517038077116012573e-02
-1.138217821717262268e-01
6.582376360893249512e-02
4.822523891925811768e-02
5.471971258521080017e-02
1.386945098638534546e-01
-8.796611428260803223e-02
1.330007147043943405e-02
-1.301309764385223389e-01
3.226515650749206543e-02
-7.604721933603286743e-02
-1.518772989511489868e-01
1.951245777308940887e-02
-4.454253241419792175e-02
-5.324903409928083420e-03
1.399923413991928101e-01
-1.735967211425304413e-02
8.347519487142562866e-02
-9.920457005500793457e-02
5.645763501524925232e-02
3.374251350760459900e-02
4.141573607921600342e-02
1.445715576410293579e-01
5.120765790343284607e-02
-1.093346253037452698e-01
3.669096156954765320e-03
-2.501706592738628387e-02
1.007797848433256149e-02
3.917308151721954346e-02
-5.746474489569664001e-02
1.173090487718582153e-01
1.865718513727188110e-01
-1.367793232202529907e-02
-1.962168067693710327e-01
-9.843298792839050293e-02
4.131309315562248230e-02
-8.401445299386978149e-02
3.786289691925048828e-02
-7.871692627668380737e-02
1.648730784654617310e-01
6.524851918220520020e-02
-1.156716272234916687e-01
6.507918983697891235e-02
-5.181955918669700623e-02
-7.755696028470993042e-02
1.460726112127304077e-01
1.838486343622207642e-01
-2.501191496849060059e-01
-1.310143619775772095e-01
-1.415172368288040161e-01
-9.804454632103443146e-03
8.270172029733657837e-02
-1.359350383281707764e-01
1.366797685623168945e-01
1.200380697846412659e-01
-1.312580555677413940e-01
5.991959013044834137e-03
2.732336893677711487e-02
6.914399564266204834e-02
3.096600808203220367e-02
5.795776471495628357e-02
1.336862612515687943e-02
-1.728072166442871094e-01
-3.017702512443065643e-02
-4.956404119729995728e-02
1.416272372007369995e-01
1.256372481584548950e-01
1.382862776517868042e-01
-8.908390998840332031e-02
-6.226527318358421326e-02
8.806376904249191284e-02
-1.038063541054725647e-01
-1.303803473711013794e-01
5.273789912462234497e-02
4.419425129890441895e-02
-7.511629257351160049e-03
2.153338938951492310e-01
9.455972164869308472e-02
-1.654916256666183472e-01
1.236084625124931335e-01
6.550883501768112183e-02
-1.324050277471542358e-01
-1.556704044342041016e-01
-7.322472333908081055e-02
-9.732066094875335693e-02
-5.018990114331245422e-02
4.153737053275108337e-02
-1.678974032402038574e-01
2.685560286045074463e-02
-1.320310086011886597e-01
-1.471472531557083130e-02
3.280397877097129822e-02
6.181526184082031250e-02
-1.517106741666793823e-01
2.076160758733749390e-01
-4.229003563523292542e-02
-2.488430589437484741e-02
1.232033371925354004e-01
8.960107713937759399e-02
5.939254164695739746e-02
1.590434163808822632e-01
-8.547653257846832275e-02
4.590949043631553650e-03
-1.038812994956970215e-01
-4.569317027926445007e-02
-3.637071326375007629e-02
9.206503629684448242e-02
-1.998952925205230713e-01
-2.449273131787776947e-02
1.383876651525497437e-01
-1.943302005529403687e-01
-1.644480675458908081e-01
-1.086407806724309921e-02
-8.077030628919601440e-02
-9.601667406968772411e-04
7.019200176000595093e-02
-2.614448070526123047e-01
1.234315037727355957e-01
7.506530731916427612e-03
-1.407362222671508789e-01
3.184154257178306580e-02
2.303222939372062683e-02
1.664434373378753662e-02
2.633061446249485016e-02
1.390525139868259430e-02
7.483392208814620972e-02
2.612722478806972504e-02
4.961344972252845764e-02
1.254405267536640167e-02
-7.673549652099609375e-02
4.780841246247291565e-02
-1.224798932671546936e-01
-3.487257286906242371e-02
-2.049374133348464966e-01
1.895931363105773926e-01
-8.551382273435592651e-02
1.602413058280944824e-01
9.901629388332366943e-02
-5.701245740056037903e-02
-4.943440109491348267e-02
1.545824226923286915e-03
-2.995029091835021973e-02
-9.387194178998470306e-03
-9.866115450859069824e-02
-1.678755134344100952e-01
-7.801421731710433960e-02
-1.202499791979789734e-01
-5.101004987955093384e-02
-1.897010579705238342e-02
-5.265749618411064148e-02
1.043012645095586777e-02
1.336552947759628296e-01
-1.320682018995285034e-01
2.559465123340487480e-03
-7.247709482908248901e-02
-2.586723305284976959e-03
1.204682588577270508e-01
5.778205394744873047e-02
-4.399489145725965500e-03
-1.466120965778827667e-02
-5.985214188694953918e-02
9.532358497381210327e-02
1.007075831294059753e-01
-1.134828701615333557e-01
-9.790215641260147095e-02
-3.534913808107376099e-02
1.805496513843536377e-01
-6.370173394680023193e-02
3.828874602913856506e-02
-5.681831389665603638e-02
4.662872478365898132e-02
-3.399879857897758484e-02
-1.329544335603713989e-01
-2.371036633849143982e-02
7.821110077202320099e-03
-1.076020002365112305e-01
7.717768847942352295e-02
5.300028994679450989e-02
-1.145813465118408203e-01
2.699841000139713287e-02
3.148281201720237732e-02
-4.813039675354957581e-02
1.478833705186843872e-02
-7.022339850664138794e-02
-1.592326462268829346e-01
-3.567466512322425842e-02
6.279770284891128540e-02
-5.359518155455589294e-02
-5.468301940709352493e-03
-9.177767485380172729e-02
5.196800827980041504e-02
-1.096649747341871262e-02
-7.304070144891738892e-02
1.432352811098098755e-01
-1.072259470820426941e-01
5.537490919232368469e-02
1.426201611757278442e-01
-5.296810343861579895e-02
1.198969632387161255e-01
8.888792246580123901e-02
2.208386175334453583e-02
6.004302576184272766e-02
-2.632095292210578918e-02
8.206643909215927124e-02
-9.668672829866409302e-02
-7.812703400850296021e-02
-1.499984711408615112e-01
1.495684962719678879e-02
1.545182801783084869e-02
1.472389996051788330e-01
1.823016256093978882e-01
4.625685885548591614e-02
-1.122567150741815567e-02
-7.425250113010406494e-02
2.540037408471107483e-02
-9.026262164115905762e-02
-6.599923223257064819e-02
7.241301238536834717e-02
1.058429107069969177e-01
1.119844913482666016e-01
-5.750789120793342590e-02
1.009403243660926819e-01
-2.894523320719599724e-03
-3.438863903284072876e-02
-8.585587888956069946e-02
-1.145382747054100037e-01
-5.230274423956871033e-02
-1.698834151029586792e-01
-3.081183647736907005e-03
8.112749457359313965e-02
-1.054925099015235901e-01
1.561868377029895782e-02
1.519932877272367477e-02
-1.606755405664443970e-01
-1.924114674329757690e-02
9.035089612007141113e-02
3.877987712621688843e-02
5.439070612192153931e-02
-2.072819769382476807e-01
7.507887482643127441e-02
4.346342757344245911e-02
2.983957342803478241e-02
4.700685665011405945e-02
1.257432438433170319e-02
2.732445299625396729e-02
1.770811714231967926e-02
5.928617343306541443e-02
-9.861668199300765991e-02
2.340128719806671143e-01
4.452107474207878113e-02
-3.060384886339306831e-03
-3.568863496184349060e-02
-1.192104220390319824e-01
1.504596024751663208e-01
-6.414142996072769165e-02
-9.988778084516525269e-02
8.083557337522506714e-02
-5.066516995429992676e-02
-5.372675135731697083e-02
-9.900193661451339722e-02
9.258770942687988281e-02
1.678923815488815308e-01
-5.757503677159547806e-03
2.266853153705596924e-01
8.018561452627182007e-02
-6.692849099636077881e-02
5.096082016825675964e-02
5.667651817202568054e-02
5.014510825276374817e-02
-7.348252087831497192e-02
4.083389416337013245e-03
3.602069243788719177e-02
-2.079621553421020508e-01
-2.711053565144538879e-02
1.638039015233516693e-02
2.400020323693752289e-02
-3.008366562426090240e-02
-1.523074656724929810e-01
4.501526802778244019e-02
-8.924765884876251221e-02
-1.883054822683334351e-01
-1.656197905540466309e-01
-2.184808067977428436e-02
-4.433843120932579041e-02
-8.741128444671630859e-02
1.015155240893363953e-01
4.025305807590484619e-02
3.179058432579040527e-02
-7.286214083433151245e-02
7.034891098737716675e-02
-1.763945221900939941e-01
-1.100412532687187195e-01
-9.713707491755485535e-03
-1.607787311077117920e-01
6.588461995124816895e-02
1.412885487079620361e-01
6.248722784221172333e-03
4.605308175086975098e-02
2.138379402458667755e-02
6.440871208906173706e-02
6.705580651760101318e-02
1.972744017839431763e-01
8.638441562652587891e-02
2.228862494230270386e-01
-1.063998341560363770e-01
8.000865578651428223e-02
-9.799585491418838501e-02
-7.304488122463226318e-02
5.393636971712112427e-02
-6.563308089971542358e-02
-2.151692286133766174e-02
-1.234396249055862427e-01
-7.194890826940536499e-02
6.162977777421474457e-03
1.426077354699373245e-02
7.042382843792438507e-03
-1.191858481615781784e-02
-6.105631217360496521e-02
-6.446354836225509644e-02
8.528221398591995239e-02
4.620591923594474792e-02
5.742261931300163269e-02
-8.848366141319274902e-02
