-9.864177554845809937e-02
2.680070511996746063e-02
-1.412062626332044601e-02
-4.515619575977325439e-02
1.326179355382919312e-01
-2.040068618953227997e-02
-3.601833432912826538e-02
-1.532030757516622543e-02
4.765515401959419250e-02
-1.855880171060562134e-01
1.875978778116405010e-03
3.038139455020427704e-02
4.939651489257812500e-02
3.476560115814208984e-02
-7.840813696384429932e-02
-4.393490089569240808e-04
-4.391318187117576599e-02
2.304912656545639038e-01
6.136522814631462097e-02
-1.041986271739006042e-01
-1.664186827838420868e-02
-5.975793674588203430e-02
5.306804180145263672e-02
-1.671894639730453491e-01
-6.740053743124008179e-02
1.109069809317588806e-01
6.393264979124069214e-03
-1.634898036718368530e-01
2.580008469521999359e-02
4.494984075427055359e-02
8.459325879812240601e-02
1.185132861137390137e-01
-1.214103326201438904e-01
-4.933261871337890625e-02
-1.079515814781188965e-01
7.693648338317871094e-02
1.175623312592506409e-01
8.953665196895599365e-02
6.516771763563156128e-02
-1.284920722246170044e-01
-2.744199335575103760e-02
5.524658039212226868e-02
3.752750903367996216e-02
-4.847620800137519836e-02
-4.397691413760185242e-02
-2.630895376205444336e-02
-7.906328141689300537e-02
1.073908433318138123e-01
2.285236418247222900e-01
1.614523082971572876e-01
6.367719918489456177e-02
-1.064333915710449219e-01
-2.629551105201244354e-02
9.330358356237411499e-03
3.014912828803062439e-03
1.118299365043640137e-01
-3.147260099649429321e-02
-1.538528054952621460e-01
-7.483216468244791031e-03
6.664710491895675659e-02
-6.612684577703475952e-02
-3.511724993586540222e-02
8.511187881231307983e-02
5.408881232142448425e-02
-4.779382795095443726e-02
1.311290711164474487e-01
1.978624910116195679e-01
4.875287041068077087e-02
9.611883759498596191e-02
2.314988523721694946e-03
1.622317582368850708e-01
-3.792995586991310120e-02
5.156620219349861145e-02
2.793585956096649170e-01
-1.539758127182722092e-02
-2.185670882463455200e-01
-2.637837082147598267e-03
1.367710530757904053e-02
-1.139562055468559265e-01
-3.464151546359062195e-02
7.895164936780929565e-02
5.009480938315391541e-02
7.321029901504516602e-02
3.306964039802551270e-02
1.231158748269081116e-01
1.178712584078311920e-02
3.453025594353675842e-02
7.642032951116561890e-02
1.578140854835510254e-01
2.474039793014526367e-02
1.808906644582748413e-01
-4.740469902753829956e-02
-6.405811011791229248e-02
2.156061977148056030e-01
7.059755176305770874e-02
-3.280159458518028259e-02
1.716705411672592163e-01
-1.178261190652847290e-01
4.000174254179000854e-02
-3.984647616744041443e-02
1.606075614690780640e-01
6.539493054151535034e-02
1.205647960305213928e-01
-1.282432526350021362e-01
1.522796899080276489e-01
-1.354614365845918655e-02
-1.154895648360252380e-01
8.195976726710796356e-03
-1.709494553506374359e-02
1.013086214661598206e-01
-7.046201825141906738e-02
-1.128617525100708008e-01
-4.743193462491035461e-02
9.328298270702362061e-02
3.457358852028846741e-02
6.495505571365356445e-02
1.897000372409820557e-01
-7.874702662229537964e-02
6.571958214044570923e-02
-3.019478917121887207e-02
2.436293475329875946e-02
-1.064975373446941376e-02
-3.669072315096855164e-02
-3.600469604134559631e-02
1.561939902603626251e-02
6.084098294377326965e-02
7.455068081617355347e-02
1.906781643629074097e-01
1.445329040288925171e-01
-7.551346719264984131e-02
1.125921159982681274e-01
6.578739732503890991e-02
5.987685918807983398e-02
4.822657629847526550e-02
-8.134319633245468140e-02
1.100377067923545837e-01
-1.094333752989768982e-01
-1.490651369094848633e-01
-9.805765002965927124e-02
9.146376699209213257e-02
-1.014414951205253601e-01
5.245258286595344543e-02
6.874676048755645752e-02
1.620054095983505249e-01
1.004135534167289734e-01
2.635885216295719147e-02
-7.843072712421417236e-02
1.096735745668411255e-01
1.337892860174179077e-01
4.745454713702201843e-02
-9.801080077886581421e-02
-8.801921457052230835e-02
-1.427998095750808716e-01
-8.732794970273971558e-02
1.162922009825706482e-01
-2.403038181364536285e-02
-2.044313251972198486e-01
5.668928846716880798e-02
-1.583165973424911499e-01
-7.596293836832046509e-02
7.629838585853576660e-02
5.478633567690849304e-02
3.693173453211784363e-02
8.747821301221847534e-02
-6.678672134876251221e-02
8.170954883098602295e-02
-1.884821653366088867e-01
4.884885251522064209e-02
-3.219531849026679993e-02
-9.377714246511459351e-02
2.144035845994949341e-01
7.741533964872360229e-02
6.987433135509490967e-02
-1.338163018226623535e-01
-1.335404664278030396e-01
1.121127605438232422e-01
2.641672827303409576e-02
1.934411935508251190e-02
1.133983731269836426e-01
-4.689214751124382019e-02
1.404726058244705200e-01
7.370416820049285889e-02
1.799483150243759155e-01
-1.409434992820024490e-02
-5.879012495279312134e-02
-6.144602969288825989e-02
-7.934514433145523071e-02
3.751545026898384094e-02
-7.192920148372650146e-02
2.579185664653778076e-01
-1.587921082973480225e-01
3.281574323773384094e-02
-7.357849180698394775e-02
-1.368839014321565628e-02
4.184212163090705872e-02
-4.452109709382057190e-02
-3.602370247244834900e-02
-1.876091361045837402e-01
-1.475297659635543823e-01
-1.512672305107116699e-01
-6.294836848974227905e-02
7.807012647390365601e-02
-1.346522420644760132e-01
2.685630694031715393e-03
-2.035362273454666138e-02
1.052610650658607483e-01
2.008924027904868126e-03
1.085387077182531357e-02
7.666802406311035156e-02
6.549699264724040404e-06
5.159149691462516785e-02
-4.487540572881698608e-02
2.276676474139094353e-03
1.031137257814407349e-01
2.275248244404792786e-02
-1.193238496780395508e-01
1.955309696495532990e-02
9.740900248289108276e-02
-6.839597225189208984e-02
-7.682264596223831177e-02
6.118658185005187988e-02
1.791556738317012787e-02
1.356872846372425556e-03
-3.970531746745109558e-02
4.587171226739883423e-02
-6.525495648384094238e-02
8.458117395639419556e-02
1.362640410661697388e-01
-4.740624874830245972e-02
-4.115172848105430603e-02
-1.114858612418174744e-01
-7.250019162893295288e-02
2.181531116366386414e-02
-8.048777282238006592e-02
-1.233161427080631256e-02
-7.865405082702636719e-02
8.795895427465438843e-02
-4.477661475539207458e-02
8.385960012674331665e-03
8.546366542577743530e-02
-6.035707145929336548e-02
3.839641809463500977e-02
5.898675322532653809e-02
-3.939553722739219666e-02
5.324741825461387634e-02
2.607955038547515869e-02
3.575431182980537415e-02
2.098480425775051117e-02
6.638591736555099487e-02
4.141369462013244629e-02
1.184122711420059204e-01
-1.021568700671195984e-01
7.596478611230850220e-02
1.348237246274948120e-01
-5.385762453079223633e-02
-9.854560345411300659e-02
-6.360973417758941650e-02
-7.952360063791275024e-02
1.358796376734972000e-02
-6.956872995942831039e-03
1.466124206781387329e-01
1.016891822218894958e-01
1.331899464130401611e-01
-1.487890332937240601e-01
1.662248820066452026e-01
1.120387092232704163e-01
6.133321672677993774e-02
6.043219566345214844e-02
4.648689553141593933e-02
-1.088451314717531204e-02
-6.868195533752441406e-02
-3.904011845588684082e-02
7.448761910200119019e-02
-2.321021072566509247e-02
-1.044399105012416840e-02
8.026435226202011108e-02
2.896556258201599121e-01
-3.103835880756378174e-02
-4.369101487100124359e-03
-1.827051118016242981e-02
-2.974218688905239105e-02
4.165085405111312866e-02
-5.366440489888191223e-02
4.420782253146171570e-02
2.938641048967838287e-02
8.197211474180221558e-02
6.617190688848495483e-02
1.736623980104923248e-02
2.029155939817428589e-01
3.918613865971565247e-02
2.990698218345642090e-01
3.114668652415275574e-05
2.051611803472042084e-02
1.220362335443496704e-01
-1.068356409668922424e-01
-1.264428496360778809e-01
1.476378887891769409e-01
-1.488079875707626343e-02
1.881283335387706757e-02
2.896991968154907227e-01
-3.965328633785247803e-02
-1.326483786106109619e-01
-4.857373610138893127e-02
1.006126776337623596e-02
-8.431591838598251343e-02
-1.402456015348434448e-01
-2.638810873031616211e-02
-1.519675552845001221e-01
-1.519403755664825439e-01
1.400201488286256790e-02
2.165312319993972778e-01
-1.482962965965270996e-01
-3.293461725115776062e-02
7.706006616353988647e-02
-2.934457175433635712e-02
7.597292959690093994e-02
-8.291988819837570190e-02
7.899829000234603882e-02
1.132326349616050720e-01
-3.961812704801559448e-02
-7.826906442642211914e-02
-9.988421946763992310e-02
-1.214037165045738220e-01
-4.919980466365814209e-02
-6.765302270650863647e-02
-1.143743917346000671e-01
-4.315173998475074768e-02
-7.325262995436787605e-04
-1.249050125479698181e-01
1.197709590196609497e-01
-1.074918434023857117e-01
2.158492617309093475e-02
-8.410861343145370483e-02
-1.835872046649456024e-02
4.968368634581565857e-02
-1.283032745122909546e-01
1.701941639184951782e-01
-6.912913173437118530e-02
7.622994482517242432e-02
-3.912109509110450745e-02
2.337908297777175903e-01
3.413893980905413628e-03
9.088854491710662842e-02
-7.685758173465728760e-02
7.496982067823410034e-02
8.352523297071456909e-02
-9.858851134777069092e-02
-2.456794679164886475e-02
1.054143235087394714e-01
-6.719163060188293457e-02
-1.577074527740478516e-01
-1.958480924367904663e-01
4.313173517584800720e-02
8.805117569863796234e-03
4.114729352295398712e-03
9.515906125307083130e-02
1.020745839923620224e-02
1.523731201887130737e-01
1.746316105127334595e-01
2.141142264008522034e-02
-9.169410914182662964e-03
-4.235425218939781189e-02
-4.956981167197227478e-02
1.500239074230194092e-01
-5.986891314387321472e-02
1.298966705799102783e-01
1.090003624558448792e-01
-1.669223457574844360e-01
-1.520590037107467651e-01
-1.134773716330528259e-01
3.913527354598045349e-02
-1.366141736507415771e-01
3.451021388173103333e-02
1.230481546372175217e-02
-1.180569678544998169e-01
1.435551047325134277e-02
-1.595429033041000366e-01
6.247051991522312164e-03
2.174895852804183960e-01
-4.591219499707221985e-02
8.818263560533523560e-02
9.954472631216049194e-02
-2.126957178115844727e-01
-3.788067027926445007e-02
2.425779402256011963e-02
7.774706184864044189e-02
8.531277626752853394e-02
3.279517963528633118e-02
-1.301718652248382568e-01
1.561290491372346878e-02
5.457953736186027527e-02
5.961856339126825333e-03
-5.570661649107933044e-02
1.531770974397659302e-01
-9.642936289310455322e-02
-7.892023772001266479e-02
-8.883019536733627319e-02
9.470233321189880371e-02
-6.635831203311681747e-03
-9.960379451513290405e-03
1.327719241380691528e-01
-1.500797718763351440e-01
-1.619133725762367249e-02
1.063679829239845276e-01
3.403047472238540649e-02
6.263270974159240723e-02
3.956712409853935242e-02
8.648362755775451660e-02
-9.059286862611770630e-02
1.816703379154205322e-02
6.451001856476068497e-03
-5.787901952862739563e-02
-1.601544320583343506e-01
1.551345139741897583e-01
-1.064802333712577820e-01
6.717627495527267456e-02
1.262460947036743164e-01
7.079335302114486694e-02
-1.068749204277992249e-01
-2.403689734637737274e-02
-1.298162192106246948e-01
2.452440708875656128e-01
9.578496217727661133e-02
-5.695041641592979431e-02
-1.528124213218688965e-01
-2.099362760782241821e-02
-6.440060585737228394e-02
-9.699150174856185913e-02
3.831858560442924500e-02
-2.701723389327526093e-02
1.707353442907333374e-01
1.346801370382308960e-01
-2.670489251613616943e-01
8.783873170614242554e-02
-4.616881534457206726e-02
4.060941934585571289e-02
-2.502045035362243652e-02
-1.903661489486694336e-01
-1.101981624960899353e-01
-3.092390671372413635e-02
6.427158415317535400e-02
8.339663594961166382e-02
1.892917901277542114e-01
9.421854466199874878e-02
7.395119220018386841e-02
-6.161715462803840637e-02
2.209870517253875732e-02
1.193250939249992371e-01
7.603790611028671265e-02
1.782280653715133667e-01
