-2.049814211204648018e-03
2.098953872919082642e-01
-1.072169840335845947e-02
-4.062699154019355774e-02
1.687149554491043091e-01
-8.254413306713104248e-02
-3.099413961172103882e-02
-9.397071599960327148e-02
1.284839361906051636e-01
1.399262845516204834e-01
-1.283456683158874512e-01
1.323035657405853271e-01
-7.775945216417312622e-02
-1.581229642033576965e-02
-5.731836333870887756e-02
-2.510084770619869232e-02
-1.725783571600914001e-02
1.517921239137649536e-01
-1.871736943721771240e-01
-1.480761319398880005e-01
-2.493186667561531067e-02
-5.753898993134498596e-02
1.538561284542083740e-01
8.088462054729461670e-02
-2.762208320200443268e-02
1.745135188102722168e-01
-7.432074099779129028e-02
9.899529814720153809e-02
3.597751259803771973e-03
-4.427644982933998108e-02
-2.723522856831550598e-02
8.670523017644882202e-02
8.983036130666732788e-02
-5.417698621749877930e-02
3.734603524208068848e-02
-3.517735749483108521e-02
-2.481980621814727783e-02
-8.853130042552947998e-03
4.554247111082077026e-02
-9.180384129285812378e-02
8.015654981136322021e-03
3.106463514268398285e-02
1.907517388463020325e-02
1.579630523920059204e-01
8.065160363912582397e-03
7.270425558090209961e-02
2.394535392522811890e-01
5.371979996562004089e-02
6.890258938074111938e-02
-8.853732049465179443e-02
-1.915899366140365601e-01
-7.778801023960113525e-02
-2.478197589516639709e-02
-9.311656653881072998e-02
-1.178279295563697815e-01
2.977039515972137451e-01
9.636462479829788208e-02
-1.445943564176559448e-01
2.976702898740768433e-02
7.724214345216751099e-02
-4.843491315841674805e-02
-7.664718478918075562e-02
1.904795467853546143e-01
1.842235177755355835e-01
1.036607474088668823e-02
8.004058152437210083e-02
7.425655424594879150e-02
1.331168413162231445e-01
-3.043980151414871216e-02
-8.977244794368743896e-02
6.249012425541877747e-02
-6.123693659901618958e-03
-9.834835678339004517e-02
-8.070935308933258057e-02
5.998709797859191895e-02
6.915704160928726196e-02
9.987729787826538086e-02
-8.681444823741912842e-02
-1.263503171503543854e-02
1.603570133447647095e-01
-1.041762158274650574e-01
-1.914390828460454941e-03
2.139991894364356995e-02
1.314333230257034302e-01
1.549611538648605347e-01
4.164776299148797989e-03
1.955113410949707031e-01
-1.135861873626708984e-01
4.047402366995811462e-02
-9.423297643661499023e-02
-8.403093367815017700e-02
1.754852086305618286e-01
1.808617264032363892e-01
-1.435312926769256592e-01
-4.312322661280632019e-02
2.501967735588550568e-02
-1.049228161573410034e-01
-4.295777902007102966e-02
3.532492741942405701e-02
1.434170305728912354e-01
9.633759409189224243e-02
1.675756275653839111e-01
1.280623394995927811e-02
-1.682093366980552673e-02
-3.472132980823516846e-02
2.845657989382743835e-03
1.886322647333145142e-01
-6.611940264701843262e-02
2.127318084239959717e-01
6.638012081384658813e-02
3.304747119545936584e-02
1.396515872329473495e-03
-5.273188650608062744e-02
-7.483684271574020386e-02
-1.866020113229751587e-01
1.380839049816131592e-01
-2.088333815336227417e-01
2.913220413029193878e-02
1.866587698459625244e-01
-2.567786537110805511e-02
