8.020467124879360199e-03
1.026841178536415100e-01
-8.795914053916931152e-02
4.264459013938903809e-02
1.111735031008720398e-01
-8.560999482870101929e-02
-1.822901517152786255e-02
8.607756346464157104e-02
-3.426769375801086426e-02
1.823808401823043823e-01
2.931163012981414795e-01
-2.600026503205299377e-02
4.088504984974861145e-02
-7.520351558923721313e-02
4.508145898580551147e-02
8.039607852697372437e-02
5.200270563364028931e-02
-1.013057380914688110e-01
5.057770758867263794e-02
5.075372010469436646e-02
8.832784742116928101e-02
8.916486799716949463e-02
1.252387017011642456e-01
9.878429770469665527e-02
-6.584589183330535889e-02
1.577868871390819550e-02
-5.497237667441368103e-02
-1.147104874253273010e-01
1.242758780717849731e-01
1.165916323661804199e-01
-3.677143529057502747e-02
-1.142250075936317444e-01
-8.884311467409133911e-02
1.973095722496509552e-02
-9.348704479634761810e-03
5.683148652315139771e-02
1.141125708818435669e-01
1.928722709417343140e-01
-3.519519865512847900e-01
-1.244901567697525024e-01
-4.304384440183639526e-02
-4.855972528457641602e-02
-1.666801869869232178e-01
1.091239675879478455e-01
-3.456744132563471794e-03
-2.879162691533565521e-02
-1.847148388624191284e-01
4.036522656679153442e-02
5.525594577193260193e-02
-1.631204932928085327e-01
1.470675319433212280e-01
-6.901678442955017090e-02
-3.623014781624078751e-04
-5.051491316407918930e-03
-4.257184639573097229e-02
-2.210825681686401367e-02
-1.300137192010879517e-01
-4.467274993658065796e-02
1.313716769218444824e-01
-9.558417648077011108e-02
2.802306413650512695e-02
-9.642811864614486694e-02
-1.603571884334087372e-02
-2.128791064023971558e-03
-9.844747371971607208e-03
5.652150511741638184e-02
-4.968786984682083130e-02
4.916856810450553894e-02
2.719265595078468323e-02
9.898345917463302612e-02
-1.055772509425878525e-02
-8.216115087270736694e-02
7.217095792293548584e-02
-6.767230480909347534e-02
2.533484809100627899e-02
-3.466546162962913513e-02
2.702287733554840088e-01
-1.264272630214691162e-02
-9.599917382001876831e-02
5.303890630602836609e-02
-3.481376916170120239e-02
-3.312578424811363220e-02
-1.066111475229263306e-01
-7.610043045133352280e-03
1.345449984073638916e-01
-2.661728672683238983e-02
-7.485613971948623657e-02
-5.147499963641166687e-02
-1.168917566537857056e-01
-6.032709032297134399e-02
-4.599450156092643738e-02
-8.507188409566879272e-02
-1.568717136979103088e-02
-1.656327843666076660e-01
1.836603693664073944e-02
-6.531383097171783447e-02
-7.712004333734512329e-02
1.526360213756561279e-01
-1.010936126112937927e-01
5.287563800811767578e-02
-3.242966532707214355e-02
-4.338757321238517761e-02
-1.611742004752159119e-02
-6.078147888183593750e-02
7.928869873285293579e-02
-7.630532979965209961e-02
-2.672561071813106537e-02
-4.108529537916183472e-03
-5.338006094098091125e-02
5.441258475184440613e-02
7.903293520212173462e-02
9.557767212390899658e-02
-1.503653526306152344e-01
-1.384756416082382202e-01
-2.482871524989604950e-02
-1.145012751221656799e-01
-8.062615990638732910e-02
1.330971270799636841e-01
2.336493693292140961e-02
4.858687520027160645e-02
