3.410627320408821106e-02
-3.623122116550803185e-03
-9.986068122088909149e-03
-1.330827325582504272e-01
-4.359006509184837341e-02
3.489553555846214294e-02
1.828511804342269897e-01
-9.366322308778762817e-02
-6.167097762227058411e-02
-1.207650527358055115e-01
-1.066475436091423035e-01
-2.941595017910003662e-02
2.023477107286453247e-01
9.570871293544769287e-02
1.226556673645973206e-01
-8.299595862627029419e-02
-2.855507843196392059e-02
1.267048646695911884e-03
1.697055064141750336e-02
-6.427716463804244995e-02
-2.072090357542037964e-01
-1.298442184925079346e-01
-1.770892739295959473e-01
-3.554674610495567322e-02
-9.041374176740646362e-02
-1.502779573202133179e-01
-9.553425014019012451e-02
-4.047466069459915161e-02
-6.792788952589035034e-02
-8.617069572210311890e-02
1.074727401137351990e-01
-1.606325358152389526e-01
-1.447107642889022827e-02
1.048997789621353149e-01
-2.688460983335971832e-02
-7.180197536945343018e-02
-2.191851614043116570e-03
1.017596051096916199e-01
9.628440253436565399e-03
1.486404240131378174e-01
-9.178709238767623901e-03
3.656591847538948059e-02
-4.201270639896392822e-02
-3.181730508804321289e-01
-1.157391071319580078e-01
4.832916893064975739e-04
4.085154086351394653e-02
-1.604231894016265869e-01
3.172361478209495544e-02
-2.154483646154403687e-01
7.106994837522506714e-02
-1.064131855964660645e-01
1.533755213022232056e-01
7.857860624790191650e-02
-4.129131510853767395e-02
-1.831369847059249878e-02
6.273960322141647339e-02
-1.543622370809316635e-02
2.160089462995529175e-02
1.081673055887222290e-01
2.454715408384799957e-02
-1.384284943342208862e-01
9.742148220539093018e-02
-4.883060976862907410e-02
-2.061436027288436890e-01
4.501297697424888611e-02
-1.436759978532791138e-01
4.481607303023338318e-02
-7.708061486482620239e-03
-1.888967119157314301e-02
9.729738667374476790e-05
1.099920198321342468e-01
-1.166408658027648926e-01
-1.697680503129959106e-01
-8.668847382068634033e-02
-1.292131990194320679e-01
-3.834025189280509949e-02
1.123640909790992737e-01
8.918763697147369385e-02
5.654326081275939941e-02
8.057540655136108398e-02
6.578797101974487305e-02
5.539220757782459259e-03
2.910478971898555756e-02
1.072345748543739319e-01
1.839193701744079590e-01
-1.753508895635604858e-01
3.380792587995529175e-02
8.654425293207168579e-02
-1.137460470199584961e-01
6.068428978323936462e-02
-1.532788723707199097e-01
-7.530400902032852173e-02
4.835439473390579224e-02
1.052073463797569275e-01
-1.210100427269935608e-01
-1.582597494125366211e-01
-5.100631341338157654e-02
4.693191125988960266e-02
6.423966586589813232e-02
-2.724715135991573334e-02
-3.656822070479393005e-02
-1.538060168968513608e-04
2.401421964168548584e-02
1.096226498484611511e-01
-6.483667343854904175e-02
-1.127982661128044128e-01
1.079810038208961487e-01
-2.353107556700706482e-02
-1.150313392281532288e-01
7.262206077575683594e-02
5.551374703645706177e-02
-1.476420462131500244e-01
-1.349103357642889023e-02
1.457033455371856689e-01
4.666660353541374207e-02
1.182933673262596130e-01
1.261637806892395020e-01
1.214939877390861511e-01
-6.360199302434921265e-03
-1.787086427211761475e-01
3.326880559325218201e-02
5.393107607960700989e-02
-1.040917038917541504e-01
-7.575135678052902222e-02
6.452807784080505371e-02
2.166693657636642456e-02
1.367958039045333862e-01
1.217547059059143066e-01
1.163002476096153259e-01
-8.506681770086288452e-02
-3.767275018617510796e-03
1.312280446290969849e-01
5.958656594157218933e-02
2.148752473294734955e-02
-4.308242350816726685e-02
2.129957675933837891e-01
8.516469597816467285e-02
-1.653198450803756714e-01
2.438342869281768799e-01
-8.175269700586795807e-03
-1.689728200435638428e-01
2.077304758131504059e-02
-2.449224740266799927e-01
1.282884329557418823e-01
-2.138574048876762390e-02
-7.778237015008926392e-02
-1.168888360261917114e-01
-4.160578921437263489e-02
-1.274393200874328613e-01
-1.062725335359573364e-01
-7.670749723911285400e-02
-7.079272717237472534e-02
-1.829463057219982147e-02
1.701453514397144318e-02
4.166853055357933044e-02
-1.730953305959701538e-01
-1.118189245462417603e-01
4.522986337542533875e-02
-6.895075738430023193e-02
1.491551697254180908e-01
-8.360732346773147583e-02
-9.681226313114166260e-02
-3.752047941088676453e-02
3.865528106689453125e-02
-5.307930707931518555e-02
-1.325097531080245972e-01
-1.583229564130306244e-02
-3.331923112273216248e-02
4.175904206931591034e-03
1.164612546563148499e-01
4.654274880886077881e-02
-1.634981036186218262e-01
-8.113587647676467896e-02
5.179638415575027466e-02
-9.171368926763534546e-02
1.021301671862602234e-01
-4.438574612140655518e-02
-1.766393035650253296e-01
-5.021704360842704773e-02
-7.423005998134613037e-03
1.416535824537277222e-01
6.721536815166473389e-02
6.508299708366394043e-02
8.229262381792068481e-02
1.535198558121919632e-02
3.062864206731319427e-02
-2.866626018658280373e-03
-3.775391727685928345e-02
6.751614809036254883e-02
-2.075735777616500854e-01
2.178741805255413055e-02
5.212990567088127136e-02
1.454017609357833862e-01
5.452788621187210083e-02
-2.897655125707387924e-03
5.387353897094726562e-02
3.562786057591438293e-02
-1.176897212862968445e-01
1.917335949838161469e-02
1.242769360542297363e-01
-9.376350045204162598e-02
5.159887671470642090e-02
1.191579736769199371e-02
2.814286760985851288e-02
1.244851276278495789e-01
-8.394324034452438354e-02
2.112778723239898682e-01
-8.186841756105422974e-02
-7.154020946472883224e-03
-1.794164627790451050e-01
4.855731874704360962e-02
-6.302887946367263794e-02
-2.237970679998397827e-01
8.027880638837814331e-02
1.407763510942459106e-01
2.992764115333557129e-02
-1.248503327369689941e-01
7.585824280977249146e-02
3.973952552769333124e-04
-1.953195780515670776e-01
-1.176806017756462097e-01
-4.471721127629280090e-02
-2.056234180927276611e-01
8.543484658002853394e-02
3.814870864152908325e-02
-1.406196206808090210e-01
1.294779926538467407e-01
2.375138178467750549e-02
2.015050202608108521e-01
-6.328127533197402954e-02
1.176265478134155273e-01
-3.571910038590431213e-02
1.589573025703430176e-01
1.574097722768783569e-01
-1.349951028823852539e-01
-5.379889160394668579e-03
1.251907497644424438e-01
1.527658849954605103e-01
6.031843647360801697e-02
-7.405028492212295532e-02
1.164558902382850647e-01
4.088292643427848816e-02
-1.747663617134094238e-01
-1.482787914574146271e-02
1.356381326913833618e-01
5.991946533322334290e-02
-1.639341749250888824e-02
-2.853632904589176178e-02
4.384815692901611328e-02
2.320438623428344727e-02
-4.063862189650535583e-02
-7.713695522397756577e-03
-1.169142685830593109e-02
-8.341461420059204102e-02
8.381062187254428864e-03
6.512311846017837524e-02
-1.443094015121459961e-02
3.668482601642608643e-02
2.892013825476169586e-02
2.278581820428371429e-02
1.413267403841018677e-01
-9.205882996320724487e-02
4.562186449766159058e-02
-4.601175710558891296e-02
-1.358378827571868896e-01
9.923882037401199341e-02
-2.976625040173530579e-02
3.091158904135227203e-02
5.420539900660514832e-02
-6.543001625686883926e-03
-1.893244236707687378e-01
-1.275643408298492432e-01
-2.811262570321559906e-02
1.304918061941862106e-02
8.662750571966171265e-02
2.734738402068614960e-03
-1.363081932067871094e-01
-7.958167046308517456e-02
-5.139650031924247742e-02
4.415921494364738464e-02
6.629566103219985962e-02
1.096863076090812683e-01
-1.866470277309417725e-02
-1.109949350357055664e-01
2.801192179322242737e-02
7.493972778320312500e-02
1.491842120885848999e-01
-9.007997810840606689e-02
-1.370218247175216675e-01
8.952127397060394287e-02
6.628834642469882965e-03
2.054694667458534241e-02
7.351102679967880249e-02
-3.291501849889755249e-02
-1.862664371728897095e-01
4.114943370223045349e-02
1.084129326045513153e-02
-1.570724300108850002e-03
-4.486816376447677612e-02
-1.121770963072776794e-01
1.069993376731872559e-01
4.033612832427024841e-02
1.959490627050399780e-01
-7.038349285721778870e-04
-3.002682141959667206e-02
-1.310289930552244186e-02
5.346306785941123962e-02
9.912680089473724365e-02
8.672603964805603027e-02
7.879667729139328003e-02
4.804699495434761047e-02
4.488404840230941772e-02
2.166222631931304932e-01
-9.117021225392818451e-03
9.899185597896575928e-02
-4.634821042418479919e-02
-7.216565310955047607e-02
1.249275356531143188e-01
9.556040167808532715e-02
-8.423468470573425293e-02
9.442334622144699097e-02
2.957243286073207855e-02
7.042925804853439331e-02
1.116407569497823715e-02
-3.664269670844078064e-02
-1.503252834081649780e-01
3.921205177903175354e-02
9.358514845371246338e-02
-1.145589351654052734e-02
-6.175338104367256165e-02
1.596803031861782074e-02
-1.990334987640380859e-01
5.124003812670707703e-02
6.957109272480010986e-02
1.316725164651870728e-01
1.602037698030471802e-01
6.949689239263534546e-02
-7.856583595275878906e-02
-1.854902319610118866e-02
-5.679414421319961548e-02
-1.461764425039291382e-01
5.627951025962829590e-02
-1.081392988562583923e-01
-1.911767721176147461e-01
1.652345620095729828e-02
9.603623300790786743e-02
-9.677262045443058014e-03
8.322475105524063110e-02
9.849485009908676147e-02
-6.738387793302536011e-02
1.264666467905044556e-01
4.464698582887649536e-02
-1.819347403943538666e-02
-7.908936589956283569e-02
1.923815533518791199e-02
1.289741396903991699e-01
9.106975048780441284e-02
1.924918033182621002e-02
-1.948336325585842133e-02
-7.787122577428817749e-02
9.435736387968063354e-02
-3.005917882546782494e-03
1.952617615461349487e-01
3.559782728552818298e-02
9.534364193677902222e-02
-1.645407080650329590e-01
3.265827894210815430e-01
2.145053148269653320e-01
-7.558282464742660522e-02
-2.437217906117439270e-02
8.565770834684371948e-02
-1.202739626169204712e-01
-5.846525356173515320e-02
3.047395683825016022e-02
-8.990822732448577881e-02
8.242192119359970093e-02
1.038134619593620300e-01
-1.848699338734149933e-02
-1.025045737624168396e-01
-1.607435755431652069e-02
-1.323877871036529541e-01
-4.320167377591133118e-02
-1.207787618041038513e-01
-7.753710448741912842e-02
-1.682323217391967773e-01
-8.686383813619613647e-02
1.469693928956985474e-01
1.782077103853225708e-01
-1.662837527692317963e-02
8.251203596591949463e-02
2.311043590307235718e-01
1.715125516057014465e-02
6.416010111570358276e-02
3.120585978031158447e-01
1.238904520869255066e-01
3.693581745028495789e-02
-7.007751148194074631e-03
-8.310253918170928955e-02
8.545286208391189575e-02
-1.544087827205657959e-01
2.784231118857860565e-02
-2.335113734006881714e-01
1.121789962053298950e-01
3.286446258425712585e-02
5.881254747509956360e-02
-2.162844315171241760e-02
4.993745312094688416e-02
-5.722850188612937927e-02
6.765782088041305542e-02
-4.843544587492942810e-02
-1.227639913558959961e-01
-2.770102024078369141e-02
6.168820336461067200e-02
7.517360500060021877e-04
-1.455913204699754715e-02
1.508854925632476807e-01
-1.148234009742736816e-01
9.120967984199523926e-02
2.025800794363021851e-01
2.550661005079746246e-02
1.596276611089706421e-01
-7.143687456846237183e-02
-1.953014545142650604e-02
1.759789437055587769e-01
1.201563999056816101e-01
-1.841560453176498413e-01
2.335247956216335297e-02
1.261082291603088379e-01
-1.820332258939743042e-01
7.708902657032012939e-02
8.636138588190078735e-02
-1.124820932745933533e-01
2.148513682186603546e-02
6.216450128704309464e-03
-8.842040598392486572e-02
-2.405652217566967010e-02
6.255360692739486694e-02
-1.125137954950332642e-01
-1.331703811883926392e-01
1.357044745236635208e-02
-4.671389982104301453e-02
-5.679715424776077271e-02
-2.575535513460636139e-02
1.512269973754882812e-01
-8.709471672773361206e-02
-7.753847539424896240e-02
-1.127877235412597656e-01
-6.656080484390258789e-03
-8.022059500217437744e-02
