-8.740136772394180298e-02
-8.351165056228637695e-02
1.267907619476318359e-01
-2.694769296795129776e-03
-6.118484959006309509e-02
2.713270485401153564e-02
1.328855752944946289e-01
2.741596400737762451e-01
8.363834023475646973e-02
-3.494660928845405579e-02
-5.914049223065376282e-03
-8.757252246141433716e-02
-1.877856850624084473e-01
3.522556647658348083e-02
-2.277592429891228676e-03
9.185758233070373535e-02
-1.541355717927217484e-02
-1.355601400136947632e-01
1.339681074023246765e-02
2.195135205984115601e-01
4.034254699945449829e-02
-6.054192781448364258e-04
1.900137662887573242e-01
-3.557993471622467041e-02
5.126447230577468872e-02
-6.084955111145973206e-02
-7.496766000986099243e-02
-5.677227862179279327e-03
2.008427679538726807e-02
3.435123711824417114e-02
-1.060625985264778137e-01
1.547698080539703369e-01
3.768897429108619690e-02
5.841018259525299072e-02
5.235032644122838974e-03
3.166412562131881714e-02
-4.751579836010932922e-02
-5.991816520690917969e-02
-2.412050031125545502e-03
-1.667492687702178955e-01
-8.077213168144226074e-02
7.774498313665390015e-02
2.852507494390010834e-02
-1.090569868683815002e-01
-5.275862291455268860e-02
-3.778447583317756653e-02
-4.103395342826843262e-02
-6.949827075004577637e-02
-3.580488264560699463e-02
-6.617328524589538574e-02
-1.054579913616180420e-01
-1.031350791454315186e-01
3.315522894263267517e-02
-1.349252313375473022e-01
4.688978940248489380e-02
-1.244271695613861084e-01
1.562677696347236633e-02
6.112521514296531677e-02
3.301165625452995300e-02
-1.484447866678237915e-01
-1.165238022804260254e-01
-4.857876151800155640e-02
-4.903296008706092834e-02
-9.968737512826919556e-02
-1.332279443740844727e-01
-8.596250414848327637e-02
1.396257132291793823e-01
1.715046912431716919e-02
3.114588744938373566e-02
-4.649322107434272766e-02
-1.213989779353141785e-02
-1.574039459228515625e-01
2.056673169136047363e-02
5.785197764635086060e-02
-2.448898255825042725e-01
1.343406438827514648e-01
-9.348946623504161835e-03
1.889068931341171265e-01
9.108261764049530029e-02
-5.022263899445533752e-02
8.343598805367946625e-03
2.338439598679542542e-02
1.383966654539108276e-01
1.140746846795082092e-01
1.541680693626403809e-01
-2.112981304526329041e-02
-6.053733825683593750e-02
-1.143758520483970642e-01
-1.227791383862495422e-01
5.274100974202156067e-02
-6.255743652582168579e-02
5.718848109245300293e-02
1.200307160615921021e-01
-1.559127867221832275e-01
-8.559742569923400879e-02
-3.359245508909225464e-02
1.289277279283851385e-04
3.315431252121925354e-02
1.524969041347503662e-01
1.218721503391861916e-03
-5.587023496627807617e-02
8.805730193853378296e-02
-2.693628072738647461e-01
-1.043234840035438538e-01
-8.022098988294601440e-02
1.263733357191085815e-01
9.466088563203811646e-02
2.143529802560806274e-01
-1.094876453280448914e-01
8.214834332466125488e-02
-8.073520660400390625e-02
9.464734047651290894e-02
-3.566087037324905396e-02
9.268342703580856323e-02
5.120229721069335938e-02
-1.807181984186172485e-01
-7.016327977180480957e-02
-3.330379128456115723e-01
8.452602475881576538e-02
-1.722008883953094482e-01
6.036131829023361206e-02
4.257218539714813232e-02
-1.489565074443817139e-01
1.889896988868713379e-01
-2.819377928972244263e-02
-1.431639306247234344e-02
1.141404174268245697e-02
2.963441424071788788e-02
-1.298852413892745972e-01
1.253038737922906876e-02
-3.634707257151603699e-02
-1.996207982301712036e-01
-5.764761939644813538e-02
-1.242578849196434021e-01
1.197281703352928162e-01
4.635425657033920288e-02
5.418084189295768738e-02
-2.163222134113311768e-01
-1.380701065063476562e-01
1.371631515212357044e-03
-7.711023837327957153e-02
9.368797391653060913e-02
-1.795549318194389343e-02
9.470469504594802856e-02
-1.518057137727737427e-01
-2.584571205079555511e-02
-8.327538520097732544e-02
-6.767109781503677368e-02
1.562650948762893677e-01
-5.434127151966094971e-02
1.037615835666656494e-01
1.371347159147262573e-01
4.130400717258453369e-02
1.276402771472930908e-01
-1.113826483488082886e-01
1.274024844169616699e-01
-9.929414838552474976e-02
-7.164850831031799316e-02
1.754057705402374268e-01
-9.309983998537063599e-02
-1.714390143752098083e-02
1.207181364297866821e-01
-8.324003219604492188e-02
-1.298051178455352783e-01
-3.879192471504211426e-02
-4.688518494367599487e-02
-2.601338922977447510e-02
1.521054934710264206e-02
-1.001271605491638184e-01
-2.828811854124069214e-02
-8.197020739316940308e-02
8.662738651037216187e-02
-2.274274267256259918e-02
-1.130471751093864441e-01
1.914016604423522949e-01
-1.422487292438745499e-02
-1.016207784414291382e-01
-1.329375952482223511e-01
-8.710249513387680054e-02
-9.215359389781951904e-02
6.690184772014617920e-02
-9.132981300354003906e-02
2.127948850393295288e-01
-1.252983361482620239e-01
8.384222537279129028e-02
-4.851909354329109192e-02
-3.581977635622024536e-02
-7.066968828439712524e-02
6.638398021459579468e-02
6.021994352340698242e-02
1.010140776634216309e-01
-1.014476865530014038e-01
-1.097352728247642517e-01
3.184896335005760193e-02
4.621982201933860779e-02
7.460406422615051270e-02
-2.551764622330665588e-02
-4.652956500649452209e-02
-6.158125028014183044e-02
-1.817699670791625977e-01
-2.254432998597621918e-03
1.493238210678100586e-01
2.855327911674976349e-02
1.796744763851165771e-02
-7.548701018095016479e-02
3.807860612869262695e-02
1.189212277531623840e-01
-2.174730412662029266e-02
-7.299610972404479980e-02
1.352197304368019104e-02
1.337207108736038208e-02
-5.011373758316040039e-02
1.377917975187301636e-01
-6.361037492752075195e-02
-1.539324522018432617e-01
-1.681598871946334839e-01
-9.328127838671207428e-03
-2.941537797451019287e-01
-1.917285323143005371e-01
1.628512889146804810e-02
3.012519702315330505e-02
-9.292073547840118408e-02
2.681100182235240936e-02
-4.544708505272865295e-02
6.113641336560249329e-02
1.268459260463714600e-01
1.100865304470062256e-01
-1.927394792437553406e-02
-1.059009879827499390e-01
-3.931797109544277191e-03
1.119417175650596619e-01
-4.158425331115722656e-02
-9.319547563791275024e-02
-5.352889001369476318e-02
-1.439976245164871216e-01
1.967679150402545929e-02
-1.791276186704635620e-01
8.045525848865509033e-02
-6.117508187890052795e-02
-4.555381834506988525e-02
-1.530807465314865112e-02
6.825547665357589722e-02
-8.160635083913803101e-02
-6.859462708234786987e-02
-1.387646049261093140e-01
-5.656862258911132812e-02
-1.155515164136886597e-01
-8.590649813413619995e-02
-1.379012223333120346e-02
5.677018687129020691e-02
4.773871228098869324e-02
5.071341618895530701e-02
-1.853766292333602905e-01
-6.890633702278137207e-02
-7.596470415592193604e-02
-6.022798269987106323e-02
-1.919677853584289551e-01
3.225254639983177185e-02
9.773113764822483063e-03
6.877303868532180786e-02
-4.899397119879722595e-02
1.349534988403320312e-01
-1.365222968161106110e-02
-9.002964943647384644e-03
-8.135011047124862671e-02
8.068247884511947632e-02
-1.020426750183105469e-01
2.595152892172336578e-02
1.034501492977142334e-01
-1.270585060119628906e-01
1.241792216897010803e-01
6.458387523889541626e-02
-1.574277430772781372e-01
-1.802538521587848663e-02
-5.120525136590003967e-02
-4.569694027304649353e-02
-4.193053767085075378e-02
-2.252803742885589600e-01
-8.830333128571510315e-03
2.179875597357749939e-02
-4.539699107408523560e-02
-5.942318961024284363e-02
3.871200233697891235e-02
2.610156126320362091e-02
-7.333161681890487671e-02
2.206354290246963501e-01
7.149507105350494385e-02
8.061865717172622681e-02
-1.171267032623291016e-01
-1.293394565582275391e-01
1.141145825386047363e-01
-9.456405043601989746e-02
-2.499337196350097656e-01
-6.654142402112483978e-03
-8.698764443397521973e-02
-4.382191970944404602e-02
1.519716978073120117e-01
5.552796181291341782e-03
-3.876205300912261009e-03
1.267484724521636963e-01
-1.115095242857933044e-01
7.241830974817276001e-02
8.488083630800247192e-02
-9.174774587154388428e-02
-7.602922618389129639e-02
3.409488126635551453e-02
-1.295236647129058838e-01
-1.490152031183242798e-01
-2.396821975708007812e-01
4.526929464191198349e-03
3.778640925884246826e-02
-5.307861045002937317e-02
8.224803954362869263e-02
-1.635267883539199829e-01
-1.002993714064359665e-02
-3.619839623570442200e-02
-3.780557587742805481e-02
4.971856251358985901e-02
-3.445484116673469543e-02
-1.368342339992523193e-02
-1.104896813631057739e-01
-9.280718863010406494e-02
-2.139389216899871826e-01
-6.926978379487991333e-02
3.300704434514045715e-02
-1.210316270589828491e-01
-8.404094725847244263e-02
-1.474235765635967255e-02
-5.693437159061431885e-02
-5.925503000617027283e-02
-1.831650361418724060e-02
1.266247183084487915e-01
2.615587972104549408e-02
1.284923683851957321e-02
-7.316367328166961670e-02
-1.100387126207351685e-01
-8.394584059715270996e-02
-3.821033611893653870e-02
6.674438249319791794e-03
-3.278426453471183777e-02
1.735209524631500244e-01
5.998404696583747864e-02
1.333021670579910278e-01
-1.592886149883270264e-01
7.746899500489234924e-03
2.333154231309890747e-01
5.784580111503601074e-02
2.507483027875423431e-02
2.277096547186374664e-02
-1.148142442107200623e-01
2.674433961510658264e-02
-4.657993093132972717e-02
-1.699830219149589539e-02
-2.616749703884124756e-02
-1.264096051454544067e-02
3.611269593238830566e-02
-2.131326198577880859e-01
4.365240409970283508e-02
-1.118157729506492615e-01
-5.982679780572652817e-03
-9.251314215362071991e-03
-1.555893272161483765e-01
-3.029706776142120361e-01
-7.251647114753723145e-02
-1.077087521553039551e-01
-4.065860062837600708e-02
-1.693521738052368164e-01
4.743297025561332703e-02
6.936701480299234390e-03
-4.939604923129081726e-02
1.164158433675765991e-01
-2.616993896663188934e-02
-1.393986791372299194e-01
1.051014736294746399e-01
5.098422616720199585e-02
7.742856442928314209e-02
-3.323330730199813843e-02
-1.079405024647712708e-01
-1.168954279273748398e-02
-9.994564205408096313e-02
-8.430391550064086914e-02
1.661629080772399902e-01
-1.210152581334114075e-01
-6.921078264713287354e-02
-1.722810044884681702e-02
-2.419333159923553467e-01
3.975583240389823914e-02
1.148823350667953491e-01
-1.879126727581024170e-01
-1.703780889511108398e-01
-5.500668287277221680e-02
-1.890125274658203125e-01
-8.975729346275329590e-02
1.887390017509460449e-01
1.102897152304649353e-01
4.922260344028472900e-02
-1.379317641258239746e-01
-3.911995515227317810e-02
-2.918338403105735779e-02
6.108845397830009460e-02
-1.982171386480331421e-01
1.692692339420318604e-01
-2.640906870365142822e-01
-4.442081600427627563e-02
-3.073496930301189423e-02
-9.187740087509155273e-02
2.927095629274845123e-02
-9.558370709419250488e-02
1.574254035949707031e-02
-1.409734636545181274e-01
-2.724349498748779297e-02
-1.239463686943054199e-01
-4.526278376579284668e-02
-2.334504872560501099e-01
3.642173483967781067e-02
1.248462721705436707e-01
8.350167423486709595e-02
-5.552515015006065369e-02
-1.636339575052261353e-01
-1.372238248586654663e-01
-5.111356452107429504e-02
-1.911876723170280457e-02
7.270544767379760742e-02
1.793246529996395111e-02
4.712562263011932373e-02
-1.118570491671562195e-01
1.118092387914657593e-01
5.711054056882858276e-02
-1.208693906664848328e-01
-3.114717267453670502e-02
6.465677917003631592e-02
1.042450293898582458e-01
3.903650492429733276e-02
-1.302583515644073486e-01
6.461412459611892700e-02
-2.024805545806884766e-01
-8.074102550745010376e-02
-3.159140795469284058e-02
-1.512719988822937012e-01
9.360883384943008423e-02
-1.153006926178932190e-01
-1.401674896478652954e-01
-7.182582630775868893e-04
5.865984037518501282e-02
4.932410642504692078e-02
1.592555940151214600e-01
-3.681517764925956726e-02
7.416647858917713165e-03
-1.138429790735244751e-01
1.185551658272743225e-02
