1.431933194398880005e-01
-1.034583449363708496e-01
1.644963771104812622e-02
-4.148665070533752441e-02
6.571093201637268066e-02
-7.565813511610031128e-02
1.015558280050754547e-02
7.409265637397766113e-02
-1.547287553548812866e-01
9.467957913875579834e-02
-1.568647325038909912e-01
-1.427314877510070801e-01
5.016943439841270447e-02
-2.486839331686496735e-02
-1.910023838281631470e-01
3.653001412749290466e-02
-3.823619708418846130e-02
2.024446055293083191e-02
-7.199290394783020020e-02
7.711312919855117798e-02
1.363795101642608643e-01
-1.031240373849868774e-01
-1.717785596847534180e-01
-9.551075845956802368e-02
-1.858483105897903442e-01
-7.217408623546361923e-03
-1.433674246072769165e-01
-1.417297571897506714e-01
-2.536815218627452850e-02
-1.187450811266899109e-02
1.593666896224021912e-02
6.679212301969528198e-02
1.988156139850616455e-02
-4.577451944351196289e-02
8.808781206607818604e-02
-6.608980149030685425e-02
1.055191550403833389e-02
-5.585627257823944092e-02
6.322594732046127319e-02
-3.843904659152030945e-02
7.320243865251541138e-02
-1.397370398044586182e-01
-7.399558275938034058e-02
4.028351977467536926e-02
2.825076878070831299e-02
-1.561547666788101196e-01
-3.501084819436073303e-02
1.122659370303153992e-01
-4.197470843791961670e-02
-1.046528853476047516e-02
-6.319148838520050049e-02
5.684992298483848572e-02
-1.436560899019241333e-01
-1.443287283182144165e-01
3.972926735877990723e-02
7.170210778713226318e-02
3.722246289253234863e-01
6.567272543907165527e-02
-5.813768506050109863e-02
-1.317634731531143188e-01
-2.313048392534255981e-02
-2.263158708810806274e-01
2.124733477830886841e-01
-1.033404022455215454e-01
-1.083990260958671570e-01
-7.247715443372726440e-02
4.581486806273460388e-02
4.835874214768409729e-02
-8.415608108043670654e-02
7.882027328014373779e-02
-1.442987173795700073e-01
-6.288941949605941772e-02
2.560032345354557037e-02
5.596649274230003357e-02
-5.961261689662933350e-02
-1.886184066534042358e-01
-1.836972087621688843e-01
3.114604018628597260e-02
-4.615719988942146301e-02
-1.410671323537826538e-01
5.548251047730445862e-02
-6.396672129631042480e-02
-2.131334394216537476e-01
1.733492873609066010e-02
5.014660209417343140e-02
-1.212055608630180359e-01
7.285830378532409668e-02
-1.213902980089187622e-01
-3.258050605654716492e-02
9.494386613368988037e-02
3.173570334911346436e-01
1.399215459823608398e-01
-6.589835137128829956e-02
-8.361878246068954468e-02
1.002731770277023315e-01
-8.819513767957687378e-02
-7.412516325712203979e-02
-1.046928986907005310e-01
6.439433991909027100e-02
-1.466035097837448120e-01
-2.004720866680145264e-01
-5.452498048543930054e-02
2.781677432358264923e-02
-1.656779497861862183e-01
-2.006117999553680420e-02
-2.082912921905517578e-01
-7.009399682283401489e-02
-6.264874339103698730e-02
5.889600887894630432e-02
-1.159201413393020630e-01
9.133625775575637817e-02
-4.209498316049575806e-02
6.736685335636138916e-02
-2.844125963747501373e-02
-5.384574085474014282e-02
-2.167001664638519287e-01
1.748900115489959717e-01
-9.245041012763977051e-02
-5.887086689472198486e-02
3.545565307140350342e-01
-9.185990318655967712e-03
-9.498815052211284637e-03
-7.847366482019424438e-02
4.496823996305465698e-02
1.265845894813537598e-01
-2.987056598067283630e-02
9.663507342338562012e-03
-1.269562393426895142e-01
1.049699187278747559e-01
-3.089725598692893982e-02
-1.695310771465301514e-01
1.814240068197250366e-01
-3.333351342007517815e-03
-3.030157648026943207e-02
-3.302657976746559143e-02
6.506232917308807373e-02
1.163759529590606689e-01
-2.931614965200424194e-02
4.846777766942977905e-02
-9.600599855184555054e-02
2.128929197788238525e-01
-1.344292461872100830e-01
-4.019002988934516907e-02
-2.915165573358535767e-02
9.228043258190155029e-03
1.254791766405105591e-01
-1.220614537596702576e-01
-7.986988872289657593e-02
-7.182052731513977051e-02
-3.280472010374069214e-03
-1.337720546871423721e-02
4.775809869170188904e-02
-1.841438114643096924e-01
1.376586966216564178e-02
6.838453561067581177e-02
9.238810837268829346e-02
1.493828464299440384e-02
-1.070754677057266235e-01
-2.380329221487045288e-01
2.701766788959503174e-02
1.040491387248039246e-01
-9.755845367908477783e-02
-2.045079171657562256e-01
-2.283469289541244507e-01
7.258553057909011841e-02
1.079667508602142334e-01
1.102910935878753662e-01
-8.113123476505279541e-03
-1.259890347719192505e-01
-1.287021338939666748e-01
-2.929740399122238159e-02
-1.432431489229202271e-01
-2.938938140869140625e-02
1.987533457577228546e-02
-9.025822579860687256e-02
-7.939250022172927856e-02
-7.035433314740657806e-03
6.273046135902404785e-02
-1.935014277696609497e-01
-3.240218386054039001e-02
3.432494401931762695e-02
-6.490219384431838989e-02
-3.831968456506729126e-02
-2.509638071060180664e-01
-1.139699518680572510e-01
-2.163429856300354004e-01
-9.992848336696624756e-02
-4.874786362051963806e-02
-2.046207636594772339e-01
5.805074051022529602e-02
2.583961486816406250e-01
-2.269802987575531006e-01
1.893213391304016113e-01
-1.086549460887908936e-01
-1.603692173957824707e-01
1.667783558368682861e-01
-1.137958392500877380e-01
-7.799085695296525955e-03
-5.518613010644912720e-02
-3.398110717535018921e-02
-6.861715763807296753e-02
1.080297082662582397e-01
-3.086864762008190155e-02
-2.522180043160915375e-02
1.074183434247970581e-01
-5.015514791011810303e-02
-9.415284544229507446e-02
-7.222665846347808838e-02
-7.124084234237670898e-02
-1.802815943956375122e-01
7.748703472316265106e-03
-6.062033399939537048e-02
-4.573339223861694336e-02
-1.312726438045501709e-01
-1.647932976484298706e-01
1.547242049127817154e-02
1.286811232566833496e-01
-6.101246550679206848e-02
-6.524989008903503418e-02
5.762854591012001038e-02
-6.780321151018142700e-02
2.804763056337833405e-02
-8.357964456081390381e-02
-4.267504066228866577e-02
-2.791747916489839554e-03
9.390513412654399872e-03
5.524248257279396057e-02
2.570084109902381897e-02
-2.667263709008693695e-02
-9.393544495105743408e-02
9.057684242725372314e-02
1.023875921964645386e-01
1.125773489475250244e-01
-1.269176453351974487e-01
-6.255023181438446045e-02
8.639051020145416260e-02
3.715309873223304749e-02
-6.023173779249191284e-02
1.035563275218009949e-01
4.797618836164474487e-02
-6.367259472608566284e-02
6.768838316202163696e-02
-7.196120917797088623e-03
-1.820775717496871948e-01
2.246511355042457581e-02
4.779698327183723450e-02
-9.037860482931137085e-02
-3.862025588750839233e-02
1.601843088865280151e-01
-9.735656529664993286e-02
7.203710824251174927e-02
-6.227563135325908661e-03
9.122219868004322052e-03
-9.122050367295742035e-03
4.746525734663009644e-02
-7.622865960001945496e-03
6.371633708477020264e-02
-8.935747295618057251e-02
-1.657785177230834961e-01
-3.688171505928039551e-02
2.532484754920005798e-02
9.452829509973526001e-02
-9.401971101760864258e-02
-9.569746255874633789e-02
6.590018421411514282e-02
1.114061400294303894e-01
-8.892195671796798706e-02
4.626985266804695129e-02
-5.218011327087879181e-03
-5.822819098830223083e-02
-1.205760911107063293e-01
-7.282921671867370605e-02
-1.727945357561111450e-01
1.368119101971387863e-02
-1.806232929229736328e-01
-8.063691109418869019e-02
-8.221075683832168579e-02
1.338514089584350586e-01
-2.924512885510921478e-02
1.758966296911239624e-01
1.360081583261489868e-01
1.770568639039993286e-02
-1.345584392547607422e-01
-1.435827761888504028e-01
1.477781087160110474e-01
3.179742768406867981e-02
-1.677526533603668213e-01
-1.626476049423217773e-01
-1.085832365788519382e-03
1.058226451277732849e-01
-3.609654679894447327e-02
-6.200670823454856873e-02
-1.110230535268783569e-01
5.135496705770492554e-02
-9.167961776256561279e-02
-2.075790427625179291e-02
6.509790569543838501e-02
-1.012342702597379684e-02
-2.838838845491409302e-02
1.436720369383692741e-03
2.764613740146160126e-02
4.417989030480384827e-02
5.145844072103500366e-03
7.450905442237854004e-02
1.408153176307678223e-01
-6.381808966398239136e-02
-5.627760663628578186e-02
1.171714588999748230e-01
7.788906246423721313e-02
-6.121485680341720581e-02
-5.325754359364509583e-02
1.030463073402643204e-02
-2.168857902288436890e-01
4.370088875293731689e-02
-8.965684473514556885e-02
2.177364751696586609e-02
1.520034968852996826e-01
-1.677654497325420380e-02
-2.964278310537338257e-02
3.949339687824249268e-02
1.354243755340576172e-01
-2.173335850238800049e-01
-2.177923917770385742e-01
-1.775334477424621582e-01
3.234590962529182434e-02
1.911003887653350830e-02
-3.340593073517084122e-03
-2.385465428233146667e-03
2.007785998284816742e-02
-1.065981686115264893e-01
3.646552935242652893e-02
8.769297599792480469e-02
4.908450692892074585e-02
-1.070771813392639160e-01
-4.862134903669357300e-02
-8.160258084535598755e-02
1.482589840888977051e-01
-2.162409946322441101e-02
-1.870065480470657349e-01
2.566089332103729248e-01
-1.470559537410736084e-01
3.296953737735748291e-01
9.346782416105270386e-02
1.171876788139343262e-01
7.728163897991180420e-02
-9.445015341043472290e-02
3.235954791307449341e-02
-1.224360466003417969e-01
9.163689683191478252e-04
-8.363278210163116455e-02
-5.760553479194641113e-02
-2.524157054722309113e-02
6.467470526695251465e-02
1.509462594985961914e-01
-7.462218403816223145e-02
3.908637445420026779e-03
1.054679006338119507e-01
6.943096220493316650e-02
-1.276389509439468384e-01
4.603362828493118286e-02
-1.618098020553588867e-01
7.820737361907958984e-02
1.991580426692962646e-01
-2.066548354923725128e-02
1.153276637196540833e-01
1.266334950923919678e-01
-7.353275269269943237e-02
-8.656043559312820435e-02
-7.042035460472106934e-03
9.224560111761093140e-02
4.938032478094100952e-02
-1.440535858273506165e-02
1.617437154054641724e-01
1.430733650922775269e-01
-4.256447777152061462e-02
1.259251087903976440e-01
2.055848985910415649e-01
-1.790581494569778442e-01
-1.132004037499427795e-01
2.167809382081031799e-02
-2.358285188674926758e-01
-6.278536468744277954e-02
-1.090695038437843323e-01
-3.940919786691665649e-02
-1.545776128768920898e-01
1.325431317090988159e-01
3.586084023118019104e-02
4.294724017381668091e-02
-4.407536610960960388e-02
3.407082334160804749e-02
1.394948214292526245e-01
4.239875823259353638e-02
-1.082596480846405029e-01
-7.391171902418136597e-02
1.115763708949089050e-01
-5.544081702828407288e-02
-7.672122120857238770e-02
-2.901255898177623749e-02
1.226838454604148865e-01
3.527903929352760315e-02
-2.634491026401519775e-02
-2.827715873718261719e-01
1.515009403228759766e-01
-1.978648453950881958e-01
5.139009654521942139e-02
1.430274359881877899e-02
7.595361769199371338e-02
-4.803122952580451965e-02
-2.452386766672134399e-01
6.821981817483901978e-02
-1.890335232019424438e-01
-5.148568749427795410e-02
-2.433834820985794067e-01
-1.786488890647888184e-01
-8.528292179107666016e-03
-6.121633946895599365e-02
-1.069688573479652405e-01
-1.139837969094514847e-02
-4.103371128439903259e-02
4.999998956918716431e-02
-4.196452349424362183e-02
-7.612000405788421631e-02
9.665107354521751404e-03
-5.330809205770492554e-02
-6.216890364885330200e-02
-4.666038602590560913e-02
-6.084608286619186401e-02
-6.465423107147216797e-02
7.342543918639421463e-03
-1.918049529194831848e-02
6.985733658075332642e-02
1.338241994380950928e-01
-2.706062421202659607e-02
-1.350247114896774292e-01
-1.471277028322219849e-01
-7.091403752565383911e-02
4.111360013484954834e-02
-1.014469936490058899e-01
-1.092698946595191956e-01
3.003917448222637177e-02
-3.342590481042861938e-02
-9.615200012922286987e-02
-4.860354214906692505e-02
7.485028356313705444e-02
-1.371045131236314774e-02
-6.148466095328330994e-02
1.417144536972045898e-01
-4.978563636541366577e-02
7.261569146066904068e-03
-1.618477702140808105e-02
