6.429433822631835938e-02
1.329929679632186890e-01
-8.017585426568984985e-02
6.241191178560256958e-02
2.494183555245399475e-02
-4.790823534131050110e-02
-4.517786577343940735e-02
5.763584002852439880e-02
-3.765902668237686157e-02
-4.345968365669250488e-02
-3.831795975565910339e-02
9.977976791560649872e-03
1.453780084848403931e-01
9.915013611316680908e-02
-7.293018698692321777e-02
8.722747117280960083e-02
1.957412809133529663e-02
-8.167460560798645020e-02
-1.679472066462039948e-02
3.432277590036392212e-02
-3.710020333528518677e-02
-5.651132017374038696e-02
-3.168366104364395142e-02
6.249141320586204529e-02
-1.722139888443052769e-03
-3.976830467581748962e-02
4.488407575991004705e-04
1.911470107734203339e-02
3.921108320355415344e-02
1.163820698857307434e-01
2.400826103985309601e-02
3.250301256775856018e-02
-9.814546257257461548e-02
-9.368047118186950684e-02
2.383434399962425232e-02
2.952900342643260956e-02
-9.844978153705596924e-02
1.429745741188526154e-02
-6.400268990546464920e-03
1.097694411873817444e-01
1.229372546076774597e-01
-1.978608965873718262e-01
2.220870852470397949e-01
-3.204317390918731689e-02
-9.630218893289566040e-02
-1.931497082114219666e-02
9.049408137798309326e-02
-8.069617301225662231e-02
5.465248972177505493e-02
-7.865612953901290894e-02
-1.198352575302124023e-01
5.437581613659858704e-02
9.563520550727844238e-02
5.172281712293624878e-02
-3.559812530875205994e-02
-8.187332004308700562e-02
1.844104006886482239e-02
1.786715164780616760e-02
2.327966876327991486e-02
-1.417026855051517487e-02
1.436673700809478760e-01
-8.385021239519119263e-02
-1.538562681525945663e-02
1.034452468156814575e-01
-1.223617419600486755e-01
1.976774260401725769e-02
8.425469696521759033e-02
-6.761047244071960449e-02
1.454873681068420410e-01
-2.099219895899295807e-02
-6.667220592498779297e-02
1.089794039726257324e-01
7.003288716077804565e-02
-4.216403514146804810e-02
-9.851606190204620361e-02
-9.230960160493850708e-02
-8.236445486545562744e-02
3.861457481980323792e-02
1.012406498193740845e-01
1.712351664900779724e-02
-2.576048485934734344e-02
-5.570442602038383484e-02
-6.667823344469070435e-02
7.370909303426742554e-02
-4.260644689202308655e-02
8.880130201578140259e-02
1.016622781753540039e-01
-1.917607188224792480e-01
-4.815764725208282471e-02
-6.708085536956787109e-02
1.281841844320297241e-01
-1.532651633024215698e-01
-1.342042535543441772e-01
-1.421750802546739578e-02
-6.804084777832031250e-02
-1.228182092308998108e-01
8.558575063943862915e-02
-1.203009858727455139e-01
1.880016177892684937e-02
7.906755059957504272e-02
9.956753998994827271e-02
-1.686527975834906101e-03
-1.864817924797534943e-02
5.859941244125366211e-03
-8.501430600881576538e-02
-7.607524096965789795e-02
-4.370586201548576355e-02
6.766484677791595459e-02
1.822145655751228333e-02
-4.780381545424461365e-02
-1.495807617902755737e-01
-3.519149497151374817e-02
-3.028671070933341980e-02
-4.490903392434120178e-02
4.999070428311824799e-03
6.902483850717544556e-02
3.928657248616218567e-02
5.156603828072547913e-02
8.399853855371475220e-02
1.775272339582443237e-01
-2.298275008797645569e-02
1.112313941121101379e-03
-1.530647128820419312e-01
7.054369896650314331e-02
5.636253394186496735e-03
6.056915223598480225e-02
-4.518479853868484497e-02
3.804852813482284546e-02
4.409335553646087646e-02
-2.829301059246063232e-01
-8.814691752195358276e-02
-2.258227318525314331e-01
1.256276071071624756e-01
-4.975521191954612732e-02
-2.210333645343780518e-01
1.387375127524137497e-02
-1.152170300483703613e-01
5.403570458292961121e-02
3.792543336749076843e-02
-2.035390771925449371e-02
-1.127469167113304138e-01
-2.249239087104797363e-01
-1.197906807065010071e-01
6.011616066098213196e-02
-1.328629404306411743e-01
-4.435028880834579468e-02
-1.022250652313232422e-01
8.575770258903503418e-02
7.829942554235458374e-02
3.156997263431549072e-02
5.044468119740486145e-02
-1.226293891668319702e-01
9.391940385103225708e-02
-3.298108279705047607e-02
1.530178189277648926e-01
9.071642160415649414e-02
9.744080901145935059e-02
-9.104187786579132080e-02
-1.262233406305313110e-01
1.317225545644760132e-01
-3.295529633760452271e-02
1.736994981765747070e-01
-4.094656929373741150e-02
3.810707107186317444e-02
-4.121678322553634644e-02
9.786248952150344849e-02
-4.782945849001407623e-03
-1.775855869054794312e-01
6.908954679965972900e-02
-6.204852461814880371e-02
5.879045277833938599e-02
2.127381712198257446e-01
-1.643753051757812500e-01
-6.202347576618194580e-02
-3.739367797970771790e-02
5.666501447558403015e-02
5.427640676498413086e-02
-1.176134645938873291e-01
-1.917054802179336548e-01
-1.415527313947677612e-01
-4.635152220726013184e-02
-1.640004292130470276e-02
1.005066279321908951e-02
3.008968196809291840e-02
-8.539386093616485596e-02
-9.122128784656524658e-02
-7.824257761240005493e-02
7.897663861513137817e-02
1.956693679094314575e-01
-2.134593874216079712e-01
4.288394004106521606e-02
-1.277364604175090790e-02
4.607268422842025757e-02
1.348112616688013077e-02
9.447091817855834961e-02
3.202791139483451843e-02
9.067025035619735718e-03
-2.924913167953491211e-01
-7.154705375432968140e-02
5.226822104305028915e-03
-4.333781078457832336e-02
4.439105466008186340e-02
-5.784431844949722290e-02
1.846204251050949097e-01
8.392316848039627075e-02
-2.690298557281494141e-01
2.245028167963027954e-01
-2.464570105075836182e-01
2.262790948152542114e-01
1.386959552764892578e-01
-5.979596450924873352e-02
-2.005869336426258087e-02
1.311532314866781235e-02
2.493106201291084290e-02
-8.861371129751205444e-02
9.503675997257232666e-02
6.148540973663330078e-02
-1.254115346819162369e-02
7.659453898668289185e-02
8.318945765495300293e-02
2.464232034981250763e-02
-1.312623918056488037e-01
-1.139306947588920593e-01
7.925882935523986816e-02
1.417405307292938232e-01
2.280765026807785034e-02
-8.228668570518493652e-02
1.610904633998870850e-01
-1.875648275017738342e-02
7.350666075944900513e-02
8.776018396019935608e-03
2.304597757756710052e-03
-2.308608777821063995e-02
1.108804158866405487e-02
5.446210503578186035e-02
-2.607619389891624451e-02
1.532715409994125366e-01
3.290611505508422852e-02
5.196896940469741821e-02
2.645126730203628540e-02
-4.472606349736452103e-03
-1.026544198393821716e-01
1.052909903228282928e-02
1.287325918674468994e-01
9.114930778741836548e-02
-2.688197791576385498e-02
-8.818160742521286011e-02
-2.707562446594238281e-01
-5.192168056964874268e-02
-1.265852712094783783e-03
1.660461872816085815e-01
4.367265477776527405e-02
6.513319909572601318e-02
-7.307145744562149048e-02
-2.422390971332788467e-03
2.114908210933208466e-02
7.759826630353927612e-02
-4.571453109383583069e-02
1.018303558230400085e-01
-1.041066870093345642e-01
6.089477613568305969e-02
4.952032864093780518e-02
-3.649421036243438721e-02
7.052329927682876587e-02
3.428493067622184753e-02
-1.205396279692649841e-02
5.036098882555961609e-02
-1.356268185190856457e-03
-1.096085011959075928e-01
5.689661018550395966e-03
4.672232270240783691e-02
-2.679992914199829102e-01
-1.511413753032684326e-01
5.056925490498542786e-02
1.359032839536666870e-01
1.234896015375852585e-03
1.371091306209564209e-01
5.756129696965217590e-02
1.243895217776298523e-01
7.690003514289855957e-02
-9.589875489473342896e-02
-1.263184472918510437e-02
-2.599196322262287140e-02
-2.350840345025062561e-02
1.043165624141693115e-01
2.161818891763687134e-01
7.817208021879196167e-02
3.340364247560501099e-02
-5.175504088401794434e-02
2.483577430248260498e-01
5.359639972448348999e-02
8.565056324005126953e-02
-1.670017093420028687e-01
3.196965903043746948e-03
-2.181116342544555664e-01
1.739243268966674805e-01
9.369597770273685455e-03
-2.245669998228549957e-02
-4.531414434313774109e-02
-7.421799749135971069e-02
1.792107522487640381e-02
-3.680448979139328003e-02
-6.033336743712425232e-02
-2.995621412992477417e-02
-1.962957084178924561e-01
1.356827653944492340e-02
1.601238362491130829e-02
-1.281580924987792969e-01
-5.048051849007606506e-02
5.788859352469444275e-02
1.545425951480865479e-01
2.599555440247058868e-02
-2.158083254471421242e-03
-1.445723325014114380e-01
-1.030657738447189331e-01
-1.162255462259054184e-02
8.636454120278358459e-03
-6.487627327442169189e-02
-7.951649278402328491e-02
6.564894318580627441e-02
-7.309117168188095093e-02
1.327252574265003204e-02
-2.061523869633674622e-02
1.258796919137239456e-02
-8.505873382091522217e-02
7.670494914054870605e-02
-1.112214848399162292e-01
-7.911890745162963867e-02
5.333518981933593750e-02
-5.843619257211685181e-02
4.359044507145881653e-02
1.197545975446701050e-02
6.008092314004898071e-02
2.287943661212921143e-02
-4.817815124988555908e-02
-1.656311899423599243e-01
-3.050455637276172638e-02
-3.697310760617256165e-02
1.652836799621582031e-01
1.328758746385574341e-01
-1.002776101231575012e-01
-4.152007866650819778e-03
1.359030790627002716e-02
3.034858405590057373e-01
-2.276971004903316498e-02
-2.339142374694347382e-02
2.523324787616729736e-01
7.736773043870925903e-02
-2.300949208438396454e-02
-4.130703583359718323e-02
-9.183660149574279785e-02
6.065817549824714661e-02
-4.202806577086448669e-02
1.695361733436584473e-01
-1.804401911795139313e-02
9.620227664709091187e-02
-1.767135858535766602e-01
-1.110076531767845154e-01
-4.780348390340805054e-02
9.267701953649520874e-02
-7.927900552749633789e-02
1.719172149896621704e-01
2.747381478548049927e-02
3.838440030813217163e-02
-3.483920171856880188e-02
-3.817960247397422791e-02
-5.207071453332901001e-02
-1.038624867796897888e-01
9.428163617849349976e-02
-1.962890177965164185e-01
-1.011281087994575500e-01
1.797294057905673981e-02
-1.282933652400970459e-01
1.004287749528884888e-01
1.542214155197143555e-01
9.690881706774234772e-03
1.431256830692291260e-01
4.245785251259803772e-02
-2.033531069755554199e-01
-4.707661271095275879e-02
-2.501316666603088379e-01
5.498471856117248535e-02
1.255991309881210327e-01
4.817383363842964172e-03
2.312619090080261230e-01
-1.567093580961227417e-01
-9.242199361324310303e-02
-1.229195743799209595e-01
-1.091826334595680237e-01
-1.262534111738204956e-01
3.263898892328143120e-03
5.266744270920753479e-02
1.700007468461990356e-01
-4.311963170766830444e-02
1.190654858946800232e-01
2.019529491662979126e-01
-6.410306692123413086e-02
4.017379600554704666e-03
-1.148427873849868774e-01
8.575682528316974640e-03
1.867747679352760315e-02
1.570698991417884827e-02
4.039324074983596802e-02
2.337022917345166206e-03
-6.085204426199197769e-03
1.786449402570724487e-01
7.739934325218200684e-02
3.205821663141250610e-02
-1.314152777194976807e-01
2.136794291436672211e-02
-4.060799255967140198e-03
-4.550494626164436340e-02
5.727657303214073181e-02
-3.708783164620399475e-02
2.349272556602954865e-02
6.606114096939563751e-03
1.401398330926895142e-01
-2.444787509739398956e-02
3.590103611350059509e-02
8.253114670515060425e-02
-1.072213277220726013e-01
-1.097515504807233810e-02
2.823578566312789917e-02
2.953550219535827637e-01
-8.768253028392791748e-02
6.093440204858779907e-02
-9.259261935949325562e-02
-2.859721146523952484e-02
-1.075838506221771240e-01
3.654174134135246277e-02
-6.891252100467681885e-02
1.071554515510797501e-02
1.013847142457962036e-01
-9.116914123296737671e-02
-1.786340326070785522e-01
9.966466575860977173e-03
-4.845436289906501770e-02
8.883237838745117188e-03
9.229497611522674561e-02
-1.566962003707885742e-01
-1.025965288281440735e-01
-2.095514722168445587e-02
-9.931383281946182251e-02
6.818038225173950195e-02
1.677119731903076172e-01
-5.058611556887626648e-02
-1.164647564291954041e-01
1.496318429708480835e-01
-5.400371551513671875e-02
6.797476857900619507e-02
