-6.784262508153915405e-02
-1.705797910690307617e-01
-8.618138730525970459e-02
2.172100171446800232e-02
-6.056929007172584534e-02
4.994110018014907837e-02
-8.317284286022186279e-02
-9.806088358163833618e-02
2.041549384593963623e-01
2.134842723608016968e-01
4.644553363323211670e-02
-9.306585043668746948e-02
-1.909453130792826414e-04
-1.238055676221847534e-01
2.198671847581863403e-01
-4.078688845038414001e-02
-1.769697107374668121e-02
-1.545139309018850327e-02
-2.376303076744079590e-02
7.737177610397338867e-02
4.111521691083908081e-02
-1.066310256719589233e-01
-4.489520937204360962e-02
7.396844029426574707e-02
-8.230717480182647705e-02
6.149496883153915405e-02
6.425422150641679764e-03
1.897484511137008667e-01
6.729809939861297607e-02
-9.600049816071987152e-03
-8.866869658231735229e-02
-5.924554914236068726e-02
5.289278551936149597e-02
2.037913724780082703e-02
1.288435012102127075e-01
4.735158383846282959e-02
-3.979264944791793823e-02
9.743525832891464233e-02
-1.273315399885177612e-01
6.577604264020919800e-02
1.076096296310424805e-02
-1.005369126796722412e-01
1.032900623977184296e-02
1.165683120489120483e-01
4.441585391759872437e-02
-5.881486460566520691e-02
-5.656882748007774353e-02
-1.093971133232116699e-01
-1.153980866074562073e-01
1.169141307473182678e-01
-8.683978021144866943e-02
1.527354717254638672e-01
-1.074129119515419006e-01
3.636492788791656494e-02
4.490773007273674011e-02
5.876525864005088806e-02
4.422040283679962158e-02
-1.367279235273599625e-02
9.151861071586608887e-02
-9.290938079357147217e-02
1.125365570187568665e-01
6.344842165708541870e-02
-1.569045037031173706e-01
-7.656297087669372559e-02
1.804449856281280518e-01
-2.210221253335475922e-02
1.567706614732742310e-01
-1.544457077980041504e-01
9.770051389932632446e-02
2.184331566095352173e-01
1.134443506598472595e-01
-1.550104841589927673e-02
-6.801823619753122330e-03
-3.546071425080299377e-02
9.971667081117630005e-02
1.195116490125656128e-01
6.298192590475082397e-02
-8.550580590963363647e-03
2.566223219037055969e-02
-7.582183182239532471e-02
-1.803196966648101807e-01
4.114478453993797302e-02
4.307835362851619720e-03
7.766878604888916016e-02
-1.835028976202011108e-01
-1.282837390899658203e-01
-1.768625825643539429e-01
-1.173065304756164551e-01
3.162212669849395752e-02
1.424770951271057129e-01
1.093327905982732773e-02
-2.976851165294647217e-02
-2.849424257874488831e-02
9.446956962347030640e-02
5.944152944721281528e-04
-9.888646006584167480e-02
-9.033481031656265259e-02
2.981199882924556732e-02
-2.247633486986160278e-01
-2.980025112628936768e-02
-1.491990964859724045e-02
8.654022216796875000e-02
-1.092717945575714111e-01
2.045448422431945801e-01
6.539155263453722000e-03
9.958408027887344360e-02
-1.034232527017593384e-01
2.083302587270736694e-01
2.890922129154205322e-02
2.441436983644962311e-02
3.581754490733146667e-02
-1.460918784141540527e-01
-1.748650521039962769e-01
-5.371926724910736084e-02
4.042831063270568848e-02
-1.986231952905654907e-01
-1.142116412520408630e-01
-2.095935642719268799e-01
-1.079133450984954834e-01
1.589298248291015625e-01
1.791175454854965210e-02
1.880935728549957275e-01
6.538179237395524979e-03
1.420877426862716675e-01
4.903017356991767883e-02
-1.366506703197956085e-02
1.505063027143478394e-01
-8.590830862522125244e-02
-8.229260891675949097e-02
2.676137536764144897e-02
5.998188629746437073e-02
7.283041626214981079e-02
4.278475046157836914e-02
4.499025642871856689e-02
3.126007318496704102e-02
-3.100160509347915649e-02
1.916008070111274719e-02
4.205390810966491699e-02
7.687219977378845215e-02
2.214714288711547852e-01
2.538556046783924103e-02
2.151565253734588623e-02
4.174587130546569824e-02
-2.050578594207763672e-02
-9.622074663639068604e-02
1.242712605744600296e-02
7.578210439532995224e-03
-6.215471029281616211e-02
-4.947438836097717285e-02
-3.618063032627105713e-02
1.769887953996658325e-01
-1.057136151939630508e-02
-1.161216124892234802e-01
1.229703542776405811e-03
6.095626205205917358e-02
-7.230177521705627441e-03
-6.806980818510055542e-02
1.160102412104606628e-01
-1.927623897790908813e-01
-3.599736839532852173e-03
-7.721929252147674561e-02
1.303689833730459213e-02
-1.340720504522323608e-01
-4.366490989923477173e-02
-8.614049106836318970e-02
9.994566440582275391e-03
5.623335391283035278e-02
7.633331231772899628e-03
-1.101086288690567017e-01
-2.079941518604755402e-02
8.097115159034729004e-02
1.564647108316421509e-01
-8.191061206161975861e-03
-2.016723883571103215e-04
-4.081141576170921326e-02
6.256909668445587158e-02
-8.187741041183471680e-03
9.622513502836227417e-02
3.589413687586784363e-02
-1.468840092420578003e-01
-1.798685193061828613e-01
-8.747813850641250610e-02
1.571462750434875488e-01
9.974212199449539185e-02
1.018174439668655396e-01
-4.260857030749320984e-02
-1.367163211107254028e-01
-2.767634578049182892e-03
1.428473740816116333e-02
-3.994634374976158142e-02
-9.083686769008636475e-02
-6.824477016925811768e-02
-7.551585137844085693e-02
1.320310980081558228e-01
-1.510555893182754517e-01
1.465094834566116333e-01
5.195621401071548462e-02
-7.466505467891693115e-02
1.512430794537067413e-02
-7.252399623394012451e-02
5.121567845344543457e-02
3.670402243733406067e-02
1.015054807066917419e-02
-5.081297829747200012e-02
-4.893368110060691833e-02
-1.884489133954048157e-02
-1.579706370830535889e-01
9.931258112192153931e-02
-2.207929641008377075e-02
-2.744411304593086243e-02
2.453543804585933685e-02
-5.600534752011299133e-02
1.343638300895690918e-01
6.113808136433362961e-03
5.960312113165855408e-02
3.457406163215637207e-02
1.041816663928329945e-03
-1.636029034852981567e-02
-1.263344660401344299e-02
1.075738668441772461e-01
-1.832347214221954346e-01
4.757716506719589233e-02
9.261173009872436523e-02
1.583856344223022461e-01
4.591790493577718735e-03
2.004617005586624146e-01
9.195771068334579468e-02
-9.373842924833297729e-02
5.423703789710998535e-02
-7.536113262176513672e-02
-3.992846980690956116e-02
-1.021861191838979721e-02
1.624539345502853394e-01
-2.654895931482315063e-02
-1.178575754165649414e-01
5.807042494416236877e-02
-5.374712124466896057e-02
1.410020142793655396e-01
-1.770270243287086487e-02
1.949688047170639038e-02
-1.976710557937622070e-01
-1.226568520069122314e-01
4.103103280067443848e-02
1.297227591276168823e-01
-3.750236332416534424e-02
2.681987173855304718e-02
3.646959364414215088e-02
1.274235174059867859e-02
-2.845623493194580078e-01
2.716581821441650391e-01
1.926225572824478149e-01
-1.001286804676055908e-01
-8.401072584092617035e-03
1.248693987727165222e-01
-2.558447420597076416e-01
9.162776917219161987e-02
-1.855861097574234009e-01
-3.561391495168209076e-03
-4.951322823762893677e-02
-5.170675925910472870e-03
-6.101884692907333374e-02
-2.049852609634399414e-01
-1.378253102302551270e-01
3.768645972013473511e-02
7.742055505514144897e-02
3.773756325244903564e-02
-4.403611645102500916e-02
1.007104441523551941e-01
-2.444202601909637451e-01
-2.299810387194156647e-02
1.380161475390195847e-02
-3.615855425596237183e-02
4.482720047235488892e-02
1.811363361775875092e-02
3.339582309126853943e-02
-3.561441227793693542e-02
3.012563847005367279e-02
-2.433100901544094086e-02
-2.086850255727767944e-01
2.454907633364200592e-02
-1.358192861080169678e-01
3.418016433715820312e-02
9.311437606811523438e-02
-3.182601928710937500e-02
4.717990383505821228e-02
1.356207132339477539e-01
7.977633923292160034e-02
2.146806269884109497e-01
2.169663906097412109e-01
4.874442517757415771e-02
8.846507966518402100e-02
-1.246118471026420593e-01
-7.097636908292770386e-02
-5.438592284917831421e-02
-8.590646833181381226e-02
-5.897107720375061035e-02
-1.461586654186248779e-01
-8.533142507076263428e-02
-1.148802265524864197e-01
5.838650744408369064e-03
2.561869658529758453e-02
-7.201642543077468872e-02
-6.814213003963232040e-03
4.887280985713005066e-02
2.144089899957180023e-02
1.803449541330337524e-02
1.048220545053482056e-01
-1.893411949276924133e-02
5.170213058590888977e-02
-6.670158356428146362e-02
1.579790562391281128e-01
2.225032262504100800e-02
-3.315950930118560791e-02
-3.526289761066436768e-02
-1.354672946035861969e-02
2.758301328867673874e-03
1.168987080454826355e-01
1.237991675734519958e-01
2.909569442272186279e-01
3.844031831249594688e-03
1.068356484174728394e-01
4.049301892518997192e-02
-1.591666191816329956e-01
1.079295650124549866e-01
4.981380701065063477e-02
-1.361799240112304688e-01
-4.776519257575273514e-03
-8.708687871694564819e-02
-2.484458833932876587e-01
1.093555092811584473e-01
-2.414529910311102867e-03
-2.135127037763595581e-01
-6.557672470808029175e-02
1.774242818355560303e-01
-9.627422690391540527e-02
4.528367891907691956e-02
1.113209649920463562e-01
-9.352017194032669067e-02
-1.209916472434997559e-01
-2.374528646469116211e-01
5.496507138013839722e-02
5.974816158413887024e-02
2.943354286253452301e-02
1.342612653970718384e-01
8.035655319690704346e-02
-5.297538638114929199e-02
-8.208734542131423950e-02
-6.433989107608795166e-02
-4.186913371086120605e-02
2.967950329184532166e-02
-1.185400784015655518e-01
-5.297249183058738708e-02
1.838832577050197870e-05
1.235930807888507843e-02
1.328980177640914917e-01
2.159072160720825195e-01
5.713683366775512695e-02
4.825343843549489975e-03
-1.004350557923316956e-01
2.021180689334869385e-01
-3.035318478941917419e-02
7.566730026155710220e-03
-1.140285283327102661e-01
3.242834936827421188e-04
-1.985463351011276245e-01
1.611262559890747070e-01
-4.634396638721227646e-03
-1.890397369861602783e-01
8.874245919287204742e-03
3.134298697113990784e-02
3.544802963733673096e-02
-1.334203034639358521e-01
3.433934599161148071e-02
-7.121885567903518677e-02
-8.398797363042831421e-02
-8.567417971789836884e-03
-9.428079426288604736e-02
3.085505403578281403e-02
2.291119396686553955e-01
7.230214029550552368e-02
-2.937179617583751678e-02
-2.293246798217296600e-02
-6.957089155912399292e-02
-1.053339019417762756e-01
-4.098010435700416565e-02
-1.263831704854965210e-01
-2.742605283856391907e-03
-4.901386331766843796e-03
1.168354377150535583e-01
-5.729590356349945068e-02
1.020297035574913025e-01
1.438567787408828735e-01
-3.027224913239479065e-02
1.108140125870704651e-01
1.523520424962043762e-02
-1.020906493067741394e-01
9.610506892204284668e-02
-7.676407694816589355e-02
1.019800081849098206e-01
6.626410782337188721e-02
7.922714203596115112e-02
-4.881323501467704773e-02
-4.445773549377918243e-03
-9.859829396009445190e-02
-1.005495563149452209e-01
-9.271974675357341766e-03
4.040730744600296021e-02
1.182958558201789856e-01
2.913187490776181221e-03
4.176456853747367859e-02
-5.219672992825508118e-02
-1.942860707640647888e-02
3.717113658785820007e-02
3.021229244768619537e-02
-1.263180971145629883e-01
6.058957427740097046e-03
6.580698490142822266e-02
7.872160524129867554e-02
8.460975438356399536e-02
4.423326998949050903e-02
7.701493054628372192e-02
3.463149303570389748e-03
9.304162114858627319e-02
-1.358904242515563965e-01
-1.548310071229934692e-01
-2.026886940002441406e-01
4.743095114827156067e-02
-1.541335284709930420e-01
7.271414250135421753e-02
-1.084244176745414734e-01
4.550134763121604919e-02
-1.238961424678564072e-02
-2.056409865617752075e-01
-7.050062716007232666e-02
2.835941910743713379e-01
-9.603297337889671326e-03
6.527012586593627930e-02
-5.000562220811843872e-02
1.363427494652569294e-03
-9.744508564472198486e-02
-5.880839750170707703e-02
-1.330224275588989258e-01
-4.976186156272888184e-02
3.584149479866027832e-02
8.432438969612121582e-02
1.274408251047134399e-01
-1.279764473438262939e-01
-1.306926608085632324e-01
-1.502106487751007080e-01
-2.324027940630912781e-02
