-9.219469502568244934e-03
3.093226253986358643e-02
-5.658122524619102478e-02
-1.864732652902603149e-01
2.259708568453788757e-02
-7.834076881408691406e-02
-1.514842063188552856e-01
-1.664608530700206757e-02
9.860626421868801117e-03
-1.560122072696685791e-01
-3.912258148193359375e-02
1.255412250757217407e-01
2.067131735384464264e-02
-6.875642389059066772e-02
-2.772741913795471191e-01
-2.114941738545894623e-02
2.423357218503952026e-03
-7.808240503072738647e-02
1.397220343351364136e-01
1.124994233250617981e-01
-5.565294623374938965e-02
-6.672264635562896729e-02
5.246195942163467407e-02
8.180574327707290649e-02
-5.364958196878433228e-03
-1.165137290954589844e-01
8.784391731023788452e-02
-3.817584365606307983e-02
-3.099247440695762634e-02
-2.657091058790683746e-02
-1.956122219562530518e-01
2.765952348709106445e-01
2.638383209705352783e-02
2.812663652002811432e-02
4.441251978278160095e-02
5.098032951354980469e-02
4.489772021770477295e-02
-1.420927047729492188e-01
1.753813028335571289e-01
-7.803277671337127686e-02
3.064235113561153412e-02
-6.879018992185592651e-02
-1.197315976023674011e-01
-7.827471196651458740e-02
1.586107164621353149e-01
-6.934375036507844925e-03
1.046036109328269958e-01
2.332099229097366333e-01
1.520324498414993286e-01
-4.394661635160446167e-02
-5.931216850876808167e-02
-5.497817322611808777e-02
2.894912846386432648e-02
1.620004177093505859e-01
-1.529278904199600220e-01
1.019261777400970459e-01
1.193030551075935364e-02
-5.112752318382263184e-02
1.425094008445739746e-01
1.637003719806671143e-01
-1.748802214860916138e-01
-1.503238081932067871e-01
1.835055202245712280e-01
5.764917656779289246e-02
1.029432192444801331e-01
-7.567808032035827637e-02
7.797565311193466187e-02
-6.121188402175903320e-02
-1.607282459735870361e-01
5.628025159239768982e-02
-4.111215099692344666e-02
2.093742415308952332e-02
-1.108186878263950348e-02
8.400789462029933929e-03
-1.021831482648849487e-01
-2.139504700899124146e-01
6.984123587608337402e-02
-6.602197140455245972e-02
-8.547089993953704834e-02
5.670110881328582764e-02
-1.920301914215087891e-01
1.454806625843048096e-01
1.966561377048492432e-01
4.936129972338676453e-02
1.438450720161199570e-02
-7.463864237070083618e-02
-1.320340335369110107e-01
-1.353815495967864990e-01
1.904608309268951416e-01
-8.768675476312637329e-02
-8.079478889703750610e-02
4.725551605224609375e-02
7.174953818321228027e-02
4.454197362065315247e-02
-7.130646705627441406e-02
-7.454221695661544800e-02
7.494607567787170410e-02
1.237906329333782196e-02
-1.210893315146677196e-04
-9.791351854801177979e-02
6.669571250677108765e-02
-1.628610193729400635e-01
1.284044533967971802e-01
-1.032670736312866211e-01
-1.228803098201751709e-01
1.315674465149641037e-02
2.436958253383636475e-02
1.174266189336776733e-01
-8.450351655483245850e-02
2.357226330786943436e-03
-1.057997047901153564e-01
-7.971220463514328003e-02
-1.373162716627120972e-01
-7.932520657777786255e-02
-6.634500622749328613e-02
-1.704331301152706146e-02
-1.050126831978559494e-02
5.042606964707374573e-02
-7.608640193939208984e-02
-5.464632064104080200e-02
-9.288685768842697144e-02
1.485498398542404175e-01
-1.335606276988983154e-01
-2.454739958047866821e-01
1.790666282176971436e-01
-1.500444673001766205e-02
-3.605439886450767517e-02
4.931821487843990326e-03
-1.311799231916666031e-02
-1.314054876565933228e-01
2.206873148679733276e-02
-2.134695053100585938e-01
1.128929853439331055e-01
-4.651206359267234802e-02
-5.355563759803771973e-02
6.455063074827194214e-02
-1.394827291369438171e-02
1.408688724040985107e-02
-4.272973909974098206e-02
-1.515645533800125122e-01
-2.206263877451419830e-02
1.740169827826321125e-03
1.530747115612030029e-01
5.725301802158355713e-02
-1.033086106181144714e-01
-2.361625991761684418e-02
1.438748538494110107e-01
1.395346075296401978e-01
-1.451917737722396851e-02
-5.607886239886283875e-02
1.666529774665832520e-01
4.098832607269287109e-02
3.136463835835456848e-02
-4.839684441685676575e-02
-9.873230010271072388e-02
-3.009300120174884796e-02
-7.418671250343322754e-02
1.621267758309841156e-02
5.591619014739990234e-02
-1.333529828116297722e-03
3.985382243990898132e-02
2.890303544700145721e-02
-9.155719541013240814e-03
-1.696602255105972290e-01
-1.869843006134033203e-01
-1.944077461957931519e-01
4.343936592340469360e-02
-6.618607044219970703e-02
7.864532992243766785e-03
1.109597180038690567e-02
-9.958560019731521606e-02
2.245484590530395508e-01
-1.993392556905746460e-01
-2.425846271216869354e-02
3.366353735327720642e-02
-8.786182105541229248e-02
1.059980317950248718e-01
2.424395084381103516e-01
-1.629523634910583496e-01
-1.550824344158172607e-01
-1.755165159702301025e-01
1.231399998068809509e-01
3.539239696692675352e-04
8.901055902242660522e-02
-7.188221067190170288e-02
-1.120732128620147705e-01
1.689944565296173096e-01
4.992154985666275024e-02
3.241272270679473877e-02
-3.208038955926895142e-02
1.182258278131484985e-01
7.376278191804885864e-02
1.645758897066116333e-01
-8.932815492153167725e-02
-1.339690536260604858e-01
-8.973553031682968140e-02
1.572967022657394409e-01
-8.868842571973800659e-02
1.246370524168014526e-01
-1.067284587770700455e-02
4.889179393649101257e-02
3.654477372765541077e-02
1.729528419673442841e-02
2.015325240790843964e-02
-5.213353410363197327e-02
-8.695622533559799194e-02
-1.013399139046669006e-01
-2.667310275137424469e-02
2.056399546563625336e-02
-1.782104671001434326e-01
-1.034813374280929565e-01
1.060414388775825500e-01
7.904831320047378540e-02
-2.837343886494636536e-02
8.164214901626110077e-03
-6.257178634405136108e-02
-1.473610009998083115e-02
-1.742776632308959961e-01
9.567210823297500610e-02
-6.257302314043045044e-02
8.663419634103775024e-02
7.936790585517883301e-02
-1.646410115063190460e-02
2.199880182743072510e-01
1.010374799370765686e-01
6.194270029664039612e-02
1.739223301410675049e-02
7.152830064296722412e-02
-7.939454168081283569e-02
-1.422577351331710815e-01
-8.804842829704284668e-02
-7.159938663244247437e-02
9.899434447288513184e-02
8.128753304481506348e-02
6.761165708303451538e-02
-1.401781663298606873e-02
-3.280836343765258789e-02
1.472563296556472778e-01
8.970769494771957397e-02
1.113780867308378220e-02
6.457676179707050323e-03
-1.653388589620590210e-01
-1.637407690286636353e-01
1.606302522122859955e-02
-2.214195430278778076e-01
-4.109887778759002686e-02
-1.193915233016014099e-01
-8.226203173398971558e-02
-1.346801370382308960e-01
9.636625647544860840e-02
1.354463547468185425e-01
-8.816311508417129517e-02
1.494456976652145386e-01
7.349021732807159424e-02
-1.488815546035766602e-01
-3.494670987129211426e-02
-7.613709568977355957e-02
-9.314174950122833252e-02
1.705367416143417358e-01
-5.869661271572113037e-02
1.036964580416679382e-01
1.953003853559494019e-01
-8.305855840444564819e-02
-6.520334631204605103e-02
-1.983072608709335327e-02
-7.849361747503280640e-02
1.941515356302261353e-01
1.133851632475852966e-01
-2.803947962820529938e-02
-7.006262429058551788e-03
-3.974612802267074585e-02
9.792877361178398132e-03
1.586371809244155884e-01
2.263337522745132446e-01
-1.346605122089385986e-01
1.059672459959983826e-01
-1.008720472455024719e-01
-2.622946724295616150e-02
-1.453107297420501709e-01
-9.820657223463058472e-02
4.807602614164352417e-02
-7.304374128580093384e-02
1.040741801261901855e-01
-4.146044701337814331e-02
-2.995698899030685425e-02
-1.434937957674264908e-02
-8.412203192710876465e-02
-2.241550758481025696e-02
-7.381236553192138672e-02
-2.437954582273960114e-02
1.557887494564056396e-01
-7.875854149460792542e-03
-4.401658475399017334e-02
-1.251043975353240967e-01
1.035458073019981384e-01
2.868054620921611786e-02
1.602357625961303711e-01
-3.948867321014404297e-02
-1.885006204247474670e-02
2.415380440652370453e-02
-3.637431189417839050e-02
-3.096299478784203529e-03
8.086432702839374542e-03
3.085018396377563477e-01
-7.890839874744415283e-02
1.457488387823104858e-01
-1.356219500303268433e-01
5.399053171277046204e-02
1.155357956886291504e-01
2.669314444065093994e-01
-1.050726026296615601e-01
8.631036430597305298e-02
-2.101459354162216187e-01
-5.903464555740356445e-02
-2.574311755597591400e-02
6.021917611360549927e-02
6.638509035110473633e-02
-5.905072763562202454e-02
3.746508806943893433e-02
1.184073612093925476e-01
-4.992911219596862793e-02
3.123610466718673706e-02
-1.470190286636352539e-02
-1.597568541765213013e-01
-7.818982005119323730e-02
-8.183784782886505127e-03
-6.080856546759605408e-02
3.676409251056611538e-04
-4.944289848208427429e-02
4.051434993743896484e-02
2.216642908751964569e-02
1.563615910708904266e-02
-1.265874058008193970e-01
-9.511715918779373169e-02
5.305502191185951233e-02
-1.317892074584960938e-01
-3.173585236072540283e-02
-1.713767200708389282e-01
-9.124772995710372925e-02
1.548803746700286865e-01
-1.496628538006916642e-04
8.312285691499710083e-02
2.047962881624698639e-02
-7.215301692485809326e-02
-2.149770706892013550e-01
-1.694461703300476074e-01
-2.405335567891597748e-02
6.529881060123443604e-02
1.171881929039955139e-01
-2.454133778810501099e-01
5.098375305533409119e-02
1.843874156475067139e-02
6.435576826333999634e-02
4.952386766672134399e-02
-1.067680269479751587e-01
5.815714970231056213e-02
4.440808668732643127e-03
-1.957062631845474243e-01
-1.447208076715469360e-01
-5.088063701987266541e-02
6.615079939365386963e-02
7.499984651803970337e-02
-1.086126919835805893e-02
-7.901681587100028992e-03
1.560255736112594604e-01
-1.374161541461944580e-01
-1.405082643032073975e-01
1.071180105209350586e-01
5.697226151823997498e-02
-8.847967535257339478e-02
1.476530916988849640e-02
-1.353913247585296631e-01
5.475497245788574219e-02
1.427993178367614746e-01
-3.520143404603004456e-02
-4.836562648415565491e-02
1.387785971164703369e-01
8.142723143100738525e-02
-1.099121570587158203e-01
-6.709840893745422363e-02
9.897999465465545654e-02
8.748546987771987915e-02
-4.273609444499015808e-02
4.113720357418060303e-02
-1.782012283802032471e-01
-4.519103094935417175e-02
-3.401312232017517090e-02
-1.415875107049942017e-01
5.678527522832155228e-03
-5.412974581122398376e-02
5.398279055953025818e-02
6.965117901563644409e-02
-2.879872918128967285e-01
-5.092755332589149475e-02
1.685488820075988770e-01
-6.292051076889038086e-02
1.129615232348442078e-01
1.492735445499420166e-01
6.925203651189804077e-02
-3.946003690361976624e-02
-4.141544178128242493e-02
-7.264410704374313354e-02
9.357588738203048706e-02
-7.594694034196436405e-04
9.831927716732025146e-03
3.557884693145751953e-02
3.816561773419380188e-02
-1.128906756639480591e-01
1.054102405905723572e-01
-3.375103697180747986e-02
1.433014869689941406e-02
-3.766895830631256104e-02
8.563716895878314972e-03
-4.676749929785728455e-02
-9.964623302221298218e-02
1.322778761386871338e-01
1.716187782585620880e-02
-1.198128312826156616e-01
-7.182193547487258911e-02
9.160327911376953125e-02
-9.635160118341445923e-02
1.209014933556318283e-02
7.844880968332290649e-02
3.255902230739593506e-02
1.539999991655349731e-01
2.656939439475536346e-02
5.870317667722702026e-02
7.275528460741043091e-02
-4.296621307730674744e-02
-1.835602074861526489e-01
4.993005096912384033e-02
-2.944414038211107254e-03
7.020799070596694946e-02
-2.672741748392581940e-02
2.482933923602104187e-02
-1.055806130170822144e-01
-7.531412690877914429e-02
1.269288212060928345e-01
2.988452091813087463e-02
-9.177978150546550751e-03
4.313166812062263489e-02
5.644718185067176819e-03
1.237386688590049744e-01
3.059859201312065125e-02
2.114271819591522217e-01
-3.675819933414459229e-02
1.375374943017959595e-01
6.102517247200012207e-03
4.403332620859146118e-02
1.562228519469499588e-02
