-2.597660422325134277e-01
1.821656227111816406e-01
1.394581347703933716e-01
-4.681041091680526733e-02
-9.064538031816482544e-02
6.188190355896949768e-02
-7.682703435420989990e-02
2.663255110383033752e-02
2.798738656565546989e-03
-5.042568594217300415e-02
1.849816739559173584e-02
1.163517460227012634e-01
-6.425849348306655884e-02
-4.706738144159317017e-02
-2.623550966382026672e-02
2.380376309156417847e-01
-3.585868328809738159e-02
-9.017971158027648926e-02
8.921484649181365967e-02
2.006003558635711670e-01
-2.351741343736648560e-01
-1.965837776660919189e-01
1.733852475881576538e-01
9.045416116714477539e-02
-1.160584762692451477e-01
-5.635546520352363586e-02
5.715387687087059021e-02
5.334133654832839966e-02
-1.510237157344818115e-01
-1.127649750560522079e-02
-6.906959693878889084e-03
-8.375319093465805054e-02
-6.162152811884880066e-02
9.401784092187881470e-02
8.077324926853179932e-02
-1.643517166376113892e-01
-1.160164028406143188e-01
-8.277311921119689941e-02
1.052653267979621887e-01
-1.783929318189620972e-01
-1.415673177689313889e-02
-1.924778334796428680e-02
-4.961947724223136902e-02
1.607414484024047852e-01
3.818824142217636108e-02
1.845457106828689575e-01
-3.287603855133056641e-01
-9.536678344011306763e-02
-5.758916214108467102e-02
5.231124162673950195e-02
7.549851387739181519e-02
1.189696118235588074e-01
-8.101662993431091309e-02
-2.619808316230773926e-01
-4.960235208272933960e-02
-1.125931441783905029e-01
1.027655676007270813e-01
-1.139465942978858948e-01
1.255802363157272339e-01
8.713407814502716064e-02
-1.560895293951034546e-01
-1.501020044088363647e-02
4.456157982349395752e-02
-4.168097302317619324e-02
8.967049419879913330e-03
-7.543402910232543945e-02
4.427542444318532944e-03
1.049163471907377243e-02
-7.948224246501922607e-02
8.394400030374526978e-02
1.029078736901283264e-01
-7.763951271772384644e-02
1.765254884958267212e-01
1.029963977634906769e-02
-6.980798393487930298e-02
-9.202805161476135254e-02
8.852172642946243286e-03
-7.802606374025344849e-02
-1.029973849654197693e-01
-9.951325505971908569e-02
-6.832817941904067993e-02
-1.444925814867019653e-01
3.888670727610588074e-02
-9.975265711545944214e-02
-3.182017430663108826e-02
1.016295328736305237e-01
-5.593190342187881470e-02
1.207012566737830639e-03
6.593263894319534302e-02
-4.117188230156898499e-02
2.913550660014152527e-02
2.328448444604873657e-01
3.844959288835525513e-02
9.106951951980590820e-02
-6.273330003023147583e-02
-1.477577835321426392e-01
-6.354483217000961304e-02
-8.327102288603782654e-03
8.413485437631607056e-02
-4.999393224716186523e-02
-8.960460871458053589e-02
-9.883388131856918335e-02
6.448821723461151123e-02
2.549495548009872437e-02
-1.701951920986175537e-01
-1.676509529352188110e-01
-1.731567434035241604e-03
-6.444594264030456543e-02
-2.708445768803358078e-03
-6.983785331249237061e-02
-4.475634172558784485e-02
-1.071894615888595581e-01
-9.541172534227371216e-02
-1.060515865683555603e-01
4.791257530450820923e-02
-1.222353707998991013e-02
1.191874071955680847e-01
-2.889009565114974976e-02
-1.054352382197976112e-03
1.912771314382553101e-01
-1.272852718830108643e-01
-1.771490871906280518e-01
1.419472545385360718e-01
1.800616085529327393e-01
1.039396002888679504e-01
7.260663807392120361e-02
-4.838870465755462646e-02
5.792053416371345520e-02
-1.609727144241333008e-01
1.188928484916687012e-01
-9.546592831611633301e-02
-3.438461199402809143e-02
-6.706386059522628784e-02
4.729933664202690125e-02
-8.137803524732589722e-02
4.090354777872562408e-03
7.490945607423782349e-02
-9.765886515378952026e-02
-1.455451399087905884e-01
-7.048732787370681763e-02
-4.827521368861198425e-02
1.142412796616554260e-01
4.075898602604866028e-02
-4.398240521550178528e-02
-7.226283103227615356e-02
1.259437203407287598e-01
1.562435477972030640e-01
-6.558534502983093262e-02
-1.448520570993423462e-01
-5.529046058654785156e-02
4.333310946822166443e-02
-1.713634282350540161e-01
-1.194171607494354248e-02
-1.023017466068267822e-01
1.170587241649627686e-01
3.545454517006874084e-02
1.293208077549934387e-02
9.657552838325500488e-02
-1.152044087648391724e-01
-1.472453922033309937e-01
-5.704153329133987427e-02
1.444409321993589401e-02
-6.574126426130533218e-03
-1.534180715680122375e-02
1.086949855089187622e-01
-3.334292024374008179e-02
-2.824302203953266144e-02
-1.822394318878650665e-02
-7.508813589811325073e-02
-6.510794162750244141e-02
-5.356590822339057922e-02
-2.039128541946411133e-02
-9.970890730619430542e-02
-9.024993330240249634e-02
5.945114418864250183e-02
6.706836819648742676e-02
-1.199993267655372620e-01
1.410091817378997803e-01
-1.093102544546127319e-01
3.126671910285949707e-02
5.327209830284118652e-02
-1.617296189069747925e-01
-1.435101963579654694e-02
-8.418505638837814331e-02
9.754012525081634521e-02
-4.908453300595283508e-02
1.711355405859649181e-03
1.080211773514747620e-01
-1.011663302779197693e-01
-4.584837332367897034e-02
2.750024199485778809e-01
1.062932536005973816e-01
-5.455672740936279297e-02
-5.498282983899116516e-02
1.657664775848388672e-01
-2.185257524251937866e-02
3.638823702931404114e-02
-1.727915406227111816e-01
-1.183782219886779785e-01
-1.708346456289291382e-01
4.160745535045862198e-03
-6.935833394527435303e-02
-1.236685290932655334e-01
-2.086242428049445152e-03
1.610847264528274536e-01
-1.203993335366249084e-01
-1.385093480348587036e-01
1.941705122590065002e-02
-5.953558534383773804e-02
-5.173234641551971436e-02
7.759308815002441406e-02
1.177208572626113892e-01
3.583142533898353577e-02
2.236756980419158936e-01
-1.424339134246110916e-02
6.229120865464210510e-02
-5.393787473440170288e-02
1.848048716783523560e-01
-4.811050370335578918e-02
-1.583922952413558960e-01
-3.417595475912094116e-02
1.933895424008369446e-02
-1.362328976392745972e-01
-5.869613215327262878e-02
6.753320246934890747e-02
-4.128365963697433472e-02
-1.236479282379150391e-01
1.539809256792068481e-01
-1.546179503202438354e-01
-1.471323966979980469e-01
2.144147157669067383e-01
2.076425403356552124e-02
-4.413494095206260681e-02
-5.628262832760810852e-02
-7.727041840553283691e-02
-2.349788993597030640e-01
-5.196227505803108215e-02
5.779814347624778748e-02
1.149846985936164856e-02
-8.312378823757171631e-02
3.295079618692398071e-02
-1.363409012556076050e-01
-9.198619425296783447e-02
-6.101752817630767822e-02
8.677161298692226410e-03
-2.833747491240501404e-02
3.275629878044128418e-02
-1.159785129129886627e-02
2.340426146984100342e-01
-1.826809532940387726e-02
-7.115095853805541992e-02
2.149520963430404663e-01
-6.520964950323104858e-02
5.255466327071189880e-02
-4.451806098222732544e-02
-6.895401328802108765e-02
1.049837172031402588e-01
1.485608816146850586e-01
1.971121430397033691e-01
8.342489600181579590e-02
-4.714690521359443665e-02
-3.290371596813201904e-02
-7.451253384351730347e-02
-5.098343361169099808e-03
2.954754047095775604e-02
-1.736555397510528564e-01
-5.016806721687316895e-02
-1.478031184524297714e-02
-1.430768966674804688e-01
8.978818356990814209e-02
3.654569014906883240e-02
-2.387257367372512817e-01
-6.540207564830780029e-02
-3.069637808948755264e-03
-1.999155133962631226e-01
3.298867866396903992e-02
-6.201002746820449829e-02
-4.661860410124063492e-03
-2.486622333526611328e-01
-3.798224031925201416e-03
-5.253842100501060486e-02
-6.451531499624252319e-02
-3.105896152555942535e-02
-9.402446448802947998e-02
1.202298179268836975e-01
-9.659164398908615112e-02
-1.027342304587364197e-02
-6.506761163473129272e-02
-1.539558172225952148e-01
-2.387333102524280548e-02
-2.822530455887317657e-02
1.348790228366851807e-01
-1.290576010942459106e-01
7.297707349061965942e-02
7.864998653531074524e-03
6.548515707254409790e-02
-4.329170286655426025e-02
-4.682739078998565674e-02
-1.494092959910631180e-02
6.704682111740112305e-02
-2.612265944480895996e-02
8.448729664087295532e-02
-1.634958200156688690e-02
-4.455311968922615051e-02
7.267349958419799805e-02
-4.731241986155509949e-02
-7.181801646947860718e-02
4.506218805909156799e-02
6.310623884201049805e-02
8.809857815504074097e-02
-1.166753750294446945e-02
-1.254503428936004639e-01
6.928855180740356445e-02
-3.421105071902275085e-02
4.278087988495826721e-03
-7.880257815122604370e-02
-5.074495822191238403e-02
4.206695035099983215e-02
-2.348823845386505127e-02
-4.576922859996557236e-03
-4.455105587840080261e-02
4.563493654131889343e-03
-2.605362236499786377e-01
7.432039827108383179e-02
7.599895447492599487e-02
2.085909061133861542e-02
2.079317579045891762e-03
-9.074177592992782593e-02
1.603313088417053223e-01
1.254959553480148315e-01
-1.303524225950241089e-01
-3.201954439282417297e-02
-4.579450190067291260e-02
-1.249378398060798645e-01
-1.400866061449050903e-01
-1.274068206548690796e-01
-8.651721477508544922e-02
1.699195057153701782e-01
-1.231351196765899658e-01
-1.457424759864807129e-01
1.258600316941738129e-02
-8.853929489850997925e-02
-3.244559094309806824e-02
-7.937369495630264282e-02
-3.688405826687812805e-02
1.061951518058776855e-01
3.850410506129264832e-02
-2.470224350690841675e-02
-5.105011165142059326e-02
-5.834528431296348572e-02
1.619878113269805908e-01
-4.040123894810676575e-02
6.991340219974517822e-02
6.917079538106918335e-02
-3.175367414951324463e-02
-3.119922243058681488e-02
1.491055339574813843e-01
2.887287363409996033e-02
-1.059223618358373642e-02
-1.694596856832504272e-01
-2.921253256499767303e-02
-2.748965322971343994e-01
5.846576392650604248e-02
-8.797831088304519653e-02
-2.104849070310592651e-01
-2.039487510919570923e-01
-3.256350383162498474e-02
-2.943608164787292480e-02
-5.987825803458690643e-03
-1.673341393470764160e-01
-1.864599585533142090e-01
1.710393652319908142e-02
4.717023111879825592e-03
2.562477253377437592e-02
-1.259432882070541382e-01
-1.042797714471817017e-01
-6.404415518045425415e-02
-3.076237440109252930e-02
-1.512000858783721924e-01
-5.669104680418968201e-02
-1.519675459712743759e-02
-2.097383588552474976e-01
-4.396369680762290955e-02
7.141852378845214844e-02
-3.313587233424186707e-02
6.510626990348100662e-03
1.857683509588241577e-01
-1.326080318540334702e-02
-1.001274064183235168e-01
-8.684002608060836792e-02
-4.466695711016654968e-02
-6.664611399173736572e-02
-1.648400276899337769e-01
4.627275094389915466e-02
-3.849481872748583555e-04
1.808097660541534424e-01
1.760478466749191284e-01
1.429764628410339355e-01
2.264115363359451294e-01
2.711867541074752808e-02
7.103356719017028809e-02
-4.743466898798942566e-02
-5.839332938194274902e-02
-7.236033678054809570e-02
-4.037998989224433899e-02
5.732308700680732727e-02
1.199024468660354614e-01
2.348093502223491669e-02
-9.103004634380340576e-02
2.007337287068367004e-02
2.752386033535003662e-01
-1.021701563149690628e-02
-4.951027035713195801e-02
-1.187607944011688232e-01
-8.331885188817977905e-02
-1.352088004350662231e-01
1.155347824096679688e-01
-2.403036225587129593e-03
-4.301116988062858582e-02
-1.545247808098793030e-02
1.251008361577987671e-01
8.739082515239715576e-02
8.341556787490844727e-02
-7.100505381822586060e-02
-5.663811415433883667e-02
-1.272135972976684570e-01
-3.827146813273429871e-02
-7.333873212337493896e-02
-1.288063973188400269e-01
-4.456989839673042297e-02
9.625174105167388916e-02
1.199439615011215210e-01
7.463169842958450317e-02
-3.506792709231376648e-02
-1.350738257169723511e-01
9.377664327621459961e-02
1.932704299688339233e-01
-1.869436949491500854e-01
-7.924625277519226074e-02
9.919726103544235229e-02
1.691687037236988544e-03
1.355173140764236450e-01
-3.750580921769142151e-02
9.567242115736007690e-03
-6.985999643802642822e-02
-2.937805838882923126e-02
-5.220531299710273743e-02
-1.028974130749702454e-01
6.454220414161682129e-02
-8.132810890674591064e-02
