9.022599458694458008e-02
1.480443924665451050e-01
-2.697525620460510254e-01
-4.511558264493942261e-02
-1.048481464385986328e-01
1.102291196584701538e-01
8.871562033891677856e-02
-1.549171805381774902e-01
4.018328711390495300e-02
-1.906118392944335938e-01
-1.066337060183286667e-02
-5.991361290216445923e-02
7.525547593832015991e-02
-6.816295906901359558e-03
-1.425831764936447144e-01
9.203609079122543335e-02
2.043696939945220947e-01
-1.000776588916778564e-01
-2.416739463806152344e-01
-1.780079007148742676e-01
-1.842098534107208252e-01
-6.890588905662298203e-03
-6.717050820589065552e-02
9.246985614299774170e-02
-3.287922218441963196e-02
-1.002867743372917175e-01
-1.001192256808280945e-01
1.059430763125419617e-01
8.508346229791641235e-02
-8.656094968318939209e-02
8.997900784015655518e-02
1.970564201474189758e-02
-4.427161067724227905e-02
2.490717545151710510e-02
-1.872844547033309937e-01
2.056542336940765381e-01
5.114185437560081482e-02
-8.707009255886077881e-02
-1.004884615540504456e-01
-6.818712688982486725e-03
-1.007879599928855896e-01
-7.064868509769439697e-02
-1.900367736816406250e-01
-4.900896549224853516e-02
5.223742499947547913e-02
-8.865063637495040894e-02
7.470996677875518799e-02
2.005670778453350067e-02
1.779749244451522827e-02
1.118395775556564331e-01
2.007757686078548431e-02
-1.031287834048271179e-01
1.447885930538177490e-01
-4.081681370735168457e-02
2.453358620405197144e-01
4.029339645057916641e-03
-9.046029299497604370e-02
1.875218451023101807e-01
-1.137380525469779968e-01
1.674910932779312134e-01
-1.035580411553382874e-01
5.466717481613159180e-02
-4.215749725699424744e-02
-1.357583142817020416e-02
-2.331922203302383423e-01
-2.901780419051647186e-02
3.006703220307826996e-02
5.541330948472023010e-02
-2.746939659118652344e-02
-2.762862294912338257e-02
-1.673931926488876343e-01
4.356760531663894653e-02
-2.499175257980823517e-03
1.336093991994857788e-04
-7.778038270771503448e-04
5.230093747377395630e-02
2.873176038265228271e-01
8.383359760046005249e-02
-7.944741100072860718e-02
-9.336227923631668091e-02
1.280353069305419922e-01
7.986068725585937500e-02
1.102019697427749634e-01
1.272674798965454102e-01
7.779278606176376343e-02
1.300057619810104370e-01
2.303799055516719818e-02
3.412658721208572388e-02
-1.003148034214973450e-02
5.190972238779067993e-02
5.010432749986648560e-02
-6.496307440102100372e-03
8.260316215455532074e-03
-9.787528961896896362e-02
1.653532497584819794e-02
2.973483130335807800e-02
5.309153348207473755e-02
1.108161881566047668e-01
3.494402021169662476e-02
-1.196537390351295471e-01
