-2.217764966189861298e-02
1.727227121591567993e-01
1.053985133767127991e-01
-1.185800656676292419e-01
2.261962182819843292e-02
-3.165689483284950256e-02
1.571488827466964722e-01
-1.143238320946693420e-01
-1.832542382180690765e-02
1.102086231112480164e-01
1.496609598398208618e-01
1.379363536834716797e-01
-8.603712171316146851e-02
1.215605344623327255e-02
-2.041730135679244995e-01
1.787797063589096069e-01
4.200536292046308517e-03
-1.020003110170364380e-01
-1.378835588693618774e-01
5.277867242693901062e-02
4.712452739477157593e-02
-2.662735246121883392e-02
1.664170175790786743e-01
5.352761223912239075e-02
9.338386356830596924e-02
1.115203052759170532e-01
1.497537344694137573e-01
3.544179722666740417e-02
-1.913971751928329468e-01
5.781638249754905701e-02
9.021741896867752075e-02
3.564228117465972900e-02
-4.414327815175056458e-02
8.900443464517593384e-02
1.273533999919891357e-01
5.295936390757560730e-02
-2.278805011883378029e-03
-3.273561224341392517e-02
-4.174696281552314758e-02
-3.115669451653957367e-02
-2.070138975977897644e-02
5.052293092012405396e-02
-9.856320917606353760e-03
3.057141602039337158e-02
4.189829155802726746e-02
-1.520605683326721191e-01
8.432343602180480957e-03
-1.739628911018371582e-01
-3.894884511828422546e-02
1.828701607882976532e-02
6.566960364580154419e-02
-1.569988951086997986e-02
-1.253265142440795898e-01
2.294308394193649292e-01
1.354543417692184448e-01
-4.755580052733421326e-02
7.345547527074813843e-02
-7.723327726125717163e-02
1.026500947773456573e-02
-1.167567744851112366e-01
-5.361600592732429504e-02
-2.277391962707042694e-02
-4.908775910735130310e-02
-2.702556923031806946e-02
1.204092502593994141e-01
-6.438107788562774658e-02
-6.858791410923004150e-02
9.830257855355739594e-03
-7.993020862340927124e-02
1.645925045013427734e-01
9.588631987571716309e-02
-3.919387981295585632e-02
1.313449442386627197e-01
-1.783266663551330566e-02
-9.107225388288497925e-02
-1.396360248327255249e-02
1.167402490973472595e-01
1.188965663313865662e-01
2.530711591243743896e-01
1.240819245576858521e-01
1.747706830501556396e-01
-6.492282450199127197e-02
-9.039577096700668335e-02
2.892732322216033936e-01
1.764943450689315796e-02
1.222831383347511292e-02
-1.397700309753417969e-01
6.407193094491958618e-02
9.834112972021102905e-02
1.263519655913114548e-02
-7.102103531360626221e-02
-7.735773175954818726e-02
5.145534500479698181e-02
-1.403470039367675781e-01
1.398631650954484940e-02
1.783001981675624847e-02
5.894787237048149109e-02
-2.274392396211624146e-01
-6.396525353193283081e-02
-1.223097443580627441e-01
-1.011444106698036194e-01
-6.709420680999755859e-02
1.006915494799613953e-01
1.577118486166000366e-01
-8.549074828624725342e-02
7.927073538303375244e-02
-1.665367782115936279e-01
6.800761073827743530e-02
-2.752932906150817871e-02
3.173170611262321472e-02
-5.536479502916336060e-02
-1.368965804576873779e-01
4.293237626552581787e-02
6.708255410194396973e-02
-4.533109813928604126e-02
-4.795342311263084412e-02
-3.305269032716751099e-02
-1.154113411903381348e-01
2.862188732251524925e-03
1.455204375088214874e-02
