-2.242466621100902557e-02
1.423645764589309692e-02
-1.022860594093799591e-02
-9.732074104249477386e-03
8.001459389925003052e-02
6.581214070320129395e-02
5.634322762489318848e-02
7.405755668878555298e-02
-3.463019058108329773e-02
-1.559126824140548706e-01
-1.116785630583763123e-01
4.897867888212203979e-02
-1.734638661146163940e-01
7.818170636892318726e-02
6.654909998178482056e-02
-3.650415688753128052e-02
1.054426655173301697e-01
1.322510000318288803e-02
-1.799750514328479767e-02
6.399969756603240967e-02
3.492501750588417053e-02
-8.101102709770202637e-02
-6.794723868370056152e-02
3.622933104634284973e-02
6.937532871961593628e-02
5.607080459594726562e-02
-2.166752368211746216e-01
-4.885874688625335693e-02
-4.768877476453781128e-02
-1.407476235181093216e-02
-1.958044059574604034e-02
-1.464053839445114136e-01
-3.025098703801631927e-02
-1.659850925207138062e-01
-1.273823976516723633e-01
1.151773259043693542e-01
-6.528753787279129028e-02
-1.647653728723526001e-01
-2.717171423137187958e-02
-8.782139420509338379e-02
-1.079055294394493103e-01
-4.384863004088401794e-02
-5.818051751703023911e-03
-1.147630959749221802e-01
-1.550346165895462036e-01
1.267062425613403320e-01
2.229689359664916992e-01
3.947615250945091248e-02
1.588157713413238525e-01
3.368431702256202698e-02
-9.280126541852951050e-02
-1.342226862907409668e-01
1.315839439630508423e-01
-4.908787459135055542e-02
-1.014891266822814941e-01
7.827655971050262451e-02
1.287685483694076538e-01
-5.616941675543785095e-02
6.826618313789367676e-02
-4.417892917990684509e-02
-1.123907491564750671e-01
7.573225302621722221e-04
-7.353716343641281128e-02
-1.009935960173606873e-01
1.432663053274154663e-01
3.516565263271331787e-02
-1.598347909748554230e-02
1.934099197387695312e-02
-9.313746541738510132e-02
7.227452844381332397e-02
-2.781439423561096191e-01
-1.060506924986839294e-01
4.152913391590118408e-02
1.310096234083175659e-01
9.132601320743560791e-03
-1.278399378061294556e-01
-1.366661209613084793e-02
-1.853883848525583744e-03
-1.304121464490890503e-01
9.343022108078002930e-02
-1.120327971875667572e-02
-1.522912830114364624e-01
1.348197907209396362e-01
-6.476771831512451172e-02
-3.368961066007614136e-02
5.290814861655235291e-02
-3.191724792122840881e-02
-3.067273180931806564e-03
6.810635328292846680e-02
3.359981998801231384e-02
1.420778185129165649e-01
-4.933162406086921692e-02
-2.900243736803531647e-02
-1.483381539583206177e-01
-5.301320459693670273e-03
-1.441926956176757812e-01
-3.613317152485251427e-03
-3.526236861944198608e-02
-3.823391720652580261e-02
2.114754915237426758e-01
1.824014931917190552e-01
5.041242763400077820e-02
1.337130218744277954e-01
1.715964078903198242e-02
6.514584273099899292e-02
-1.298526376485824585e-01
4.678526520729064941e-02
2.566929324530065060e-04
3.451467305421829224e-02
-1.621746271848678589e-01
-2.003825008869171143e-01
2.042586803436279297e-01
1.327105909585952759e-01
-4.613711964339017868e-03
-2.936685085296630859e-02
-2.371832132339477539e-01
-1.313299238681793213e-01
1.489229947328567505e-01
-2.304647490382194519e-02
-9.658928960561752319e-02
