-2.669722773134708405e-02
-1.588161140680313110e-01
-5.019310489296913147e-02
-1.337258070707321167e-01
-1.073388382792472839e-02
-1.242935806512832642e-01
2.090677618980407715e-01
-6.370650976896286011e-02
-1.322830021381378174e-01
-1.189734041690826416e-02
4.653323441743850708e-02
-2.406300306320190430e-01
-9.266949445009231567e-02
3.865218162536621094e-02
-1.554955244064331055e-01
-5.365384370088577271e-02
9.403500705957412720e-03
5.879181623458862305e-02
-1.418315917253494263e-01
6.243661418557167053e-02
-1.697254367172718048e-02
-2.201804704964160919e-02
-1.228606626391410828e-01
1.241994649171829224e-01
1.108448132872581482e-01
-1.780827939510345459e-01
-1.088315397500991821e-01
7.594418525695800781e-02
-1.837284862995147705e-01
1.457678228616714478e-01
-5.104357749223709106e-02
6.502550095319747925e-02
-1.661357581615447998e-01
-1.263231635093688965e-01
-3.107532300055027008e-02
1.997864246368408203e-01
-9.492556750774383545e-02
-1.380728930234909058e-01
-8.632346242666244507e-02
5.320374667644500732e-02
-1.332106143236160278e-01
3.867975249886512756e-02
1.411160826683044434e-01
2.326046302914619446e-02
-8.469820022583007812e-02
1.172487363219261169e-01
-6.123918667435646057e-02
-1.883057653903961182e-01
-5.630836263298988342e-02
-1.300500780344009399e-01
-5.270157009363174438e-02
-5.455929040908813477e-02
8.770226687192916870e-02
1.195051334798336029e-02
1.900698244571685791e-01
5.856572836637496948e-02
-1.772107332944869995e-01
-1.053195521235466003e-01
1.209782436490058899e-01
9.218156337738037109e-02
-2.024809867143630981e-01
-3.091182559728622437e-02
-1.879353225231170654e-01
-2.333251759409904480e-02
7.884664833545684814e-02
4.418964311480522156e-02
3.544348757714033127e-03
7.945515215396881104e-02
-4.426668863743543625e-03
-2.216154932975769043e-01
-7.306960225105285645e-02
-2.723159268498420715e-02
-1.733437180519104004e-01
6.028187647461891174e-02
2.647409401834011078e-02
8.024426549673080444e-02
-9.668479859828948975e-02
7.717258483171463013e-02
-7.093494292348623276e-03
-1.023320928215980530e-01
-1.484131664037704468e-01
6.820468604564666748e-02
-2.332041561603546143e-01
-2.873911149799823761e-02
-6.199709326028823853e-02
-1.305895298719406128e-01
-5.725196748971939087e-02
-2.070419192314147949e-01
1.116427853703498840e-01
2.190406620502471924e-01
1.622735112905502319e-01
-8.475225418806076050e-02
-1.653213985264301300e-02
-4.492917656898498535e-02
-3.425123915076255798e-02
-7.175190001726150513e-02
-2.753084599971771240e-01
-1.767591685056686401e-01
1.753216683864593506e-01
-3.087623789906501770e-02
