0.900481330301,0.527224253281
0.0222198156058,0.090800022264
0.00971461232257,0.064459368831
0.00629719027784,0.0546697544516
0.00507199733693,0.050285854924
0.00434854177038,0.0467410804937
0.0038449069234,0.044490055379
0.00345924994981,0.0420194737788
0.00316126934595,0.0402184107632
0.00290906451373,0.0386080897762
0.00269252104117,0.037129027769
0.00251132198209,0.0359095457243
0.0023335961514,0.034634788218
0.00218657751302,0.0336541755358
0.00205436506094,0.0326482603792
0.00192246230381,0.0314625424682
0.00182872649784,0.031081746312
0.0017202970128,0.0300341969269
0.00163434454389,0.0293130452832
0.00155187714781,0.0284353176743
0.00148814324148,0.0279535496578
0.00141749007562,0.0272501342697
0.0013555567265,0.0266343075491
0.00129856501571,0.0260536171554
0.00124581854661,0.0255244488653
0.00119681560473,0.0249964792922
0.00115163816099,0.0245084579743
0.00110945086799,0.0240591416659
0.00106976776915,0.0236474402715
0.00102708677414,0.0230254507798
0.000997804543931,0.0226991559932
0.000962445008554,0.0222360839951
0.000927783926772,0.0217737654253
0.000896738506708,0.02144183864
0.000868362686651,0.0211345059157
0.000839430060751,0.0207756527583
0.000813172859489,0.0204570692411
0.000784841668474,0.0200067032449
0.000761483155156,0.0197550299985
0.000734237299639,0.0194416388142
0.000710151220301,0.0190845468926
0.000692563768143,0.0188119098428
0.000670696993529,0.0184989962319
0.000650756695268,0.0182302539906
0.00063067789697,0.0179150008102
0.000610344207462,0.0176760887931
0.000590916367764,0.0173871247127
0.000578399612368,0.0172170438251
0.000558539497388,0.0169436350203
0.000542650880561,0.0166415558982
0.000527332357842,0.0164427589072
0.000513035148833,0.0162082247785
0.000498339177739,0.0159570032061
0.000485424984299,0.0157524680515
0.0004706547762,0.0153888021901
0.000461903423184,0.0152734856019
0.000455779283584,0.0151925311744
0.000440891354583,0.0150003709627
0.000421424466822,0.0146586313203
0.000415681079357,0.0145278099488
0.000404869951035,0.0143282019344
0.000401287219984,0.0143372056715
0.000383206342485,0.0140430710788
0.000372263246572,0.0137531685439
0.000365100849899,0.0136028684705
0.000355053650901,0.0134074601039
0.000347942218332,0.0132360954231
0.000341960279275,0.0131335217156
0.00033110219008,0.0129689936337
0.000324749924562,0.0128345190431
0.000312773421115,0.0125454918816
0.00030658960145,0.0124954767423
0.000298786489839,0.0122647395096
0.000291259606729,0.0120452950563
0.000292642501245,0.0122825150203
0.000278324761189,0.0118594087471
0.000272501256973,0.0117914589442
0.000267053332686,0.0115620280427
0.000259956527111,0.011459681773
0.000254757370408,0.0113549079673
0.000247537606151,0.011242667491
0.000243770081352,0.0109688854485
0.00024066323565,0.0111200193336
0.000238022140434,0.011031856222
0.000232074172959,0.0108270881756
0.000226940759921,0.0107045669429
0.00022200953872,0.0106183443655
0.00021722191002,0.0105045052609
0.000212533816921,0.0104088878477
0.000208049756702,0.0102224891336
0.000203655914947,0.0101303166462
0.00019767253807,0.00993314618972
0.000196878179577,0.0100523102636
0.000189079943186,0.00976007693098
0.000187190966778,0.00970613784011
0.000183913881756,0.0097376859776
0.000179985611317,0.00958515321836
0.000175971335989,0.00942841093929
0.000173180722845,0.00934017787367
0.000169392020962,0.00917536022607
0.000169722298324,0.00930710972607
0.000164471118876,0.00909144844336
0.000161248686493,0.00901382394513
0.000158131985563,0.00893603982986
0.00015507445562,0.00884617279808
0.000152173247079,0.00877329587238
0.000147722313886,0.0085903391082
0.000147815430444,0.00867686479614
0.000142920578332,0.00846455442661
0.000140609864138,0.00837163706892
0.000139484593774,0.00842488232593
0.000135022957375,0.00821994454163
0.000134686508136,0.0082647518735
0.000131450774938,0.00816733653046
0.000128488781229,0.00805392595648
0.000127243036786,0.00799754100444
0.000124137313685,0.00791588685679
0.000123195569427,0.00791159011715
0.000120887253308,0.00787002254219
0.000118623002106,0.00779521834193
0.00011653300927,0.00771841045498
0.000114478087255,0.00764592061751
0.000112884047849,0.00751565206447
0.000111418787139,0.00748586041736
0.000109139822644,0.00737792701402
0.000107281832732,0.00731373091985
0.000105150090803,0.00726800088887
0.000104169593806,0.00722630351811
0.000101444567974,0.00711858118011
0.000101011015909,0.00709976133076
9.88638419813e-05,0.00702082489879
9.72820520133e-05,0.00696370979422
9.58364997246e-05,0.0069000935051
9.45594270092e-05,0.00687888009561
9.32373267915e-05,0.00687013323623
9.10582278721e-05,0.00677053810214
8.93801725169e-05,0.00663654731034
8.91353792895e-05,0.00670113072847
8.72662115853e-05,0.00663566169387
8.56727676023e-05,0.00656966602983
8.45896235887e-05,0.00652348482399
8.36080246472e-05,0.00645221641316
8.21536035573e-05,0.00638860307372
8.17105936108e-05,0.00636340077617
7.98547369527e-05,0.00629616763763
7.90854555476e-05,0.00626921968651
7.73856603814e-05,0.00621160017326
7.61231018714e-05,0.00616174679599
7.62193226365e-05,0.00614523676195
7.4428755795e-05,0.00610579295171
7.36380986382e-05,0.00603896595712
7.25336810433e-05,0.00600035281022
7.14206263638e-05,0.00594116246793
7.03798127915e-05,0.00592134973704
6.94103622891e-05,0.00584408881987
6.80804186345e-05,0.00576188422274
6.82610258309e-05,0.00583083303209
6.64774131337e-05,0.00572654764619
6.6239659327e-05,0.00573164150119
6.46697215643e-05,0.00565160295082
6.42225148567e-05,0.00564711761835
6.36173565624e-05,0.00560134984989
6.25191827453e-05,0.00557429753972
6.18673337613e-05,0.00551445470555
6.08360878459e-05,0.00547871041781
6.06299636161e-05,0.00547552951102
5.89480333019e-05,0.00534984157493
5.91060608883e-05,0.00541048295272
5.81163248739e-05,0.00534549802542
5.73034959586e-05,0.00531299692229
5.67092624522e-05,0.00528588979651
5.59205421098e-05,0.00523526367688
5.54409637857e-05,0.00524502900807
5.47782013598e-05,0.00518912493208
5.40905440005e-05,0.00515861923341
5.3688438436e-05,0.00514514510651
5.27745511761e-05,0.00509107960825
5.23344201838e-05,0.00507862779341
5.17429117394e-05,0.00504824338641
5.11662580095e-05,0.00501836717885
5.05841248639e-05,0.00498727744925
5.00321218567e-05,0.00495681509419
4.95296480437e-05,0.00491909808843
4.9099759002e-05,0.00491526172264
4.85538862165e-05,0.00488397869412
4.79731155849e-05,0.00485246189783
4.74579129559e-05,0.00482389022072
4.69099291763e-05,0.00478095794169
4.66892078123e-05,0.00477618693403
4.61197956554e-05,0.00474648971649
4.56222465914e-05,0.00471045475133
4.50465913787e-05,0.00469058283488
4.46808225377e-05,0.00467102821785
4.42137901643e-05,0.00464328667367
4.38005018623e-05,0.00462024396984
4.33130113549e-05,0.00460415460184
4.29771373945e-05,0.00457693755379
4.25031157704e-05,0.00455796444658
4.21774403719e-05,0.00453272604063
4.17270202206e-05,0.00451397783108
4.13853196051e-05,0.00448656512526
4.09746042237e-05,0.00447194970038
4.06505488797e-05,0.00444388832257
4.02723699608e-05,0.00443186188568
3.99478860004e-05,0.00440575376269
3.95664692178e-05,0.00438982151027
3.92393667653e-05,0.0043722999013
3.89083853008e-05,0.0043542494197
3.85726397326e-05,0.00433380824761
3.82638246947e-05,0.00431569680077
3.80003254179e-05,0.00429877466377
3.76587189862e-05,0.00427946957207
3.73621379822e-05,0.00426134777008
3.70604831915e-05,0.00425241552512
3.68595177122e-05,0.0042385759567
3.66612522612e-05,0.00421799399846
3.66489268401e-05,0.0042217734408
3.63399868149e-05,0.00420519048785
3.6062310113e-05,0.00418829446498
3.57854288836e-05,0.00417150635258
3.55176508435e-05,0.00415528497033
3.52582845949e-05,0.00413953326206
3.50048860639e-05,0.00412402510483
3.47575407034e-05,0.00410903293814
3.45181812975e-05,0.00409424814789
3.4275623392e-05,0.0040795375171
3.40454390425e-05,0.00406470980815
3.38185266401e-05,0.00405044210784
3.35931625671e-05,0.00403631051231
3.33770927568e-05,0.00402269244587
3.31624987041e-05,0.0040089988026
3.29547357978e-05,0.00399556460907
3.27479724888e-05,0.00398222236181
3.25448546675e-05,0.00396970911315
3.23441923285e-05,0.00395788011738
3.21414644816e-05,0.00394475840876
3.19530765807e-05,0.00393400260873
3.17614366224e-05,0.00392190120183
3.15777471712e-05,0.00390992133107
3.13985960418e-05,0.00389832199362
3.122475552e-05,0.00388722163334
3.10522207599e-05,0.00387595648353
3.08838439707e-05,0.00386512565747
3.071658507e-05,0.00385434644195
3.05616816263e-05,0.00384446376338
3.04033608643e-05,0.00383421316001
3.02446780495e-05,0.00382371524975
3.00817755431e-05,0.00381275065374
2.99311525794e-05,0.00380278951779
2.97744885813e-05,0.00379225094803
2.96350060353e-05,0.00378321171083
2.95327519439e-05,0.00377972391871
2.93901723296e-05,0.00376518291523
2.92449527649e-05,0.00375328180962
2.90089216321e-05,0.00374450103918
2.89821007414e-05,0.00374327650861
2.88539211965e-05,0.00372795132862
2.8738546041e-05,0.00372029864302
2.86134312034e-05,0.00371213022445
2.84900032568e-05,0.00370379143787
2.83703998207e-05,0.00369573718126
2.82528122568e-05,0.00368764413943
2.81282695482e-05,0.00367963772151
2.79900291218e-05,0.00367051003996
2.79047563538e-05,0.0036712575049
2.78096794432e-05,0.00365801400185
2.76892524028e-05,0.00365089737534
2.75852508992e-05,0.00364424926302
2.74836821859e-05,0.00363775747828
2.73792189148e-05,0.00363097220688
2.73164199371e-05,0.00362660592364
2.71927506219e-05,0.00361857189491
2.71060466673e-05,0.00361303935133
2.69889368951e-05,0.00360377718753
2.69480534371e-05,0.00360770066836
2.68105083194e-05,0.00359069254118
2.6730536905e-05,0.00359072252177
2.66449782544e-05,0.00358630013288
2.65641420242e-05,0.00357805640087
2.64696452007e-05,0.00357235522824
2.63931755114e-05,0.00356696872987
2.63187162034e-05,0.00356423025441
2.62622593709e-05,0.00355724609835
2.62031578472e-05,0.00355163804925
2.61275602838e-05,0.00354644498293
2.60544761602e-05,0.00354138311304
2.59814166895e-05,0.00353623950723
2.59008402338e-05,0.00353205590145
2.58320758462e-05,0.00352752008403
2.57639732752e-05,0.00352298466314
2.56976305081e-05,0.00351867611244
2.56308437088e-05,0.00351409245995
2.55652402529e-05,0.00350965983889
2.54952777368e-05,0.00350510774661
2.54502657413e-05,0.00350095493777
2.53893083368e-05,0.00349718255893
2.53284150915e-05,0.0034932495284
2.52689877698e-05,0.00348926645165
2.52107524773e-05,0.00348541855201
2.51537180588e-05,0.00348161697548
2.50976503821e-05,0.00347785961785
2.50427377125e-05,0.00347417509474
2.49885716755e-05,0.00347055968232
2.49353453682e-05,0.00346697217246
2.48828749363e-05,0.00346339593307
2.48311633641e-05,0.0034598716913
2.47804625189e-05,0.00345648638249
2.47299891385e-05,0.00345311531419
2.46803714788e-05,0.0034497768007
2.46218289135e-05,0.00344577800061
2.45788529412e-05,0.00344285754763
2.45212294999e-05,0.0034397700234
2.44854181005e-05,0.00343628649716
2.44402045666e-05,0.00343330056203
2.43942184568e-05,0.00343021716908
2.43499722899e-05,0.00342719447581
2.43104570245e-05,0.00342440923196
2.42761174036e-05,0.00342264757055
2.42287604863e-05,0.00341958093704
2.41902539301e-05,0.00341695347743
2.41521758937e-05,0.0034143221681
2.41131401424e-05,0.00341161496908
2.40746186137e-05,0.0034089483539
2.40365348418e-05,0.00340634502936
2.39984347843e-05,0.00340376477834
2.3959624167e-05,0.00340114759456
2.39211817757e-05,0.00339927733876
2.38856866588e-05,0.00339584965768
2.38530005163e-05,0.00339357012563
2.38186788408e-05,0.00339118370393
2.37847211338e-05,0.00338885265592
2.37512313504e-05,0.003386493781
2.37185778417e-05,0.00338424966103
2.36824389958e-05,0.00338180049803
2.3653788179e-05,0.00337975495058
2.36234141084e-05,0.00337760333205
2.35931190446e-05,0.00337548659663
2.35627558538e-05,0.00337335541626
2.35336476635e-05,0.00337126733939
2.35052172343e-05,0.00336922403658
2.34768541134e-05,0.00336719285551
2.34493355606e-05,0.0033652354432
2.34220410903e-05,0.00336327660771
2.3395148952e-05,0.00336134778918
2.33686477998e-05,0.00335946792402
2.33378389964e-05,0.00335753998734
2.3312383172e-05,0.00335553964615
2.32869139893e-05,0.00335361906764
2.32619781968e-05,0.003351867725
2.32428678089e-05,0.00335043211162
2.32195824651e-05,0.0033485898588
2.31967638342e-05,0.00334688158473
2.31740606409e-05,0.00334523132624
2.31517821703e-05,0.00334360308116
2.31292353192e-05,0.00334201263395
2.31069708548e-05,0.00334043020775
2.30850899754e-05,0.00333886207445
2.30633662738e-05,0.00333730491184
2.3042114691e-05,0.0033357717628
2.30211059545e-05,0.00333425644349
2.30005963317e-05,0.00333276696765
2.2980203596e-05,0.00333129816936
2.29595832366e-05,0.00332981208121
2.29398849967e-05,0.00332837601018
2.29203818606e-05,0.00332697539416
2.29011319448e-05,0.0033256050745
2.2882131708e-05,0.00332424198277
2.28636161012e-05,0.00332290802471
2.28452046201e-05,0.00332157257071
2.28270961884e-05,0.00332026652904
2.28092981956e-05,0.00331897237556
2.2791731908e-05,0.00331770143021
2.27743908624e-05,0.00331642674064
2.27572752351e-05,0.00331516343431
2.27404713939e-05,0.00331394984896
2.27236918192e-05,0.00331272200856
2.27073274118e-05,0.0033115148748
2.26911718357e-05,0.0033103327296
2.26752308436e-05,0.00330916504245
2.26595483809e-05,0.00330801872988
2.26440206291e-05,0.00330686707457
2.26287360647e-05,0.00330573170068
2.26137160212e-05,0.00330460546247
2.25987657927e-05,0.00330346547926
2.25840761289e-05,0.00330236867594
2.25696220525e-05,0.00330126709887
2.25552981476e-05,0.00330020548718
2.2541316315e-05,0.0032991325621
2.25273591809e-05,0.00329808857132
2.2513612555e-05,0.00329703734897
2.25000899377e-05,0.0032960190656
2.24866621124e-05,0.0032950226414
2.24734423171e-05,0.0032940263467
2.24604746677e-05,0.00329303807957
2.24475304151e-05,0.00329207210452
2.2434928195e-05,0.00329111008759
2.24224457838e-05,0.00329016080577
2.24101816059e-05,0.00328924869609
2.23980704732e-05,0.00328833880849
2.23860344192e-05,0.00328742367055
2.23741885691e-05,0.00328652766257
2.23626027889e-05,0.00328564956289
2.23510761145e-05,0.0032847755494
2.23397752109e-05,0.00328390824507
2.2328663556e-05,0.00328304918658
2.23175398503e-05,0.00328219941075
2.23066019942e-05,0.00328137977631
2.2295816359e-05,0.00328052877594
2.22852172556e-05,0.00327971889346
2.22746983809e-05,0.00327892032001
2.22643420784e-05,0.00327811188108
2.22540628556e-05,0.00327733735612
2.22440234836e-05,0.00327657389425
2.22340853213e-05,0.00327579415389
2.22242517339e-05,0.00327503596491
2.22145587088e-05,0.00327430395773
2.22049484819e-05,0.00327357740534
2.21954786639e-05,0.00327283821316
2.21861530974e-05,0.00327213660348
2.21769570317e-05,0.00327142246533
2.21678207936e-05,0.00327071986685
2.21588421141e-05,0.00327003225902
2.21499983866e-05,0.00326935928242
2.21412054543e-05,0.00326867219846
2.21325524763e-05,0.00326800974799
2.21240111728e-05,0.00326735267154
2.21155789347e-05,0.00326670089999
2.21072567285e-05,0.0032660638979
2.2099005372e-05,0.00326542718612
2.20908413382e-05,0.00326479286377
2.20828168665e-05,0.00326416549869
2.20748661263e-05,0.00326355811776
2.20670432327e-05,0.00326294950573
2.20592790185e-05,0.00326235218236
2.20516190836e-05,0.00326175940136
2.20440459714e-05,0.00326118725206
2.20366096414e-05,0.00326062928143
2.20292058998e-05,0.00326005391034
2.20219301184e-05,0.00325948693426
2.2014684032e-05,0.00325893666668
2.2007577121e-05,0.00325837698256
2.20005422079e-05,0.00325782594882
2.19935699249e-05,0.0032572873155
2.19867198666e-05,0.00325676601497
2.19798863839e-05,0.00325624280595
2.19732219136e-05,0.00325572590009
2.19666000532e-05,0.00325520365877
2.19600452965e-05,0.00325470233438
2.19535222357e-05,0.00325419856454
2.194701284e-05,0.00325370013452
2.1940654176e-05,0.00325321238488
2.19344037419e-05,0.00325272367481
2.19281376872e-05,0.00325223828841
2.19220268889e-05,0.00325176346814
2.1915906558e-05,0.00325129430494
2.19098909099e-05,0.00325083252465
2.19039421268e-05,0.00325036898212
2.18980366469e-05,0.00324991063972
2.1892239721e-05,0.00324945582324
2.18864677208e-05,0.00324900159176
2.18808028308e-05,0.00324856466541
2.18751868601e-05,0.00324813027328
2.18696543698e-05,0.00324769437211
2.18641636081e-05,0.00324726427934
2.18587603854e-05,0.00324683751023
2.18534015119e-05,0.00324641287298
2.18480871467e-05,0.00324600387321
2.18428653511e-05,0.00324559157161
2.18377059809e-05,0.00324518224515
2.18325743901e-05,0.00324478129769
2.18274907581e-05,0.00324438328025
2.18224237244e-05,0.00324398632874
2.18174694737e-05,0.00324359979641
2.1812575892e-05,0.0032432167769
2.18077314457e-05,0.00324283512309
2.18029244479e-05,0.00324245591619
2.17982017205e-05,0.0032420766991
2.17933921533e-05,0.00324169906162
2.17887496774e-05,0.00324133448667
2.17841493168e-05,0.00324097634293
2.17795542369e-05,0.00324061664942
2.17750684101e-05,0.00324025914233
2.1770627427e-05,0.00323990984543
2.17662339765e-05,0.0032395659895
2.17617196824e-05,0.00323922759708
2.17574322505e-05,0.00323889251158
2.17531823012e-05,0.00323855965762
2.17489447436e-05,0.00323822560022
2.17447834189e-05,0.00323789597096
2.17406631236e-05,0.00323757123406
2.17365791798e-05,0.00323725099151
2.17325231517e-05,0.00323693061582
2.17285405768e-05,0.00323661584625
2.17245943077e-05,0.00323630421481
2.1720699948e-05,0.00323599651238
2.17168055201e-05,0.00323569326792
2.17129680095e-05,0.00323538976663
2.17091841989e-05,0.00323509369045
2.17054351992e-05,0.00323479432845
2.17017369891e-05,0.00323450077994
2.16980693949e-05,0.00323421166322
2.1694448435e-05,0.00323392743303
2.16908489449e-05,0.00323364408614
2.1687297783e-05,0.00323336537476
2.16837921982e-05,0.00323308640363
2.16803217256e-05,0.00323281311648
2.16768603536e-05,0.00323254091854
2.16734615378e-05,0.00323227181798
2.16700855276e-05,0.00323200874263
2.16667729433e-05,0.00323174760852
2.16632881575e-05,0.00323148729658
2.1660053585e-05,0.0032312360534
2.16568174551e-05,0.00323098375811
2.16536238725e-05,0.00323073521358
2.16504529135e-05,0.00323048947103
2.16473335968e-05,0.00323024406971
2.16442333397e-05,0.00322999921336
2.16411838949e-05,0.0032297553269
2.16381522421e-05,0.00322951815397
2.16351572078e-05,0.0032292831027
2.16322056986e-05,0.0032290532472
2.16292612436e-05,0.00322882820183
2.16263650486e-05,0.00322860087326
2.16234903291e-05,0.00322837489584
2.16206493349e-05,0.00322815346299
2.16178299866e-05,0.00322793340747
2.16150626045e-05,0.00322771549036
2.16123044197e-05,0.00322750132545
2.16095767541e-05,0.0032272845543
2.16068955012e-05,0.00322707581363
2.16042223258e-05,0.00322687127482
2.16015972057e-05,0.0032266647002
2.15989662081e-05,0.00322645968554
2.15963967662e-05,0.00322625678527
2.15938373458e-05,0.00322605473702
2.15912954786e-05,0.00322585608446
2.15887942659e-05,0.00322566071336
2.1586315637e-05,0.00322547201722
2.15838553402e-05,0.00322528038014
2.15814419676e-05,0.00322509076577
2.15790339837e-05,0.00322490446924
2.15766861857e-05,0.00322471790278
2.157429725e-05,0.00322453045737
2.15720041581e-05,0.00322434752161
2.15696893065e-05,0.00322416637209
2.15674211461e-05,0.00322398653079
2.15651619669e-05,0.00322380862563
2.15629073693e-05,0.00322363113519
2.15607191251e-05,0.0032234589351
2.15585384069e-05,0.00322328791517
2.15563675226e-05,0.00322311782147
2.15542312276e-05,0.00322295045044
2.15520740426e-05,0.00322278247986
2.15499808803e-05,0.00322261467154
2.15479111148e-05,0.00322245068237
2.15458339596e-05,0.00322228634614
2.15438126986e-05,0.00322212571482
2.1541803244e-05,0.00322196804627
2.15398027024e-05,0.00322181133015
2.15378351584e-05,0.00322165615944
2.15358830133e-05,0.00322150398933
2.15339654233e-05,0.00322135489332
2.15320489986e-05,0.00322120300698
2.15301515595e-05,0.00322105158775
2.15282903639e-05,0.00322090576374
2.15264309588e-05,0.00322076122247
2.15246084508e-05,0.00322061994375
2.15227923036e-05,0.00322047933223
2.15209851888e-05,0.00322033850025
2.15192227586e-05,0.00322020190069
2.15174415359e-05,0.00322006391943
2.15157085677e-05,0.0032199309775
2.1513963685e-05,0.00321979812725
2.15122794486e-05,0.00321966550982
2.15105696043e-05,0.00321953433886
2.15089023641e-05,0.00321940688227
2.15072436333e-05,0.00321927961995
2.15055971751e-05,0.00321915407694
2.15039718682e-05,0.00321903062431
2.15023662236e-05,0.00321890877094
2.15007809402e-05,0.00321878580435
2.14991934115e-05,0.00321866415034
2.14976447694e-05,0.00321854501526
2.14960848155e-05,0.00321842450285
2.14945511686e-05,0.00321830489702
2.1493042027e-05,0.00321818869852
2.14915371885e-05,0.00321807251021
2.149005212e-05,0.00321795711934
2.14885894536e-05,0.00321784422849
2.14871333299e-05,0.00321773193937
2.14856982552e-05,0.00321762064777
2.14842635671e-05,0.00321751061711
2.14828604214e-05,0.00321740073268
2.14814581398e-05,0.00321729061761
2.14800785159e-05,0.00321718210253
2.14787160814e-05,0.00321707457479
2.14773474625e-05,0.00321696610263
2.14760100164e-05,0.00321686230382
2.1474686406e-05,0.00321675904124
2.14733746191e-05,0.00321665524461
2.14720746726e-05,0.00321655353764
2.14707952921e-05,0.00321645358199
2.14695144564e-05,0.00321635446453
2.14682603882e-05,0.00321625691358
2.14670103674e-05,0.00321616051151
2.14657803269e-05,0.00321606485886
2.14645471146e-05,0.0032159702816
2.14633368842e-05,0.00321587620856
2.14621485895e-05,0.00321578278599
2.14609461352e-05,0.00321569072112
2.14597771276e-05,0.00321559775693
2.14586257414e-05,0.00321550746085
2.14574567451e-05,0.00321541884987
2.14563240036e-05,0.00321532922098
2.14552024545e-05,0.00321524093597
2.14540836964e-05,0.00321515303513
2.14529820539e-05,0.00321506599721
2.14518780695e-05,0.00321497668047
2.14508046327e-05,0.00321489309572
2.14497191678e-05,0.00321480929342
2.14486595553e-05,0.00321472570577
2.14476243855e-05,0.00321464332083
2.14465708041e-05,0.00321456384263
2.1445546588e-05,0.00321448294926
2.14445199447e-05,0.00321440333646
2.1443518051e-05,0.00321432561905
2.14425172317e-05,0.00321424614594
2.14415288212e-05,0.00321416862353
2.14405465613e-05,0.00321409401804
2.1439578768e-05,0.00321401824622
2.1438609258e-05,0.00321394254133
2.14376674194e-05,0.00321386808428
2.1436728116e-05,0.00321379335946
2.14357798711e-05,0.00321372054168
2.14348696431e-05,0.00321364751726
2.14339402874e-05,0.00321357456414
2.14330515007e-05,0.00321350251033
2.14321509077e-05,0.00321343211253
2.14312604044e-05,0.00321336021079
2.1430387909e-05,0.00321329044236
2.14295170451e-05,0.00321322225791
2.1428658107e-05,0.0032131559572
2.14277967586e-05,0.00321308829516
2.14269452329e-05,0.00321302285447
2.14261018868e-05,0.00321295786052
2.14252540275e-05,0.00321289372368
2.14244373296e-05,0.00321283007943
2.14236177612e-05,0.00321276614195
2.14228243749e-05,0.00321270323911
2.14220182556e-05,0.00321264181257
2.14212268361e-05,0.00321258141048
2.14204494682e-05,0.00321252058857
2.14196655691e-05,0.00321246080784
2.14189041344e-05,0.00321240258272
2.14181469289e-05,0.00321234333096
2.14173944471e-05,0.00321228474859
2.14166535045e-05,0.00321222714119
2.14159170014e-05,0.00321216985394
2.1415183204e-05,0.0032121125616
2.14144752249e-05,0.00321205664368
2.14137535067e-05,0.00321200152248
2.14130558902e-05,0.00321194674834
2.14123430737e-05,0.00321189279857
2.1411654842e-05,0.00321183948763
2.14109732894e-05,0.00321178653539
2.1410288673e-05,0.00321173329794
2.14096135835e-05,0.0032116808994
2.14089551321e-05,0.00321162968685
2.14082903994e-05,0.00321157914514
2.14076425209e-05,0.00321152802571
2.14069946821e-05,0.00321147674185
2.14063525959e-05,0.00321142715839
2.14057301434e-05,0.00321137702995
2.140509784e-05,0.00321132658937
2.14044827146e-05,0.00321127812567
2.14038608988e-05,0.00321122906316
2.14032552663e-05,0.0032111807508
2.14026579954e-05,0.00321113345417
2.14020542273e-05,0.00321108612261
2.14014670235e-05,0.00321103957031
2.14008840089e-05,0.00321099433422
2.14002960433e-05,0.0032109478394
2.13997307355e-05,0.00321090323851
2.13991591181e-05,0.00321085884789
2.13985961182e-05,0.00321081443544
2.13980450042e-05,0.00321077148983
2.13974915368e-05,0.00321072740626
2.13969475908e-05,0.00321068492631
2.13964128534e-05,0.00321064299278
2.13958707491e-05,0.00321060104907
2.13953454988e-05,0.00321055937238
2.13948233238e-05,0.00321051796927
2.139430336e-05,0.00321047702455
2.13937865396e-05,0.0032104364087
2.1393285374e-05,0.00321039679111
2.13927729703e-05,0.00321035766683
2.13922782507e-05,0.00321031869171
2.13917805638e-05,0.00321028062172
2.13912871402e-05,0.00321024283112
2.13908030673e-05,0.00321020528791
2.13903245424e-05,0.00321016838643
2.13898454547e-05,0.00321013165885
2.13893745467e-05,0.003210095143
2.13889111023e-05,0.00321005901933
2.13884475727e-05,0.00321002316414
2.13879989644e-05,0.00320998710376
2.13875424038e-05,0.00320995222282
2.13870939547e-05,0.00320991776243
2.1386653674e-05,0.00320988308085
2.13862083399e-05,0.00320984919017
2.13857818608e-05,0.00320981605764
2.13853425862e-05,0.00320978260061
2.13849234285e-05,0.00320975007926
2.13844922087e-05,0.00320971717738
2.13840756999e-05,0.00320968535452
2.13836611294e-05,0.00320965327628
2.13832472127e-05,0.00320962145561
2.13828477456e-05,0.00320958914017
2.13824407808e-05,0.0032095571536
2.13820505394e-05,0.00320952644106
2.13816590019e-05,0.00320949679881
2.13812611094e-05,0.00320946626889
2.1380876592e-05,0.00320943690458
2.13804962812e-05,0.00320940667589
2.13801141513e-05,0.00320937729921
2.13797431798e-05,0.00320934848351
2.1379367405e-05,0.00320931959868
2.13789989914e-05,0.00320929074514
2.13786398263e-05,0.00320926220447
2.13782745107e-05,0.00320923415857
2.13779183525e-05,0.00320920669546
2.13775615805e-05,0.00320917901117
2.13772090262e-05,0.003209150982
2.13768610877e-05,0.00320912323805
2.13765215449e-05,0.00320909616348
2.13761779719e-05,0.00320906868292
2.13758452276e-05,0.00320904190303
2.13755034792e-05,0.00320901591112
2.1375177937e-05,0.00320898991267
2.13748459544e-05,0.00320896466219
2.13745250335e-05,0.00320893938624
2.13742009521e-05,0.00320891395022
2.13738839363e-05,0.00320888896313
2.13735694615e-05,0.00320886480549
2.13732573457e-05,0.00320884060275
2.13729482823e-05,0.00320881646767
2.13726482855e-05,0.00320879190331
2.13723420018e-05,0.00320876819169
2.13720453701e-05,0.00320874493336
2.1371746908e-05,0.00320872139127
2.13714559891e-05,0.00320869790376
2.13711601816e-05,0.00320867487972
2.13708782724e-05,0.00320865223912
2.13705883539e-05,0.00320862972658
2.13703095767e-05,0.0032086074687
2.13700235463e-05,0.0032085856612
2.13697470258e-05,0.00320856448598
2.13694757008e-05,0.00320854359743
2.13692020282e-05,0.00320852203149
2.13689293332e-05,0.00320850092321
2.13686626637e-05,0.00320848008923
2.13683987624e-05,0.00320845849201
2.13681378739e-05,0.0032084377679
2.13678712043e-05,0.00320841646317
2.13676176941e-05,0.00320839684646
2.13673573853e-05,0.00320837558975
2.13671033976e-05,0.00320835540697
2.13668559468e-05,0.00320833572769
2.13666075979e-05,0.00320831618956
2.13663649561e-05,0.0032082971702
2.13661200746e-05,0.00320827800242
2.13658788653e-05,0.00320825894523
2.13656416463e-05,0.00320824051887
2.13654062804e-05,0.00320822262074
2.13651709601e-05,0.00320820442212
2.13649463774e-05,0.00320818666733
2.13647116368e-05,0.003208168524
2.13644851101e-05,0.00320815103696
2.13642607832e-05,0.00320813376384
2.13640410209e-05,0.00320811707134
2.13638200421e-05,0.00320809993646
2.13635981652e-05,0.00320808393444
2.1363384343e-05,0.00320806815143
2.13631707084e-05,0.00320805233569
2.13629561586e-05,0.0032080367564
2.13627516985e-05,0.00320802238857
2.13625426113e-05,0.00320800732443
2.13623389698e-05,0.00320799186593
2.13621324519e-05,0.00320797614404
2.1361934148e-05,0.00320796036394
2.1361734548e-05,0.00320794536165
2.13615363293e-05,0.00320793042556
2.13613394294e-05,0.00320791579143
2.13611474749e-05,0.00320790135956
2.13609583454e-05,0.00320788677855
2.1360766965e-05,0.00320787276141
2.1360582582e-05,0.00320785793228
2.13603925317e-05,0.00320784413416
2.13602138103e-05,0.00320783040515
2.13600301095e-05,0.00320781688861
2.13598452547e-05,0.0032078034943
2.13596688297e-05,0.00320778967871
2.1359487846e-05,0.00320777621891
2.13593150534e-05,0.00320776301814
2.13591380884e-05,0.00320775018336
2.13589666771e-05,0.0032077371412
2.13587960047e-05,0.00320772384439
2.13586259974e-05,0.00320771129627
2.13584618677e-05,0.00320769876053
2.13582887284e-05,0.00320768657839
2.13581289472e-05,0.00320767431185
2.13579644537e-05,0.00320766171208
2.13578083617e-05,0.00320764933567
2.13576477108e-05,0.00320763751224
2.135749383e-05,0.00320762593619
2.13573357939e-05,0.00320761489711
2.13571839822e-05,0.00320760409304
2.13570295671e-05,0.00320759309252
2.13568790855e-05,0.00320758253511
2.13567275523e-05,0.00320757163136
2.13565812601e-05,0.00320756007568
2.13564328476e-05,0.00320754938584
2.13562823149e-05,0.00320753934211
2.13561385749e-05,0.00320752919069
2.13559984388e-05,0.00320751873223
2.13558560688e-05,0.00320750804458
2.13557164443e-05,0.00320749679231
2.135557869e-05,0.00320748564191
2.13554416462e-05,0.00320747484584
2.13553059439e-05,0.00320746441867
2.13551716342e-05,0.00320745393619
2.13550390072e-05,0.0032074438066
2.13549092223e-05,0.00320743420816
2.13547742248e-05,0.00320742429612
2.13546461055e-05,0.0032074149487
2.13545223403e-05,0.00320740568786
2.13543897132e-05,0.00320739623494
2.13542627591e-05,0.00320738717346
2.13541430071e-05,0.00320737790607
2.13540199013e-05,0.00320736877475
2.13539014851e-05,0.00320735926216
2.13537797606e-05,0.0032073493916
2.13536600882e-05,0.00320734032284
2.13535436103e-05,0.00320733151602
2.135342271e-05,0.00320732252148
2.13533077272e-05,0.00320731331594
2.13531973031e-05,0.00320730512685
2.13530856399e-05,0.00320729649829
2.13529734992e-05,0.00320728832376
2.13528630979e-05,0.00320728009174
2.13527549363e-05,0.00320727292128
2.13526458822e-05,0.00320726485661
2.13525378513e-05,0.00320725695128
2.13524313722e-05,0.00320724857156
2.13523269565e-05,0.00320724069461
2.13522218075e-05,0.00320723311306
2.13521170792e-05,0.0032072262904
2.13520184332e-05,0.0032072192349
2.13519129659e-05,0.00320721215103
2.1351815451e-05,0.0032072059148
2.13517132806e-05,0.00320719880183
2.13516162887e-05,0.00320719203155
2.1351516591e-05,0.00320718503426
2.13514200652e-05,0.00320717836948
2.13513251936e-05,0.00320717200011
2.13512336643e-05,0.00320716572096
2.13511382128e-05,0.00320715943744
2.13510463368e-05,0.00320715275302
2.13509602816e-05,0.00320714630579
2.13508680361e-05,0.00320714041882
2.13507803096e-05,0.00320713380497
2.13506908722e-05,0.00320712685352
2.13506035209e-05,0.00320712068569
2.13505193358e-05,0.00320711489403
2.13504322517e-05,0.00320710910382
2.13503494592e-05,0.00320710395463
2.13502657743e-05,0.0032070982852
2.13501864721e-05,0.00320709297157
2.13501022301e-05,0.00320708679792
2.13500227574e-05,0.00320708082363
2.13499435574e-05,0.00320707491774
2.13498628739e-05,0.0032070688605
2.13497850154e-05,0.0032070629677
2.13497093227e-05,0.00320705689228
2.13496317429e-05,0.0032070514404
2.1349556215e-05,0.00320704619735
2.13494794707e-05,0.00320704099213
2.13494080413e-05,0.00320703605321
2.13493352362e-05,0.00320703152756
2.13492619764e-05,0.00320702688332
2.13491862269e-05,0.00320702214303
2.13491156558e-05,0.00320701772289
2.13490484157e-05,0.00320701330274
2.13489767589e-05,0.00320700872835
2.13489067505e-05,0.0032070044952
2.13488416023e-05,0.00320700086231
2.13487713495e-05,0.00320699707008
2.13487053259e-05,0.00320699314107
2.13486374776e-05,0.00320698909491
2.13485742506e-05,0.00320698484138
2.13485091933e-05,0.00320698050418
2.13484435506e-05,0.00320697605202
2.13483811763e-05,0.00320697212665
2.1348318262e-05,0.00320696842828
2.1348255558e-05,0.00320696482595
2.13481915068e-05,0.00320696070194
2.13481313267e-05,0.00320695665796
2.13480664627e-05,0.00320695233677
2.13480068396e-05,0.00320694877373
2.13479451986e-05,0.00320694516995
2.134788528e-05,0.00320694155744
2.13478296246e-05,0.00320693789981
2.13477674322e-05,0.00320693387766
2.13477108105e-05,0.00320692990717
2.13476507781e-05,0.00320692545938
2.13475954638e-05,0.00320692077294
2.13475397402e-05,0.00320691635789
2.13474840791e-05,0.00320691224115
2.13474284521e-05,0.00320690863009
2.13473765768e-05,0.00320690498993
2.13473230247e-05,0.00320690121807
2.13472693247e-05,0.00320689718646
2.13472168525e-05,0.00320689350192
2.13471664836e-05,0.00320688957581
2.13471166262e-05,0.00320688602005
2.1347062949e-05,0.00320688225183
2.13470146321e-05,0.0032068786335
2.13469642119e-05,0.0032068747525
2.13469153948e-05,0.00320687126223
2.13468636218e-05,0.0032068680157
2.134681896e-05,0.00320686471096
2.13467703475e-05,0.00320686182749
2.13467228946e-05,0.00320685888801
2.13466800915e-05,0.0032068561748
2.134662966e-05,0.00320685312545
2.1346586135e-05,0.00320685003098
2.13465431614e-05,0.00320684732214
2.13464943727e-05,0.00320684459439
2.13464508192e-05,0.00320684274484
2.13464066348e-05,0.00320684049075
2.13463627915e-05,0.00320683789832
2.13463215459e-05,0.00320683528043
2.1346280937e-05,0.00320683232057
2.13462382249e-05,0.00320682963284
2.13461976898e-05,0.00320682742677
2.13461601504e-05,0.00320682543825
2.13461196154e-05,0.00320682349557
2.13460794782e-05,0.00320682163801
2.13460392331e-05,0.00320681968733
2.13459996758e-05,0.00320681824378
2.13459642964e-05,0.00320681690209
2.13459226131e-05,0.00320681479279
2.13458885014e-05,0.0032068131819
2.13458487451e-05,0.00320681157027
2.13458124051e-05,0.00320680986333
2.13457771281e-05,0.00320680824952
2.1345738736e-05,0.00320680643708
2.13457026746e-05,0.00320680427467
2.13456673123e-05,0.00320680260775
2.13456324275e-05,0.0032068007793
2.13455998278e-05,0.00320679920624
2.13455642324e-05,0.00320679692159
2.13455334688e-05,0.00320679465876
2.13454983168e-05,0.00320679245124
2.1345467735e-05,0.00320679059732
2.13454372727e-05,0.00320678854332
2.13454052925e-05,0.00320678636053
2.13453732499e-05,0.00320678415083
2.1345344345e-05,0.00320678239732
2.13453146955e-05,0.00320678088538
2.13452862909e-05,0.00320677957789
2.13452528953e-05,0.00320677786804
2.13452258208e-05,0.00320677653799
2.13451935906e-05,0.00320677528362
2.13451634522e-05,0.0032067738146
2.13451348259e-05,0.0032067729655
2.13451074785e-05,0.00320677199779
2.1345077829e-05,0.00320677067211
2.13450510216e-05,0.00320676913398
2.13450230092e-05,0.00320676753254
2.13449965145e-05,0.00320676632691
2.13449671492e-05,0.00320676483825
2.13449419107e-05,0.00320676390766
2.13449172236e-05,0.00320676274569
2.13448923546e-05,0.00320676195697
2.13448663715e-05,0.00320676081683
2.13448432362e-05,0.00320675958137
2.13448176964e-05,0.00320675825642
2.13447904059e-05,0.00320675699768
2.13447713236e-05,0.00320675596158
2.13447464319e-05,0.00320675455732
2.13447245699e-05,0.00320675312978
2.13447011163e-05,0.0032067519569
2.13446768441e-05,0.00320675092516
2.13446571479e-05,0.00320674979885
2.13446320572e-05,0.00320674813702
2.1344610559e-05,0.00320674707982
2.13445908173e-05,0.00320674619506
2.13445642032e-05,0.00320674509712
2.13445445581e-05,0.0032067439548
2.13445233442e-05,0.00320674266259
2.13445017209e-05,0.00320674156101
2.13444821213e-05,0.00320674043396
2.13444598216e-05,0.00320673942042
2.13444382837e-05,0.00320673880997
2.13444166889e-05,0.00320673807364
2.13443979192e-05,0.00320673743117
2.13443769667e-05,0.00320673651149
2.13443580208e-05,0.00320673556562
2.1344339342e-05,0.00320673438182
2.13443206178e-05,0.00320673349925
2.13443028144e-05,0.00320673265451
2.13442827203e-05,0.00320673201495
2.13442648828e-05,0.00320673103852
2.1344245215e-05,0.00320672991002
2.13442255358e-05,0.0032067287706
2.13442079087e-05,0.00320672766611
2.13441902986e-05,0.00320672642774
2.13441731091e-05,0.00320672510788
2.13441552944e-05,0.00320672393791
2.13441396681e-05,0.00320672285525
2.13441194489e-05,0.00320672143789
2.1344105204e-05,0.00320672016096
2.13440868208e-05,0.00320671881636
2.13440682728e-05,0.0032067176413
2.1344053323e-05,0.00320671693844
2.13440366394e-05,0.00320671609952
2.13440223035e-05,0.00320671554655
2.1344008718e-05,0.00320671476657
2.13439918355e-05,0.00320671423469
2.13439794379e-05,0.00320671342997
2.13439653351e-05,0.00320671245063
2.13439509139e-05,0.00320671155132
2.13439353217e-05,0.00320671063746
2.13439244419e-05,0.00320670995789
2.13439100776e-05,0.00320670891015
2.13438965602e-05,0.00320670814908
2.13438817411e-05,0.0032067078595
2.13438688434e-05,0.0032067075801
2.13438556557e-05,0.0032067074455
2.13438434571e-05,0.0032067070686
2.1343827575e-05,0.00320670656656
2.13438190258e-05,0.00320670649962
2.13438059575e-05,0.0032067060718
2.13437937703e-05,0.00320670596557
2.13437814125e-05,0.00320670567307
2.13437689354e-05,0.00320670517031
2.13437561399e-05,0.00320670509391
2.13437464026e-05,0.00320670550791
2.13437348975e-05,0.00320670586807
2.13437210675e-05,0.00320670639703
2.13437108357e-05,0.00320670697838
2.13437009393e-05,0.00320670758738
2.13436893091e-05,0.00320670822111
2.13436804074e-05,0.00320670872752
2.1343671358e-05,0.00320670950678
2.13436585966e-05,0.00320671018562
2.13436467504e-05,0.00320671086884
2.13436380477e-05,0.00320671168156
2.13436301124e-05,0.00320671252121
2.13436192496e-05,0.00320671345908
2.13436098136e-05,0.0032067143562
2.13435984506e-05,0.00320671504742
2.13435881449e-05,0.00320671548106
2.13435794251e-05,0.00320671564332
2.13435719331e-05,0.00320671601949
2.13435600017e-05,0.00320671601221
2.13435525893e-05,0.00320671602312
2.13435439946e-05,0.00320671609443
2.13435345415e-05,0.00320671624431
2.1343525583e-05,0.00320671623631
2.13435192052e-05,0.00320671601658
2.1343507791e-05,0.00320671565642
2.13435003843e-05,0.00320671526424
2.13434905902e-05,0.0032067150285
2.1343483138e-05,0.0032067148044
2.13434752766e-05,0.00320671488735
2.1343464141e-05,0.00320671454901
2.13434582236e-05,0.00320671472073
2.13434493958e-05,0.00320671439258
2.13434414775e-05,0.00320671399022
2.13434324849e-05,0.00320671386216
2.13434257148e-05,0.00320671372829
2.13434149146e-05,0.00320671329464
2.13434044781e-05,0.00320671292793
2.13433959573e-05,0.00320671273948
2.13433888916e-05,0.00320671259542
2.13433796432e-05,0.00320671207592
2.13433714521e-05,0.00320671161971
2.13433624765e-05,0.00320671128429
2.13433562067e-05,0.00320671102236
2.13433491581e-05,0.00320671115624
2.13433405634e-05,0.00320671096779
2.13433343276e-05,0.00320671101435
2.13433262161e-05,0.00320671120789
2.13433189913e-05,0.00320671131922
2.13433088902e-05,0.00320671158188
2.13433024442e-05,0.00320671199443
2.13432960095e-05,0.00320671232184
2.13432882958e-05,0.00320671233785
2.13432821909e-05,0.00320671244845
2.13432727719e-05,0.00320671224399
2.13432664964e-05,0.00320671227164
2.13432592432e-05,0.00320671250811
2.13432520013e-05,0.003206712877
2.13432451346e-05,0.00320671335066
2.13432394162e-05,0.00320671388035
2.13432332146e-05,0.00320671450245
2.13432289343e-05,0.00320671500158
2.13432204703e-05,0.00320671542722
2.13432121654e-05,0.00320671568697
2.1343207527e-05,0.00320671632871
2.13431999214e-05,0.00320671689478
2.13431927818e-05,0.00320671764493
2.13431861823e-05,0.00320671831287
2.13431795487e-05,0.00320671888476
2.13431754446e-05,0.00320671958616
2.13431660598e-05,0.00320671983718
2.13431631096e-05,0.00320672031521
2.13431564475e-05,0.00320672077796
2.1343152406e-05,0.0032067212298
2.13431459144e-05,0.00320672155794
2.13431378995e-05,0.00320672182497
2.13431344719e-05,0.00320672246889
2.13431308168e-05,0.00320672291346
2.13431270993e-05,0.00320672352391
2.13431218185e-05,0.00320672375674
2.13431161512e-05,0.00320672426897
2.13431108932e-05,0.00320672465823
2.13431068573e-05,0.00320672483504
2.1343102253e-05,0.00320672489688
2.13430963754e-05,0.00320672495873
2.13430929421e-05,0.00320672528978
2.1343086695e-05,0.00320672538728
2.13430836197e-05,0.00320672560119
2.13430792769e-05,0.00320672616654
2.13430739393e-05,0.00320672636371
2.13430696647e-05,0.00320672656817
2.13430639008e-05,0.00320672656671
2.13430571762e-05,0.00320672665111
2.13430539702e-05,0.00320672677917
2.13430509973e-05,0.00320672696325
2.13430466147e-05,0.00320672718881
2.13430420388e-05,0.00320672725356
2.13430391568e-05,0.00320672749149
2.13430366671e-05,0.00320672759262
2.13430323072e-05,0.00320672772068
2.1343025179e-05,0.00320672806047
2.1343023036e-05,0.00320672868693
2.13430190854e-05,0.00320672919916
2.13430152883e-05,0.0032067297856
2.13430086774e-05,0.0032067299624
2.13430061365e-05,0.00320673034803
2.13430023109e-05,0.00320673056631
2.13429996393e-05,0.00320673101232
2.13429962628e-05,0.0032067312437
2.13429939947e-05,0.00320673151145
2.13429899873e-05,0.00320673166425
2.13429856103e-05,0.00320673216484
2.13429824726e-05,0.00320673252863
2.13429788971e-05,0.00320673294627
2.1342975748e-05,0.00320673334281
2.13429720986e-05,0.00320673370006
2.13429673238e-05,0.00320673406313
2.13429651922e-05,0.00320673463211
2.13429647488e-05,0.00320673522656
2.13429593543e-05,0.00320673562164
2.13429567339e-05,0.00320673633469
2.13429520159e-05,0.00320673672395
2.13429470875e-05,0.00320673723836
2.13429482869e-05,0.0032067380067
2.13429443761e-05,0.00320673849783
2.13429429095e-05,0.00320673903334
2.13429415794e-05,0.00320673925671
2.13429372195e-05,0.00320673922615
2.13429363555e-05,0.00320673919778
2.1342932007e-05,0.00320673915194
2.13429313021e-05,0.00320673923197
2.13429275789e-05,0.00320673912283
2.13429243047e-05,0.00320673889
2.13429225425e-05,0.0032067389031
2.13429220707e-05,0.00320673894603
2.13429204621e-05,0.00320673874594
2.134291733e-05,0.00320673847818
2.13429185578e-05,0.00320673856695
2.13429139649e-05,0.00320673830865
2.1342912072e-05,0.00320673860842
2.13429115433e-05,0.00320673877359
2.13429081839e-05,0.00320673885799
2.13429073881e-05,0.00320673878305
2.13429062796e-05,0.00320673886818
2.13429044834e-05,0.00320673873939
2.13428991913e-05,0.00320673857568
2.13428963661e-05,0.00320673844981
2.13428949735e-05,0.00320673806273
2.13428936263e-05,0.00320673789538
2.13428920006e-05,0.00320673769093
2.13428880556e-05,0.00320673738679
2.13428872939e-05,0.00320673717797
2.13428872712e-05,0.0032067370048
2.13428852931e-05,0.00320673690876
2.13428862764e-05,0.00320673692622
2.13428836275e-05,0.00320673682727
2.13428809616e-05,0.00320673688038
2.13428777499e-05,0.00320673690803
2.13428752545e-05,0.00320673676615
2.13428751181e-05,0.00320673704846
2.13428719519e-05,0.00320673705282
2.13428677966e-05,0.00320673708266
2.13428678535e-05,0.00320673720562
2.13428661766e-05,0.0032067374399
2.13428649317e-05,0.00320673755341
2.13428633003e-05,0.00320673765455
2.13428604468e-05,0.00320673772294
2.13428559277e-05,0.00320673783717
2.1342854933e-05,0.00320673786773
2.13428536995e-05,0.00320673816386
2.13428525115e-05,0.00320673837778
2.13428509312e-05,0.00320673850074
2.13428494533e-05,0.00320673863971
2.13428469522e-05,0.00320673887545
2.13428444056e-05,0.00320673904789
2.13428448149e-05,0.00320673943424
2.13428402958e-05,0.00320673952374
2.13428393181e-05,0.00320673978349
2.13428370387e-05,0.00320673978931
2.13428346456e-05,0.00320674000322
2.13428346115e-05,0.00320673997121
2.13428340146e-05,0.0032067400527
2.13428328891e-05,0.00320674014438
2.13428315817e-05,0.00320674023897
2.13428298309e-05,0.00320674035174
2.13428274151e-05,0.00320674049799
2.13428264658e-05,0.00320674066243
2.13428254199e-05,0.0032067407883
2.13428224754e-05,0.00320674076938
2.13428220604e-05,0.00320674099712
2.13428215545e-05,0.00320674111717
2.13428191955e-05,0.00320674122195
2.13428190023e-05,0.00320674129034
2.13428150914e-05,0.00320674128452
2.13428139432e-05,0.00320674141403
2.13428109817e-05,0.00320674141767
2.13428122947e-05,0.00320674152972
2.13428107713e-05,0.0032067414737
2.13428105724e-05,0.00320674141985
2.13428107543e-05,0.00320674143659
2.13428090944e-05,0.00320674138566
2.13428090262e-05,0.0032067412496
2.1342808509e-05,0.0032067411601
2.13428052348e-05,0.00320674093382
2.13428035636e-05,0.00320674082686
2.13428020913e-05,0.00320674066461
2.13428013637e-05,0.00320674062241
2.13428002667e-05,0.00320674050599
2.13427996073e-05,0.00320674047398
2.13427995106e-05,0.00320674039467
2.13428003747e-05,0.00320674040777
2.13427990445e-05,0.00320674039394
2.13427961e-05,0.00320674034665
2.13427963274e-05,0.00320674020259
2.13427949234e-05,0.00320674012546
2.13427927406e-05,0.00320673992683
2.13427952133e-05,0.00320673998285
2.13427920301e-05,0.00320673995375
2.13427907624e-05,0.00320673974275
2.13427910637e-05,0.00320673979222
2.13427897847e-05,0.00320673982569
2.13427889776e-05,0.00320673985188
2.13427890685e-05,0.00320673986207
2.1342789239e-05,0.00320673984752
2.13427883864e-05,0.00320673972965
2.13427850383e-05,0.00320673979659
2.1342786232e-05,0.00320673990645
2.13427842539e-05,0.0032067398497
2.13427837537e-05,0.00320673991664
2.13427828271e-05,0.00320674006944
2.13427830033e-05,0.00320674010945
2.13427822302e-05,0.00320674021059
2.13427800816e-05,0.00320674022441
2.13427794165e-05,0.00320674017712
2.13427793199e-05,0.00320674026589
2.13427788708e-05,0.00320674021277
2.13427805022e-05,0.00320674027171
2.13427785411e-05,0.00320674029208
2.13427784672e-05,0.00320674031682
2.13427776032e-05,0.00320674031536
2.13427764436e-05,0.00320674039322
2.13427770234e-05,0.00320674034447
2.13427772962e-05,0.00320674037648
2.13427760912e-05,0.0032067403321
2.13427753806e-05,0.00320674031464
2.13427756876e-05,0.00320674030518
2.134277658e-05,0.00320674029572
2.13427759149e-05,0.00320674033646
2.1342774869e-05,0.00320674014583
2.13427743802e-05,0.00320674019385
2.13427756478e-05,0.00320674024988
2.1342774869e-05,0.00320674025133
2.13427753863e-05,0.00320674031318
2.1342775716e-05,0.00320674037139
2.13427749543e-05,0.00320674042014
2.13427754886e-05,0.00320674047252
2.13427761821e-05,0.00320674055474
2.13427767846e-05,0.0032067405984
2.13427759888e-05,0.00320674056638
2.13427762333e-05,0.00320674065588
2.13427764891e-05,0.0032067406617
2.13427725555e-05,0.0032067406748
2.13427759718e-05,0.00320674085669
2.13427754431e-05,0.00320674083414
2.13427767676e-05,0.0032067408436
2.13427757501e-05,0.00320674082541
2.13427744541e-05,0.00320674082977
2.13427748065e-05,0.00320674088143
2.13427744995e-05,0.00320674099785
2.13427749941e-05,0.00320674100585
2.13427729932e-05,0.00320674101968
2.13427750282e-05,0.00320674116738
2.13427761935e-05,0.0032067412707
2.13427737037e-05,0.00320674121467
2.13427730387e-05,0.0032067412656
2.13427743176e-05,0.0032067414475
2.13427733684e-05,0.00320674136601
2.13427741983e-05,0.00320674153118
2.13427729591e-05,0.0032067415159
2.13427745678e-05,0.00320674155009
2.13427747269e-05,0.00320674166505
2.13427748292e-05,0.00320674174291
2.1342774528e-05,0.00320674187387
2.13427736298e-05,0.00320674199902
2.13427732774e-05,0.00320674193426
2.13427725612e-05,0.00320674199684
2.13427738856e-05,0.00320674218092
2.1342772925e-05,0.00320674231334
2.13427724645e-05,0.00320674238392
2.13427718393e-05,0.00320674250324
2.13427722542e-05,0.0032067425891
2.13427724418e-05,0.00320674261529
2.13427718563e-05,0.00320674269897
2.13427719018e-05,0.00320674263276
2.13427710491e-05,0.0032067426604
2.13427708104e-05,0.00320674269169
2.13427709468e-05,0.00320674265531
2.13427709298e-05,0.00320674261893
2.13427704352e-05,0.00320674268805
2.13427712595e-05,0.0032067427499
2.13427720041e-05,0.00320674292889
2.13427702647e-05,0.00320674285031
2.13427697247e-05,0.00320674281465
2.13427702533e-05,0.00320674287796
2.13427703216e-05,0.00320674287941
2.13427687299e-05,0.00320674287796
2.13427689914e-05,0.00320674289833
2.13427698156e-05,0.0032067427921
2.13427686617e-05,0.00320674280083
2.13427682183e-05,0.00320674280592
2.13427686901e-05,0.0032067426524
2.1342768332e-05,0.00320674274408
2.13427686049e-05,0.00320674265749
2.13427686333e-05,0.00320674255199
2.13427701908e-05,0.00320674259929
2.13427692699e-05,0.00320674260875
2.13427697702e-05,0.0032067425047
2.13427694007e-05,0.00320674246032
2.13427676897e-05,0.00320674247487
2.13427672861e-05,0.00320674240502
2.13427676044e-05,0.00320674243412
2.13427676954e-05,0.00320674240502
2.13427669905e-05,0.0032067424363
2.13427671497e-05,0.00320674242248
2.13427666608e-05,0.00320674237591
2.13427672577e-05,0.00320674234827
2.13427684344e-05,0.00320674235336
2.13427677807e-05,0.00320674230388
2.13427678432e-05,0.00320674225804
2.13427680478e-05,0.00320674230461
2.13427676954e-05,0.00320674233226
2.13427679455e-05,0.00320674230607
2.13427672179e-05,0.00320674243412
2.1342766388e-05,0.00320674241957
2.13427662118e-05,0.00320674246177
2.13427682922e-05,0.00320674255054
2.13427673714e-05,0.0032067425127
2.13427691165e-05,0.00320674259419
2.13427673032e-05,0.00320674250397
2.13427674851e-05,0.00320674249378
2.13427684685e-05,0.0032067425178
2.13427683661e-05,0.00320674262402
2.1342767468e-05,0.00320674260802
2.1342766513e-05,0.003206742576
2.13427668541e-05,0.00320674249015
2.13427675646e-05,0.00320674254253
2.13427662288e-05,0.00320674249961
2.13427667632e-05,0.00320674249815
2.13427654387e-05,0.00320674246977
2.13427662516e-05,0.00320674253162
2.13427662402e-05,0.00320674257819
2.13427658139e-05,0.00320674257673
2.13427658593e-05,0.00320674260292
2.13427652966e-05,0.00320674257964
2.13427658991e-05,0.00320674268733
2.13427654785e-05,0.00320674259492
2.13427646884e-05,0.0032067426022
2.13427654899e-05,0.0032067426604
2.13427649498e-05,0.00320674263494
2.13427650408e-05,0.00320674262985
2.13427662345e-05,0.00320674264294
2.1342766081e-05,0.00320674267787
2.13427652682e-05,0.00320674265313
2.1342766064e-05,0.00320674265022
2.13427652966e-05,0.00320674264149
2.13427659787e-05,0.00320674265167
2.1342766172e-05,0.00320674274699
2.13427661777e-05,0.00320674273971
2.13427651602e-05,0.00320674274772
2.13427656718e-05,0.00320674271061
2.13427647736e-05,0.00320674275281
2.13427648475e-05,0.00320674275499
2.13427656377e-05,0.00320674273607
2.13427649328e-05,0.00320674267277
2.13427646543e-05,0.00320674270697
2.13427643871e-05,0.00320674273535
2.13427645463e-05,0.00320674270333
2.13427645292e-05,0.0032067427077
2.13427638528e-05,0.00320674267787
2.13427648475e-05,0.00320674266404
2.13427651317e-05,0.00320674267205
2.13427649157e-05,0.0032067426393
2.13427646258e-05,0.00320674265458
2.13427645406e-05,0.00320674259856
2.13427651545e-05,0.00320674257091
2.13427651147e-05,0.00320674272807
2.13427649385e-05,0.0032067427026
2.13427648418e-05,0.00320674269315
2.13427648418e-05,0.00320674270624
2.13427660469e-05,0.00320674275572
2.13427648816e-05,0.00320674268223
2.13427647452e-05,0.00320674271861
2.13427645463e-05,0.00320674271425
2.13427648987e-05,0.00320674278482
2.13427648362e-05,0.0032067428685
2.13427652966e-05,0.00320674278191
2.13427647111e-05,0.00320674276954
2.13427651147e-05,0.00320674278555
2.13427651545e-05,0.00320674275063
2.13427649214e-05,0.00320674280883
2.13427637561e-05,0.00320674272589
2.13427644383e-05,0.0032067427419
2.13427640006e-05,0.00320674276663
2.1342764478e-05,0.00320674275426
2.13427640347e-05,0.00320674275063
2.1342763722e-05,0.00320674273971
2.13427640006e-05,0.00320674279938
2.13427643587e-05,0.00320674276736
2.13427645235e-05,0.00320674277173
2.13427647054e-05,0.00320674278919
2.13427648077e-05,0.0032067428052
2.13427637334e-05,0.00320674284958
2.1342763921e-05,0.00320674279865
2.13427642052e-05,0.00320674278773
2.1342764984e-05,0.00320674284885
2.1342764478e-05,0.00320674278191
2.13427645349e-05,0.00320674288378
2.1342764785e-05,0.00320674285613
2.13427653705e-05,0.00320674283503
2.13427646258e-05,0.00320674286413
2.1342765308e-05,0.0032067428263
2.13427651602e-05,0.00320674278482
2.13427652909e-05,0.00320674280447
2.13427656661e-05,0.00320674277464
2.13427637334e-05,0.00320674276081
2.13427641597e-05,0.00320674277027
2.13427639778e-05,0.00320674281465
2.13427640176e-05,0.00320674279355
2.13427648362e-05,0.00320674283066
2.1342764677e-05,0.00320674275936
2.13427641256e-05,0.00320674279865
2.13427635515e-05,0.00320674276372
2.13427645235e-05,0.00320674285467
2.13427640347e-05,0.00320674284158
2.1342764137e-05,0.00320674284303
2.13427634549e-05,0.00320674272953
2.13427637334e-05,0.00320674275863
2.13427634037e-05,0.00320674284303
2.13427631763e-05,0.0032067428001
2.13427638528e-05,0.00320674280592
2.13427643359e-05,0.00320674281393
2.13427639096e-05,0.00320674276009
2.13427632957e-05,0.00320674275863
2.13427630229e-05,0.0032067427157
2.13427628978e-05,0.003206742763
2.13427639551e-05,0.00320674272371
2.1342764461e-05,0.00320674280811
2.13427637959e-05,0.0032067427841
2.13427638982e-05,0.00320674277173
2.13427638755e-05,0.00320674280156
2.13427636822e-05,0.0032067427499
2.13427632161e-05,0.00320674283794
2.13427629546e-05,0.00320674277245
2.13427634037e-05,0.00320674281538
2.13427634549e-05,0.00320674276663
2.13427642223e-05,0.00320674281538
2.13427639721e-05,0.00320674281611
2.1342764262e-05,0.00320674282193
2.13427644042e-05,0.00320674284303
2.13427644553e-05,0.00320674286195
2.13427642564e-05,0.00320674282993
2.13427642564e-05,0.00320674282484
2.13427643075e-05,0.00320674281465
2.13427643814e-05,0.00320674286631
2.1342764262e-05,0.00320674281757
2.13427648248e-05,0.0032067428132
2.13427648589e-05,0.00320674282557
2.13427648816e-05,0.00320674277464
2.1342764461e-05,0.00320674280374
2.13427649044e-05,0.00320674277609
2.13427646145e-05,0.00320674273898
2.13427639721e-05,0.00320674274044
2.13427637959e-05,0.00320674270697
2.13427638698e-05,0.00320674271279
2.13427640119e-05,0.00320674268587
2.13427636254e-05,0.00320674268296
2.13427641199e-05,0.0032067427288
2.13427639153e-05,0.00320674267059
2.13427636481e-05,0.00320674269096
2.13427634094e-05,0.00320674262766
2.13427634606e-05,0.0032067426444
2.13427633696e-05,0.00320674260074
2.13427638585e-05,0.00320674262184
