5.578471347689628601e-03
-1.183149889111518860e-01
4.534419160336256027e-03
3.502859547734260559e-02
2.743653394281864166e-02
-6.675272434949874878e-02
-1.584375053644180298e-01
-8.493182831443846226e-04
-1.477317214012145996e-01
5.978905409574508667e-02
-1.543193906545639038e-01
1.744781807065010071e-02
5.174430087208747864e-02
-2.447506338357925415e-01
4.030467197299003601e-02
1.860104501247406006e-01
-7.479681074619293213e-02
-1.089979335665702820e-01
2.647095918655395508e-02
-5.850650370121002197e-02
1.860850006341934204e-01
2.241426259279251099e-01
-1.692494004964828491e-01
6.356766819953918457e-02
5.240989476442337036e-02
3.570202365517616272e-02
3.103253059089183807e-02
8.603002876043319702e-02
6.595503538846969604e-02
-7.050742208957672119e-02
-8.924812078475952148e-02
-3.051071427762508392e-02
-1.891896873712539673e-01
6.258627772331237793e-02
-2.999649569392204285e-02
1.243417244404554367e-02
4.203853756189346313e-02
4.642599448561668396e-02
-5.986400693655014038e-02
1.063329167664051056e-02
-6.027402356266975403e-02
7.835978269577026367e-02
-2.026521414518356323e-01
-5.136632174253463745e-02
-8.581938222050666809e-03
1.497190445661544800e-01
-1.485463231801986694e-01
1.538302898406982422e-01
-1.255062222480773926e-01
6.567207723855972290e-02
-1.244331970810890198e-01
1.535463891923427582e-02
7.688747346401214600e-02
-9.912695735692977905e-03
1.040594950318336487e-01
7.201550155878067017e-02
-5.023949220776557922e-02
-1.268729288130998611e-02
8.337949216365814209e-02
-9.751857817173004150e-02
-1.918593607842922211e-02
1.930525898933410645e-01
1.337036639451980591e-01
4.509768262505531311e-02
8.286457508802413940e-02
5.305602401494979858e-02
1.200881227850914001e-01
1.059318110346794128e-01
3.570703044533729553e-02
5.865059792995452881e-02
-4.021446779370307922e-02
6.811495125293731689e-02
1.425799280405044556e-01
-1.256300061941146851e-01
-7.950121164321899414e-02
9.224514663219451904e-02
-1.347041875123977661e-01
-7.237242162227630615e-02
-1.236637681722640991e-01
-1.492001861333847046e-01
-3.015878237783908844e-02
5.630505457520484924e-02
9.981393069028854370e-02
2.258398234844207764e-01
1.357615292072296143e-01
6.153712794184684753e-02
2.286611124873161316e-02
-5.269188433885574341e-02
5.335582047700881958e-02
-6.344458088278770447e-03
-1.528568118810653687e-01
-4.957968369126319885e-02
1.340616941452026367e-01
-1.256515234708786011e-01
5.179741233587265015e-02
-7.544372975826263428e-02
1.661075651645660400e-02
-1.108525544404983521e-01
4.472813755273818970e-02
5.595462769269943237e-02
