-1.820397190749645233e-02
-2.248477749526500702e-02
5.841225758194923401e-02
9.545579552650451660e-03
1.269773840904235840e-01
-5.105121061205863953e-02
-1.696060411632061005e-02
3.055538795888423920e-02
5.601371824741363525e-02
-1.317236274480819702e-01
-1.769265905022621155e-02
-9.642659872770309448e-02
-1.036520749330520630e-01
1.090283170342445374e-01
-8.305065566673874855e-04
1.437949091196060181e-01
1.528924554586410522e-01
1.398715097457170486e-02
-9.201905131340026855e-02
5.803002789616584778e-02
2.974030971527099609e-01
1.112788617610931396e-01
4.479852318763732910e-02
3.619904443621635437e-02
2.306224554777145386e-01
-7.127086073160171509e-02
6.101339682936668396e-02
7.631544023752212524e-02
-1.284276321530342102e-02
6.536605209112167358e-02
2.042890787124633789e-01
-6.318994611501693726e-02
8.504635095596313477e-02
-1.853908039629459381e-02
-4.375521838665008545e-02
6.334365904331207275e-02
7.847639732062816620e-03
-1.336498558521270752e-02
9.082963317632675171e-02
1.114422455430030823e-01
7.239274680614471436e-02
1.801414042711257935e-01
3.958837315440177917e-02
-4.394719377160072327e-02
6.563093047589063644e-03
-9.050577133893966675e-02
1.526134647428989410e-02
8.973614126443862915e-02
-7.064234465360641479e-02
1.978805363178253174e-01
