6.488525867462158203e-02
-6.390915066003799438e-02
-1.163493096828460693e-02
9.281342476606369019e-02
-1.651089191436767578e-01
-1.658533364534378052e-01
-5.079009383916854858e-02
2.935914089903235435e-03
2.646300196647644043e-01
1.003413721919059753e-01
1.253242492675781250e-01
-1.640729159116744995e-01
8.539130538702011108e-02
4.963967576622962952e-02
9.733112528920173645e-03
5.661312607116997242e-04
1.143819168210029602e-01
-7.434835284948348999e-02
-3.144522383809089661e-02
7.868044823408126831e-02
1.918574236333370209e-02
-9.786043316125869751e-02
-6.838569790124893188e-02
-7.677965611219406128e-02
-1.232209280133247375e-01
1.228425577282905579e-01
4.733765870332717896e-02
-2.101583927869796753e-01
-4.485402256250381470e-02
-9.977502375841140747e-02
-1.167509704828262329e-01
-4.433989152312278748e-02
2.261816859245300293e-01
-1.235547587275505066e-01
-1.075716167688369751e-01
-9.934413433074951172e-02
-3.615030646324157715e-02
-1.225145980715751648e-01
4.435977339744567871e-02
1.909743249416351318e-01
8.971223980188369751e-02
1.199178248643875122e-01
1.850489079952239990e-01
1.325170695781707764e-01
-1.220187917351722717e-01
-1.265988945960998535e-01
9.438772499561309814e-02
-6.818542629480361938e-02
1.204894259572029114e-01
-1.682381927967071533e-01
2.763127684593200684e-01
-5.136609822511672974e-02
-8.164301514625549316e-02
8.803962171077728271e-02
-6.654209643602371216e-02
-6.455365102738142014e-03
-1.581158936023712158e-01
-2.053208835422992706e-02
2.067555934190750122e-01
5.487521365284919739e-02
-3.372131381183862686e-03
-2.588363364338874817e-02
5.270556360483169556e-02
-1.129772067070007324e-01
8.812138438224792480e-02
6.576216220855712891e-02
2.099369317293167114e-01
1.688729673624038696e-01
-1.079425215721130371e-01
1.457233130931854248e-01
-1.978982426226139069e-02
7.730516139417886734e-03
-1.178603842854499817e-01
-2.107671052217483521e-01
-9.098859503865242004e-03
-7.000965625047683716e-02
-6.883547455072402954e-02
-4.210497066378593445e-02
-1.186155714094638824e-03
-1.043630912899971008e-01
-5.517052486538887024e-02
-6.508918106555938721e-02
2.231627516448497772e-02
2.462025918066501617e-02
-6.556603312492370605e-02
2.527849562466144562e-02
1.011000350117683411e-01
-4.090108349919319153e-02
-1.097861304879188538e-01
3.352815657854080200e-02
3.930725529789924622e-02
-5.129082873463630676e-02
-3.807315230369567871e-02
1.366587877273559570e-01
8.726692199707031250e-02
9.371451288461685181e-02
5.235000699758529663e-02
5.409912019968032837e-02
1.846553236246109009e-01
4.378392547369003296e-02
