1.916612088680267334e-01
9.775447845458984375e-02
-3.936680499464273453e-03
3.473971411585807800e-02
1.473928540945053101e-01
1.354159116744995117e-01
-7.701931893825531006e-02
-1.639262288808822632e-01
1.023552194237709045e-01
8.060272037982940674e-02
5.719580501317977905e-02
-1.396654546260833740e-01
1.129735633730888367e-01
1.104882955551147461e-01
7.822706550359725952e-02
9.071240574121475220e-02
-6.483209133148193359e-02
1.384521573781967163e-01
6.682526320219039917e-02
-1.871358789503574371e-02
6.965099275112152100e-02
7.086149603128433228e-02
-1.118826195597648621e-01
3.426995873451232910e-02
-1.244628503918647766e-01
6.133604049682617188e-02
8.429478108882904053e-02
1.075313016772270203e-01
-8.992522954940795898e-03
8.543670922517776489e-02
-2.245381660759449005e-02
-5.148077383637428284e-02
-8.626470342278480530e-03
3.441531956195831299e-02
-1.624160562641918659e-03
1.071952469646930695e-02
1.480776220560073853e-01
-1.924829632043838501e-01
1.456665098667144775e-01
-1.182514578104019165e-01
1.254358738660812378e-01
4.508331790566444397e-02
5.666402354836463928e-02
-1.526894271373748779e-01
-5.944734811782836914e-02
2.115552723407745361e-01
-1.155795156955718994e-01
-1.229310706257820129e-01
-1.291047632694244385e-01
1.485677203163504601e-03
