-1.290059685707092285e-01
-2.645030803978443146e-02
8.549014478921890259e-02
5.752071272581815720e-03
-1.120123043656349182e-01
1.010831892490386963e-01
-1.124936342239379883e-02
2.224536798894405365e-02
-7.112903892993927002e-02
-7.454903423786163330e-02
1.521127391606569290e-02
-7.530982047319412231e-02
2.000940963625907898e-02
1.112364158034324646e-01
6.623246520757675171e-02
-1.606790721416473389e-02
1.672265678644180298e-02
4.087360575795173645e-02
-5.215219408273696899e-02
9.894362092018127441e-02
8.309692889451980591e-02
-3.378959000110626221e-02
-1.423619128763675690e-02
-4.990816861391067505e-02
-1.001250222325325012e-01
-2.402234077453613281e-02
