1.848146319389343262e-02
2.514681220054626465e-02
-1.400181055068969727e-01
-3.825224563479423523e-02
3.799920668825507164e-04
-9.672154486179351807e-02
-1.885851323604583740e-01
2.018669098615646362e-01
6.403233855962753296e-02
3.142922371625900269e-02
-8.400242030620574951e-02
1.797391027212142944e-01
4.317501559853553772e-02
5.608904361724853516e-02
-1.162929385900497437e-01
-2.327290326356887817e-01
-1.207326259464025497e-02
-3.354206308722496033e-02
-1.474722325801849365e-01
2.408438175916671753e-02
1.292728781700134277e-01
3.250117972493171692e-02
-1.035392507910728455e-01
5.086419358849525452e-02
6.979286205023527145e-03
5.750536173582077026e-02
-6.769129633903503418e-02
1.576834544539451599e-02
2.694808132946491241e-02
-6.613913178443908691e-02
1.058813482522964478e-01
1.669762879610061646e-01
6.822264194488525391e-02
8.906308561563491821e-02
-6.640806794166564941e-02
-1.156561523675918579e-01
-1.676006019115447998e-01
1.617567539215087891e-01
7.323575764894485474e-02
-1.773121953010559082e-01
-2.587032131850719452e-02
-1.865888684988021851e-01
-4.271613433957099915e-02
-1.065955683588981628e-01
-2.136140316724777222e-01
7.950538396835327148e-02
-1.593655794858932495e-01
4.294108971953392029e-02
-2.248458564281463623e-02
1.162970215082168579e-01
8.791780471801757812e-02
6.571488827466964722e-02
-1.448829192668199539e-02
-1.689272187650203705e-02
3.676387667655944824e-02
4.114578664302825928e-02
2.117826603353023529e-02
2.037238180637359619e-01
1.178063601255416870e-01
-2.468713931739330292e-02
-4.166090860962867737e-02
2.565605007112026215e-02
-3.535128384828567505e-02
-1.156938448548316956e-02
-2.677767165005207062e-02
-6.815150380134582520e-03
-1.009495928883552551e-01
-3.939958661794662476e-02
-5.957774445414543152e-02
2.551624476909637451e-01
-4.785225167870521545e-02
-1.335130911320447922e-02
3.689671680331230164e-02
-3.054969944059848785e-02
1.110559888184070587e-02
8.374654501676559448e-02
-1.160383298993110657e-01
1.443038433790206909e-01
-5.754791200160980225e-02
5.154330655932426453e-02
-3.748594224452972412e-02
-2.447385713458061218e-02
-8.174974471330642700e-02
-7.393555343151092529e-02
7.017973810434341431e-02
1.367771476507186890e-01
7.695315778255462646e-02
3.546627610921859741e-02
-7.667893171310424805e-02
-9.766986966133117676e-02
1.486788988113403320e-01
1.255031954497098923e-02
-3.101755976676940918e-01
-1.134077385067939758e-01
4.954594001173973083e-02
3.060059249401092529e-01
-8.050027489662170410e-02
-9.172653406858444214e-02
9.636086970567703247e-02
-4.350035637617111206e-02
1.737034767866134644e-01
1.080188807100057602e-02
-1.007687766104936600e-02
-4.000324010848999023e-02
-5.713703483343124390e-02
-9.094144334085285664e-04
-1.499857306480407715e-01
2.023092359304428101e-01
9.106417745351791382e-02
1.766554825007915497e-02
1.893659308552742004e-02
-8.048456162214279175e-02
9.485693275928497314e-02
-2.573181688785552979e-01
1.744322478771209717e-02
-4.104967787861824036e-02
-1.846812814474105835e-01
1.455733627080917358e-01
3.698183596134185791e-02
-3.014779277145862579e-02
1.362617164850234985e-01
-1.000411957502365112e-01
8.774966746568679810e-02
5.691375583410263062e-02
1.315942257642745972e-01
2.277414798736572266e-01
-5.131737515330314636e-02
-1.816530674695968628e-01
4.191372077912092209e-03
3.683634847402572632e-02
-6.867228448390960693e-02
-2.613548561930656433e-02
-1.309021711349487305e-01
4.779702052474021912e-02
6.981974840164184570e-02
1.196001246571540833e-01
9.417951852083206177e-02
-4.654123261570930481e-02
-5.095170810818672180e-02
7.299042493104934692e-02
-9.148734807968139648e-02
3.363992646336555481e-02
5.860474333167076111e-02
2.461857199668884277e-01
-7.602711766958236694e-02
-5.721100047230720520e-02
-1.121723726391792297e-01
-7.349132001399993896e-02
-1.586570143699645996e-01
-1.473882496356964111e-01
6.420929729938507080e-02
-2.192623317241668701e-01
4.078410938382148743e-02
1.819731593132019043e-01
3.050438873469829559e-02
1.761348545551300049e-02
8.436745405197143555e-02
-6.566786020994186401e-02
-2.100376486778259277e-01
-3.115673782303929329e-03
6.492248922586441040e-02
-4.289604723453521729e-02
-6.273125857114791870e-02
3.417612239718437195e-02
-1.188993379473686218e-01
1.606413275003433228e-01
-1.219414081424474716e-02
-1.696236431598663330e-01
-2.056634426116943359e-02
6.649390608072280884e-02
1.245859265327453613e-01
1.350479759275913239e-02
-1.986749470233917236e-02
1.277249585837125778e-02
-6.560551375150680542e-02
-2.433864027261734009e-02
8.630710095167160034e-02
-1.956842392683029175e-01
-2.929593808948993683e-02
-1.268924865871667862e-02
-6.490176916122436523e-02
2.344401739537715912e-02
-7.570881862193346024e-03
1.645715683698654175e-01
6.223666295409202576e-02
-2.577391080558300018e-02
4.025767371058464050e-02
-2.444659471511840820e-01
-9.932872653007507324e-02
-3.329005837440490723e-02
4.092791676521301270e-02
7.231543958187103271e-02
-1.269477903842926025e-01
-3.248901292681694031e-02
-1.638766378164291382e-02
2.314355820417404175e-01
-5.005841143429279327e-03
-2.255845665931701660e-01
-1.848456636071205139e-02
-1.768957823514938354e-01
