4.848457500338554382e-02
4.519848525524139404e-02
-7.007092237472534180e-02
-6.866742670536041260e-02
1.803897172212600708e-01
1.945311129093170166e-01
-1.087049990892410278e-01
-5.349102988839149475e-02
-5.467567220330238342e-02
-1.728251203894615173e-02
1.124977599829435349e-02
-1.423016786575317383e-01
1.540837138891220093e-01
3.213549405336380005e-02
5.123841390013694763e-02
1.168480738997459412e-01
-1.155221536755561829e-01
-5.707529187202453613e-02
-7.823647558689117432e-02
2.243465930223464966e-01
-1.220967397093772888e-01
-5.206638574600219727e-02
-1.025369912385940552e-01
-9.589394181966781616e-02
-1.088338866829872131e-01
-1.334707438945770264e-01
-9.509841352701187134e-02
-7.451412826776504517e-02
-2.849768660962581635e-02
9.399390220642089844e-02
1.204205602407455444e-01
-5.887691676616668701e-02
-1.192122846841812134e-01
8.310741931200027466e-02
-1.023713201284408569e-01
-8.069437928497791290e-03
9.513567388057708740e-02
2.911013066768646240e-01
-1.395111829042434692e-01
1.437198370695114136e-01
-5.806223675608634949e-02
-1.520971953868865967e-01
-1.053012758493423462e-01
9.128005802631378174e-02
5.634120851755142212e-02
5.977865681052207947e-02
2.406063489615917206e-03
-6.898271385580301285e-04
1.204144954681396484e-02
-2.263180315494537354e-01
1.887835748493671417e-02
-5.973188579082489014e-02
-1.626347377896308899e-02
1.659881472587585449e-01
8.848431706428527832e-02
-9.922526776790618896e-02
5.769102834165096283e-03
1.594513505697250366e-01
-3.843545168638229370e-02
-1.035729944705963135e-01
2.472682856023311615e-02
-6.873355805873870850e-02
-3.735253587365150452e-02
4.475692287087440491e-02
-2.253184840083122253e-02
2.230685763061046600e-02
1.713590696454048157e-02
6.308635231107473373e-03
1.623214036226272583e-02
1.719833910465240479e-01
1.268605422228574753e-02
7.471971958875656128e-02
1.966048404574394226e-02
8.433873951435089111e-02
-7.250493764877319336e-02
-9.726051986217498779e-02
8.865164965391159058e-02
-5.735123157501220703e-02
1.487146168947219849e-01
4.882680997252464294e-02
-1.229960918426513672e-01
4.199456423521041870e-02
-6.203282624483108521e-02
-3.488968312740325928e-02
7.224825024604797363e-02
-2.646151743829250336e-02
-6.826557219028472900e-02
1.214758865535259247e-02
-1.063747331500053406e-02
-7.287342101335525513e-02
-1.221122518181800842e-01
7.498388737440109253e-02
4.559654369950294495e-02
7.903339574113488197e-04
-2.242533564567565918e-01
-1.477643474936485291e-02
6.264365464448928833e-02
-4.561552032828330994e-02
-1.946785151958465576e-01
9.199131280183792114e-02
3.510817140340805054e-02
2.127376757562160492e-02
-8.458741754293441772e-02
3.844849020242691040e-02
2.215003073215484619e-01
1.283630132675170898e-01
-7.162708044052124023e-02
1.744211465120315552e-02
-5.801519379019737244e-02
-6.391346454620361328e-02
5.443409457802772522e-02
3.359027579426765442e-02
1.952257752418518066e-01
-1.655644774436950684e-01
-2.845470979809761047e-02
2.099582925438880920e-02
6.292370613664388657e-03
-3.216327726840972900e-02
-2.611509338021278381e-02
-1.063705515116453171e-02
1.250528842210769653e-01
-3.343094140291213989e-03
1.006527096033096313e-01
5.464899167418479919e-02
1.073652878403663635e-01
-1.356031149625778198e-01
-1.237243041396141052e-02
2.449613437056541443e-02
5.042009800672531128e-02
-1.535068750381469727e-01
1.011046953499317169e-02
-2.522379755973815918e-01
2.410723594948649406e-03
1.184579799883067608e-03
1.102118939161300659e-01
2.003673017024993896e-01
-5.952361598610877991e-02
-8.756566792726516724e-02
3.325162082910537720e-02
-3.773800097405910492e-03
-8.102454245090484619e-02
9.932127781212329865e-03
-1.219712197780609131e-01
1.312153041362762451e-01
-5.282652378082275391e-02
1.011492237448692322e-01
6.722714751958847046e-02
4.568088427186012268e-02
-1.044039651751518250e-01
-2.655003778636455536e-02
2.720820531249046326e-02
8.999747782945632935e-02
3.112843725830316544e-03
-4.051888734102249146e-02
-2.951275371015071869e-02
-7.057940959930419922e-02
6.153978407382965088e-02
1.439462751150131226e-01
7.932176440954208374e-02
-6.792413443326950073e-02
6.942812353372573853e-02
-5.385341867804527283e-02
5.383465066552162170e-02
-7.552280556410551071e-03
1.860084235668182373e-01
9.756766259670257568e-03
2.313991636037826538e-02
1.140474081039428711e-01
2.528738416731357574e-02
-1.604795902967453003e-01
5.975097790360450745e-02
1.170834749937057495e-01
-6.131285429000854492e-02
-3.668490052223205566e-02
8.418615162372589111e-02
-1.700746864080429077e-01
1.022624522447586060e-01
-2.820581197738647461e-02
1.997882425785064697e-01
-1.381293125450611115e-02
-3.641612455248832703e-02
8.048271387815475464e-02
-1.845548897981643677e-01
1.040566042065620422e-01
-6.521374732255935669e-02
-7.754716277122497559e-02
-6.805951893329620361e-02
-9.128395467996597290e-03
-1.890705898404121399e-02
-1.036940068006515503e-01
-6.588495522737503052e-02
1.566375344991683960e-01
-5.790357664227485657e-02
5.060354992747306824e-02
-6.992577016353607178e-02
2.718360535800457001e-02
4.888457804918289185e-02
-3.502779826521873474e-02
7.004118710756301880e-02
-4.746038839221000671e-02
