1.589054912328720093e-01
1.320894062519073486e-01
-1.102641448378562927e-01
-3.330840915441513062e-02
-1.572939306497573853e-01
-2.834558486938476562e-03
-2.490168623626232147e-02
5.200675223022699356e-03
1.256499588489532471e-01
-7.060022652149200439e-02
-1.190049014985561371e-02
-9.849710017442703247e-02
3.845823183655738831e-02
-7.367360522039234638e-04
-6.286820024251937866e-02
-6.950550526380538940e-02
-1.433929353952407837e-01
-5.447215959429740906e-02
2.545661851763725281e-02
9.436571598052978516e-02
-6.910692155361175537e-02
-4.042513668537139893e-02
-1.302829086780548096e-01
8.671454340219497681e-02
4.639973863959312439e-02
-3.401176631450653076e-02
2.370642498135566711e-02
-1.885344460606575012e-02
-4.740627855062484741e-02
-8.572409301996231079e-02
6.752510368824005127e-02
-4.615546017885208130e-02
-7.617791648954153061e-03
-4.930437356233596802e-02
7.646264135837554932e-02
-6.824938952922821045e-02
4.795486107468605042e-02
7.335383445024490356e-02
7.837349921464920044e-02
1.256371662020683289e-02
-8.891200274229049683e-02
-9.526020288467407227e-02
2.210356853902339935e-02
-1.092045828700065613e-01
-4.255972802639007568e-02
1.264216303825378418e-01
-7.295606285333633423e-02
-1.392643600702285767e-01
-1.221861913800239563e-01
-7.916817814111709595e-02
-1.933839917182922363e-01
3.492142632603645325e-02
-6.674333417322486639e-05
2.026118151843547821e-02
-3.694081306457519531e-02
-2.261946648359298706e-01
-3.015746735036373138e-02
1.203643251210451126e-02
3.118816763162612915e-02
1.704280078411102295e-01
7.510928809642791748e-02
2.024224260821938515e-03
2.422280795872211456e-02
1.354721784591674805e-01
1.426804997026920319e-02
1.276079192757606506e-02
-6.871460378170013428e-02
2.304597944021224976e-02
-4.390937834978103638e-02
7.879067957401275635e-02
4.067474976181983948e-02
-5.231887847185134888e-02
2.642597258090972900e-01
6.356170773506164551e-02
-3.534814342856407166e-02
-4.810962453484535217e-02
-1.333536952733993530e-01
1.033239141106605530e-01
-8.234465122222900391e-02
-7.535884529352188110e-02
-4.961243644356727600e-02
-3.283753991127014160e-02
-3.329165279865264893e-02
1.537760049104690552e-01
-7.553716003894805908e-02
-4.069546237587928772e-02
4.014115408062934875e-02
-3.939638286828994751e-02
7.679871469736099243e-02
-1.896426454186439514e-02
8.398029208183288574e-02
6.625007838010787964e-02
-1.248876899480819702e-01
2.261500991880893707e-02
-1.011180058121681213e-01
-1.421400159597396851e-01
8.758953213691711426e-02
-5.431718751788139343e-02
2.245465107262134552e-02
5.200633779168128967e-03
8.657475560903549194e-02
-5.373046919703483582e-02
-1.256239563226699829e-01
6.390319019556045532e-02
-1.249596029520034790e-01
1.185654029250144958e-01
4.166163504123687744e-03
-7.647471129894256592e-02
2.247609347105026245e-01
9.752117097377777100e-02
-9.545832872390747070e-02
1.545860320329666138e-01
-4.704805836081504822e-02
1.650919020175933838e-02
8.611171692609786987e-02
7.094563543796539307e-02
-2.720896527171134949e-02
-1.768183261156082153e-01
7.044266164302825928e-02
1.586782629601657391e-03
-1.581943631172180176e-01
2.828718908131122589e-02
-3.690658882260322571e-02
7.732052356004714966e-02
-8.923310041427612305e-02
-4.556579515337944031e-02
8.380402624607086182e-02
-4.758040979504585266e-02
9.616775810718536377e-02
2.810118906199932098e-02
-5.224248021841049194e-02
-8.752693235874176025e-02
4.558289796113967896e-02
-2.549443021416664124e-02
4.060858115553855896e-02
8.140858262777328491e-02
1.285890787839889526e-01
-7.162959873676300049e-02
7.776483893394470215e-02
-7.324357330799102783e-02
2.302436381578445435e-01
-6.014766637235879898e-03
-9.770817123353481293e-03
8.199130184948444366e-03
2.944852784276008606e-02
1.426966339349746704e-01
1.048048511147499084e-01
-3.144802898168563843e-02
-2.773160673677921295e-02
-7.005738466978073120e-02
-2.081695385277271271e-02
2.593940868973731995e-02
-2.055817544460296631e-01
-1.811962723731994629e-01
3.162708133459091187e-02
-9.814619272947311401e-02
1.250259280204772949e-01
-1.531649231910705566e-01
1.899838447570800781e-02
1.420422494411468506e-01
5.336131528019905090e-02
-1.114328801631927490e-01
-2.323353849351406097e-02
4.746728762984275818e-02
7.758118957281112671e-02
9.935366362333297729e-02
-6.728400941938161850e-03
7.681196928024291992e-02
-1.458588093519210815e-01
-1.486073583364486694e-01
-8.957120776176452637e-02
2.889375202357769012e-02
2.642098069190979004e-01
-1.477449852973222733e-02
-1.633112132549285889e-02
4.963486921042203903e-03
2.252217233180999756e-01
-7.484240084886550903e-02
-1.877609081566333771e-02
-8.356019109487533569e-02
8.242318779230117798e-02
-7.898969948291778564e-02
-2.228143513202667236e-01
5.904691666364669800e-02
1.551030129194259644e-01
-1.495170295238494873e-01
-7.187698781490325928e-02
8.766771852970123291e-02
-1.893322169780731201e-01
-2.001813799142837524e-02
-1.022119913250207901e-02
-1.350060403347015381e-01
-7.240097224712371826e-02
8.238790184259414673e-02
1.645255982875823975e-01
-3.701203316450119019e-02
1.514862030744552612e-01
1.054461672902107239e-02
1.014918982982635498e-01
-4.623149707913398743e-02
