-1.612775027751922607e-03
7.845050096511840820e-02
-1.432510465383529663e-01
-8.799370378255844116e-02
-1.150265932083129883e-01
-4.846831783652305603e-02
-7.118101418018341064e-02
-7.198008894920349121e-02
4.338632151484489441e-02
1.020285636186599731e-01
-2.747592329978942871e-02
-5.921223014593124390e-02
1.304786354303359985e-01
1.134330853819847107e-01
4.105983767658472061e-03
-3.938613086938858032e-02
-5.597237870097160339e-02
8.996646106243133545e-02
2.037032693624496460e-01
-1.255305409431457520e-01
-1.907110027968883514e-02
7.308987528085708618e-02
3.403696790337562561e-02
-3.220297768712043762e-02
6.918286532163619995e-02
8.591731078922748566e-03
