-3.313474729657173157e-02
-2.723263502120971680e-01
-2.239972501993179321e-01
-1.567222476005554199e-01
-1.292163785547018051e-02
-9.681458026170730591e-02
2.163928896188735962e-01
-1.966602802276611328e-01
-1.964565068483352661e-01
1.142378598451614380e-01
-1.084891110658645630e-01
-2.072819024324417114e-01
-2.077049612998962402e-01
-5.588530376553535461e-02
-1.409341692924499512e-01
-9.370887279510498047e-02
-1.277545839548110962e-01
-7.159741967916488647e-02
-1.639808565378189087e-01
-1.040122881531715393e-01
-1.888694614171981812e-01
-1.762394905090332031e-01
-6.379570066928863525e-02
1.218757331371307373e-01
2.876385487616062164e-02
-1.246352717280387878e-01
-1.509270370006561279e-01
3.573874756693840027e-02
-1.810230016708374023e-01
9.248366951942443848e-02
-7.633607834577560425e-02
8.351154625415802002e-02
-3.127853274345397949e-01
-1.819869130849838257e-01
1.441886555403470993e-02
1.784416288137435913e-01
-6.641368567943572998e-02
-8.825978636741638184e-02
-2.375495284795761108e-01
2.241633981466293335e-01
-2.074833959341049194e-01
1.638110876083374023e-01
4.362253099679946899e-02
-1.794646121561527252e-02
-2.218063473701477051e-01
1.624044179916381836e-01
-1.619516015052795410e-01
-1.501162797212600708e-01
-1.691078245639801025e-01
-9.134384244680404663e-02
-1.703077554702758789e-01
-1.162758320569992065e-01
-2.281824350357055664e-01
1.718882918357849121e-01
1.367998272180557251e-01
3.700437396764755249e-02
-1.179386824369430542e-01
-1.900278180837631226e-01
8.793485164642333984e-02
-6.900744140148162842e-02
-8.860692381858825684e-03
-4.963938519358634949e-02
-2.311765849590301514e-01
-9.502995014190673828e-02
-1.598253697156906128e-01
4.785924032330513000e-02
4.549987986683845520e-02
2.916218340396881104e-02
-1.776776909828186035e-01
-1.995620131492614746e-01
-3.326009213924407959e-01
-1.839013025164604187e-02
-2.105460315942764282e-01
1.067124754190444946e-01
-1.927958801388740540e-02
8.217033743858337402e-02
-2.120863646268844604e-01
-2.411580830812454224e-01
-1.423697173595428467e-01
-1.902322471141815186e-01
-2.233830243349075317e-01
5.814202129840850830e-02
-1.958265602588653564e-01
-1.257277429103851318e-01
-1.000574827194213867e-01
-1.558585911989212036e-01
-2.322010844945907593e-01
-4.055637121200561523e-02
-8.423019200563430786e-02
2.309374958276748657e-01
2.006199359893798828e-01
-6.051647290587425232e-02
-1.578842550516128540e-01
8.234232664108276367e-02
-8.600739389657974243e-02
-1.389925628900527954e-01
-2.517797946929931641e-01
-2.345260679721832275e-01
1.783665269613265991e-01
-2.635416686534881592e-01
-1.307747662067413330e-01
2.927896380424499512e-02
-2.268152981996536255e-01
-2.217870205640792847e-01
-8.351466804742813110e-02
-7.938409596681594849e-02
1.536105126142501831e-01
-1.807354837656021118e-01
-2.041652649641036987e-01
-4.524181038141250610e-02
-1.790481209754943848e-01
-1.308173220604658127e-02
1.532305032014846802e-01
-8.716703951358795166e-02
-2.087224274873733521e-01
-2.552643418312072754e-01
-2.210869789123535156e-01
-1.671544909477233887e-01
-1.398256421089172363e-01
-1.343243867158889771e-01
-3.178140819072723389e-01
-1.092043668031692505e-01
1.779387705028057098e-02
-3.015731871128082275e-01
-1.250313967466354370e-01
5.923194810748100281e-02
-2.490975260734558105e-01
-1.214013546705245972e-01
-2.243771404027938843e-01
3.998749330639839172e-02
-1.070057079195976257e-01
2.920257151126861572e-01
-4.365717247128486633e-02
-2.040967941284179688e-01
-1.360220834612846375e-02
3.189938366413116455e-01
-8.645780384540557861e-02
-3.274287283420562744e-02
-1.410302370786666870e-01
1.769158691167831421e-01
3.148161992430686951e-02
9.909889101982116699e-02
-1.472728401422500610e-01
3.447946906089782715e-02
-1.346453279256820679e-01
-4.625983070582151413e-03
-5.210117623209953308e-02
-2.657396197319030762e-01
1.617952287197113037e-01
1.262190639972686768e-01
-1.779580563306808472e-01
-1.589632779359817505e-01
-2.679428756237030029e-01
-1.426784396171569824e-01
5.020199716091156006e-02
-6.719581037759780884e-02
3.161841630935668945e-02
1.174549013376235962e-01
-2.436397522687911987e-01
-1.097008585929870605e-01
-1.636539846658706665e-01
1.216035187244415283e-01
7.984780520200729370e-02
-1.611355692148208618e-01
-2.664145529270172119e-01
1.606580764055252075e-01
-9.875845909118652344e-02
-2.004779577255249023e-01
-1.849630475044250488e-01
-1.210492923855781555e-01
-2.502345666289329529e-02
3.082164563238620758e-02
-1.236677020788192749e-01
-4.502111673355102539e-02
1.067637205123901367e-01
-2.257270365953445435e-01
-9.030413627624511719e-02
-1.234111413359642029e-01
-1.298902183771133423e-01
-5.444813519716262817e-02
-9.849769994616508484e-03
-3.000586628913879395e-01
-9.308489039540290833e-03
-6.310610473155975342e-02
2.027594000101089478e-01
-2.472262084484100342e-02
9.418826550245285034e-02
-1.763910800218582153e-01
-1.367129683494567871e-01
-4.835451394319534302e-02
-2.733148038387298584e-01
-2.183924019336700439e-01
-6.998831033706665039e-02
-1.012737154960632324e-01
-2.277697809040546417e-02
-3.973851725459098816e-02
-1.359216868877410889e-01
-1.824749559164047241e-01
-1.289762407541275024e-01
1.933643519878387451e-01
1.810117214918136597e-01
-9.789255447685718536e-03
-5.281385779380798340e-02
-2.205785214900970459e-01
1.137023717164993286e-01
-6.233257055282592773e-02
-7.625205814838409424e-02
-8.938229829072952271e-02
1.860912144184112549e-01
-6.157946214079856873e-02
-1.570233404636383057e-01
-7.118394970893859863e-02
-4.174934700131416321e-02
-1.719959825277328491e-01
1.686974614858627319e-01
-1.170502230525016785e-01
-1.190967783331871033e-01
-6.219021510332822800e-03
-2.050708532333374023e-01
3.151223361492156982e-01
-1.078933253884315491e-01
-8.807975053787231445e-02
-1.022694781422615051e-01
-1.276559531688690186e-01
-1.240327395498752594e-02
-1.268152892589569092e-01
-1.265908032655715942e-01
-1.803508102893829346e-01
-2.565369009971618652e-02
7.996193319559097290e-02
-2.065158039331436157e-01
-1.508583128452301025e-01
8.936910331249237061e-02
-9.696070104837417603e-02
1.636920571327209473e-01
-3.759899139404296875e-01
5.471379030495882034e-03
5.400003120303153992e-02
-1.756378114223480225e-01
-1.944495141506195068e-01
-1.801363527774810791e-01
-3.204845637083053589e-02
-2.011017352342605591e-01
-1.967581454664468765e-03
-7.585620135068893433e-02
-7.035024464130401611e-02
-5.487949401140213013e-02
-1.228666156530380249e-01
-2.280962020158767700e-01
-3.789735212922096252e-02
