-1.875339597463607788e-01
4.609342664480209351e-02
-9.905479848384857178e-02
4.496312886476516724e-02
-9.356345981359481812e-02
-9.157476015388965607e-03
-1.366755217313766479e-01
-4.774408787488937378e-02
-9.598619490861892700e-02
-3.247802704572677612e-02
3.124163486063480377e-02
-4.969659075140953064e-02
8.225551247596740723e-02
-5.676652863621711731e-02
1.511775553226470947e-01
1.425132006406784058e-01
7.299306988716125488e-02
1.382860448211431503e-02
-1.403574496507644653e-01
-7.422090321779251099e-02
-1.609657555818557739e-01
9.456846863031387329e-02
2.060047984123229980e-01
2.491408726200461388e-03
-9.213434904813766479e-02
-1.308623999357223511e-01
-3.084383532404899597e-02
1.966162584722042084e-03
-2.544712089002132416e-02
-3.222017288208007812e-01
-2.695392072200775146e-01
-1.110429316759109497e-02
-9.833538206294178963e-04
-1.816328614950180054e-01
7.403000444173812866e-02
1.922502666711807251e-01
-4.591835662722587585e-02
1.149860098958015442e-01
-2.547520101070404053e-01
-3.534847125411033630e-02
6.096162833273410797e-03
-7.715508341789245605e-02
-5.505369603633880615e-02
-4.357225820422172546e-02
-4.031049460172653198e-02
3.440112993121147156e-02
-5.237396061420440674e-02
-8.873824775218963623e-02
6.803108006715774536e-02
1.742922067642211914e-01
3.784509748220443726e-02
-1.576846688985824585e-01
-1.069329977035522461e-01
-3.040316514670848846e-02
1.154648363590240479e-01
2.771029248833656311e-02
6.614640355110168457e-02
-1.572774946689605713e-01
1.373184472322463989e-01
1.431529521942138672e-01
2.548316717147827148e-01
-1.385478973388671875e-01
-4.982994869351387024e-02
1.560119837522506714e-01
-1.193717420101165771e-01
-4.157848656177520752e-02
-1.531498283147811890e-01
-8.264701813459396362e-03
5.529050031327642500e-05
-3.847601115703582764e-01
-1.017540320754051208e-02
1.547201443463563919e-02
-6.998182088136672974e-02
1.318100094795227051e-01
3.053552508354187012e-01
-1.275081038475036621e-01
7.464332133531570435e-02
1.610514335334300995e-02
8.884256333112716675e-02
2.755159735679626465e-01
-9.194923937320709229e-02
-2.718909084796905518e-01
2.107922434806823730e-01
-2.197827845811843872e-01
3.362321108579635620e-02
-2.095900326967239380e-01
1.519384831190109253e-01
6.435392796993255615e-02
-9.797891974449157715e-02
8.227436244487762451e-02
4.383664578199386597e-03
7.216820865869522095e-02
-2.859700098633766174e-02
-1.233246400952339172e-01
8.140476047992706299e-02
-2.188302725553512573e-01
-5.894019454717636108e-02
1.306414753198623657e-01
5.711618438363075256e-02
-2.060922794044017792e-03
1.151211559772491455e-01
-1.813507080078125000e-01
-1.295199394226074219e-01
8.433690667152404785e-02
7.929049432277679443e-02
4.697359353303909302e-02
-7.695591449737548828e-02
-1.747658550739288330e-01
1.907872110605239868e-01
-3.473403751850128174e-01
7.812062650918960571e-02
9.515044838190078735e-02
8.346524834632873535e-02
-1.681289970874786377e-01
-1.144498810172080994e-01
1.196136772632598877e-01
-9.605254977941513062e-02
-3.332278132438659668e-01
1.855128705501556396e-01
6.520528346300125122e-02
-1.267620623111724854e-01
4.365468397736549377e-02
2.045576572418212891e-01
-6.728349719196557999e-03
-8.886786550283432007e-02
1.567504601553082466e-03
-1.010385900735855103e-01
2.809123694896697998e-02
6.005143374204635620e-02
1.146162375807762146e-01
-1.465650796890258789e-01
1.158399060368537903e-01
6.466050632297992706e-03
-2.422687411308288574e-01
1.445504128932952881e-01
-8.447142317891120911e-03
9.179613552987575531e-04
1.095844991505146027e-02
2.418907880783081055e-01
5.689270421862602234e-02
-1.297002751380205154e-02
-1.965580582618713379e-01
-1.283982545137405396e-01
-8.271575719118118286e-02
4.990963265299797058e-02
9.669193625450134277e-02
3.408410549163818359e-01
2.159982919692993164e-02
-1.865482889115810394e-02
6.790859252214431763e-02
-3.600255772471427917e-02
2.676720321178436279e-01
2.345762029290199280e-02
-6.894532591104507446e-02
1.009983122348785400e-01
-5.010187253355979919e-02
3.311293199658393860e-02
8.228625357151031494e-02
1.632399298250675201e-02
1.298105567693710327e-01
5.159036070108413696e-02
-1.918171495199203491e-01
1.150195077061653137e-01
2.864440530538558960e-02
-1.336922049522399902e-01
1.028413176536560059e-01
7.549115270376205444e-02
-1.930682212114334106e-01
8.293933421373367310e-02
-7.111071795225143433e-02
-1.330349594354629517e-03
9.100089222192764282e-02
6.520053744316101074e-02
2.244845218956470490e-02
2.141815423965454102e-02
1.180895194411277771e-01
5.175808817148208618e-02
-4.819820448756217957e-02
4.520368762314319611e-03
-6.508541107177734375e-02
-3.676735982298851013e-02
-1.069159898906946182e-02
-1.716531813144683838e-01
2.569302022457122803e-01
1.607000380754470825e-01
-1.545895189046859741e-01
-8.629813790321350098e-03
1.078968048095703125e-01
-1.267914772033691406e-01
-1.272388100624084473e-01
2.581494301557540894e-02
4.374263063073158264e-02
2.068866789340972900e-01
1.347232162952423096e-01
-5.336321890354156494e-02
2.001484781503677368e-01
1.635155640542507172e-04
6.372056901454925537e-02
1.778086572885513306e-01
-9.408592432737350464e-02
8.621835708618164062e-02
1.704362481832504272e-01
1.789328753948211670e-01
-3.069133460521697998e-01
-2.371750585734844208e-02
1.100331265479326248e-02
-3.149078786373138428e-01
-1.440069079399108887e-01
9.520372748374938965e-02
1.041431054472923279e-01
-5.785913392901420593e-02
1.045806109905242920e-01
-1.420724391937255859e-01
-1.613337248563766479e-01
3.512250958010554314e-03
-1.026896312832832336e-01
1.312105171382427216e-02
-5.864929780364036560e-02
-1.275240033864974976e-01
4.010012000799179077e-02
1.227768696844577789e-02
-1.243431866168975830e-01
1.521231234073638916e-01
1.809858903288841248e-02
2.522950246930122375e-02
-5.373489856719970703e-02
-1.744441539049148560e-01
-1.094797477126121521e-01
9.062256664037704468e-02
-4.222573637962341309e-01
-1.130870208144187927e-01
9.161180816590785980e-03
-6.007088720798492432e-02
2.997367084026336670e-02
-4.509595409035682678e-02
2.442976981401443481e-01
-2.442371845245361328e-01
1.345867570489645004e-02
-5.962537601590156555e-02
-1.176813393831253052e-01
1.422719061374664307e-01
5.516749620437622070e-02
1.646448299288749695e-02
1.550380587577819824e-01
-5.192521959543228149e-02
2.531678415834903717e-02
-2.103299275040626526e-02
5.876275524497032166e-02
3.687675297260284424e-02
-5.476188287138938904e-02
