-3.287161514163017273e-02
2.124843597412109375e-01
7.226392626762390137e-02
1.086804419755935669e-01
-2.118754386901855469e-01
7.794520817697048187e-03
-1.161445379257202148e-01
9.319190680980682373e-02
-1.191828474402427673e-01
-4.774232208728790283e-02
-3.380331993103027344e-01
-1.239200830459594727e-01
3.566624820232391357e-01
-1.601997017860412598e-02
2.034411579370498657e-02
-1.431476771831512451e-01
2.007779106497764587e-02
8.586291223764419556e-02
4.895405471324920654e-02
1.437156051397323608e-01
5.429023131728172302e-02
1.585726141929626465e-01
-5.066748335957527161e-02
8.694262057542800903e-02
-1.103883888572454453e-02
1.317330263555049896e-02
8.119488507509231567e-02
-6.339769065380096436e-02
-8.487021178007125854e-02
-2.632957510650157928e-02
-1.065069288015365601e-01
-2.520054392516613007e-02
2.777908928692340851e-02
1.218662858009338379e-01
-9.702949970960617065e-02
-1.433471143245697021e-01
4.121313337236642838e-03
-5.210641771554946899e-02
5.866101011633872986e-02
2.337594628334045410e-01
1.034116670489311218e-01
-2.640914022922515869e-01
1.836419999599456787e-01
1.469081193208694458e-01
1.358485408127307892e-02
1.797152310609817505e-01
9.886816889047622681e-02
-1.748234629631042480e-01
8.904497325420379639e-02
-4.597911983728408813e-02
5.973976221866905689e-04
1.234313547611236572e-01
-1.702315211296081543e-01
9.442215412855148315e-02
1.948292702436447144e-01
1.423531174659729004e-01
8.582828193902969360e-02
-5.618597939610481262e-02
1.158035174012184143e-02
-9.827250987291336060e-02
7.501979172229766846e-02
2.722999751567840576e-01
3.445729911327362061e-01
-1.304059028625488281e-01
4.957452788949012756e-02
-7.759580761194229126e-02
3.966392949223518372e-02
2.007004022598266602e-01
1.784995645284652710e-01
-1.130004599690437317e-01
-1.204253137111663818e-01
-4.455846920609474182e-02
7.209821790456771851e-02
-1.348507255315780640e-01
-1.123285591602325439e-01
1.710609942674636841e-01
-2.675389945507049561e-01
-1.193282078020274639e-04
3.429121896624565125e-02
4.700113087892532349e-02
-1.452077329158782959e-01
2.874116897583007812e-01
2.178720384836196899e-01
-1.142835319042205811e-01
6.753447651863098145e-02
1.947762519121170044e-01
-4.161505773663520813e-02
6.268325448036193848e-02
-3.427780568599700928e-01
8.293516933917999268e-02
1.904904842376708984e-01
8.008927851915359497e-02
-2.260320782661437988e-01
1.735702455043792725e-01
3.992965444922447205e-02
-2.423914521932601929e-01
-1.200410425662994385e-01
-1.665843091905117035e-02
2.477714270353317261e-01
-1.610044687986373901e-01
4.142671823501586914e-02
-1.681901328265666962e-02
-3.672566637396812439e-02
2.265308946371078491e-01
1.744250506162643433e-01
-7.040083874017000198e-03
-2.528232336044311523e-02
7.178612798452377319e-02
-3.800304979085922241e-02
-4.157321900129318237e-02
-9.201981872320175171e-02
9.625022858381271362e-02
-3.522715345025062561e-02
1.632612347602844238e-01
-6.662949919700622559e-02
4.210463538765907288e-02
1.289577037096023560e-01
-5.308306589722633362e-02
-2.361727207899093628e-01
1.566084325313568115e-01
-6.771630141884088516e-03
3.436173498630523682e-02
1.531330347061157227e-01
1.030749529600143433e-01
3.677958995103836060e-02
1.136942133307456970e-01
1.253994256258010864e-01
-6.443196535110473633e-02
1.988859623670578003e-01
1.289078444242477417e-01
2.507562339305877686e-01
-1.225881427526473999e-01
-2.129152268171310425e-01
-3.070375323295593262e-01
-3.700921833515167236e-01
-2.199670523405075073e-01
1.849373802542686462e-02
-1.726807211525738239e-03
-4.721458628773689270e-02
-6.943094730377197266e-02
-8.999850600957870483e-02
2.884528338909149170e-01
5.165848508477210999e-02
-7.508411258459091187e-02
2.003812044858932495e-01
-8.406859636306762695e-02
-1.349139213562011719e-01
-1.354230940341949463e-01
-1.751312017440795898e-01
2.773866802453994751e-02
-1.627796292304992676e-01
-1.331885457038879395e-01
-8.639354258775711060e-02
2.679157536476850510e-03
1.093240827322006226e-01
1.208634153008460999e-01
2.701581418514251709e-01
-1.336380243301391602e-01
-4.795662313699722290e-02
3.138751164078712463e-02
-3.331892937421798706e-02
9.342125803232192993e-02
4.199107363820075989e-02
-9.397757053375244141e-02
5.597410351037979126e-02
3.951392769813537598e-01
4.945195838809013367e-02
6.077231373637914658e-03
-1.333371102809906006e-01
-1.218608543276786804e-01
-1.739378646016120911e-02
6.236597150564193726e-02
3.031249642372131348e-01
-1.401486690156161785e-03
5.374819412827491760e-02
-4.121910408139228821e-02
2.005567401647567749e-01
9.765168279409408569e-02
5.173632130026817322e-02
2.236073315143585205e-01
-1.157058402895927429e-01
-2.278408110141754150e-01
1.945746988058090210e-01
-7.516738772392272949e-02
1.067103594541549683e-01
1.034779399633407593e-01
3.798162341117858887e-01
3.121997229754924774e-03
4.903599992394447327e-02
1.648253202438354492e-01
3.329972177743911743e-02
-1.110176518559455872e-01
5.975188687443733215e-02
2.836976572871208191e-02
1.958266943693161011e-01
1.516242418438196182e-02
2.907671928405761719e-01
2.743212282657623291e-01
9.638553112745285034e-02
-2.819481790065765381e-01
-1.390159428119659424e-01
5.343442410230636597e-02
-3.396384045481681824e-02
-2.006591297686100006e-02
1.939798146486282349e-01
9.714191406965255737e-02
6.199799850583076477e-02
5.411821883171796799e-03
1.672933064401149750e-02
-1.371849328279495239e-01
1.718013733625411987e-02
-1.740033775568008423e-01
-5.133395642042160034e-02
2.418058961629867554e-01
1.831153929233551025e-01
5.933127924799919128e-02
-1.635540090501308441e-02
3.427682071924209595e-02
-1.827511340379714966e-01
8.245979249477386475e-02
-1.747522056102752686e-01
8.367609977722167969e-02
-1.060578599572181702e-02
-1.252503246068954468e-01
-6.487898528575897217e-02
-1.207795739173889160e-01
2.568023502826690674e-01
6.767676025629043579e-02
2.470588833093643188e-01
2.067658305168151855e-01
-1.481935679912567139e-01
2.949057817459106445e-01
1.816799044609069824e-01
-9.832365065813064575e-02
3.464623093605041504e-01
-6.321765948086977005e-03
5.492201820015907288e-02
-8.924588561058044434e-02
-2.565361261367797852e-01
3.948526382446289062e-01
-1.144246943295001984e-02
-3.152711689472198486e-02
2.492112219333648682e-01
7.464150898158550262e-03
2.467390894889831543e-01
4.076306521892547607e-02
5.665732920169830322e-02
-3.024073243141174316e-01
-9.698883444070816040e-02
-1.776993423700332642e-01
