1.91416472115,0.270976350736
0.0959166813269,0.0809540097602
0.0827739530616,0.0749907874689
0.0744025660865,0.0710539657995
0.0603745749593,0.0640164662711
0.0483226330485,0.0573710163124
0.0418833665177,0.0534873525519
0.0376145427721,0.0506924854591
0.0344748918153,0.0485189766902
0.0320807152567,0.0466755422764
0.0301111335913,0.045086920727
0.0284673975222,0.0437355002481
0.0270387421129,0.0424906674027
0.0257779909763,0.0413480267953
0.0246838177601,0.0403317319322
0.023671149537,0.0393486534897
0.0227977418341,0.0385197214503
0.0220017703809,0.0377526458167
0.021238570218,0.0369931210112
0.0205301988963,0.0362553506717
0.0198909745691,0.0356256028777
0.0192521304265,0.0349528487353
0.0186770535773,0.034347177078
0.0181061970931,0.0337301933346
0.0175872639799,0.0332092427416
0.0170929422695,0.0326422006311
0.0166321434104,0.0321432488784
0.0161860988848,0.031621231623
0.0157853371673,0.03115039906
0.0154014057294,0.0307483460149
0.0150483668596,0.0303628571983
0.0147031728528,0.0299381133076
0.0144007896259,0.0295542823523
0.0140912049497,0.0291597989202
0.0138219956332,0.0288476806972
0.0135584366717,0.0285052346066
0.0133487433242,0.0282213974651
0.0132980904146,0.0282751994673
0.0129967996711,0.0278987109801
0.0127387830522,0.0275538285822
0.0125211651367,0.0272508927621
0.012288590637,0.0269508033851
0.0120844637766,0.0266691925749
0.0118839191063,0.0264255218953
0.0117004481354,0.0261493991455
0.0115141636878,0.0259142055037
0.0113399827783,0.025654874742
0.0111893194006,0.0254424215294
0.0110191613808,0.0252125446498
0.0108780135401,0.0250131975487
0.0107315782714,0.0248058055341
0.0105922368076,0.0245995342266
0.0104552603117,0.0243979582377
0.0103308126866,0.0242165980209
0.0102066794736,0.0240220644698
0.0100906277751,0.023853085083
0.00997764661442,0.0236909440346
0.00986365714343,0.0235125479056
0.00975552924676,0.0233468226856
0.0096574537619,0.0231965928059
0.00955708692083,0.0230599313462
0.00945345679065,0.0228868982242
0.00936343849171,0.0227430902282
0.009275022191,0.0226097677415
0.00918558814097,0.0224537357176
0.00910095995059,0.0223373637209
0.00901762148831,0.0221796169179
0.00893745678943,0.0220625447715
0.00885406454327,0.0219390042219
0.00877953975811,0.0218009254336
0.00870934755076,0.0216886140779
0.00863103367272,0.0215629257215
0.00857055536122,0.0214775398793
0.00849688338349,0.0213312249817
0.00843032053905,0.0212228417536
0.00836702183471,0.0211142490059
0.00830461880891,0.0210148017481
0.00824228961137,0.0209011513693
0.00818125280086,0.0208007661765
0.00812184826587,0.0206845645932
0.00806883534766,0.0206017755438
0.00805100625963,0.0205768385483
0.00802779362304,0.020562785184
0.00796009972109,0.0204383058939
0.00789890729124,0.0203294721153
0.00784135662718,0.0202234003041
0.0077869608067,0.0201232742192
0.00773450885434,0.0200333916955
0.00768428351148,0.0199393359385
0.00763842835673,0.0198608308472
0.00758992950665,0.0197746338602
0.00754473012057,0.0196848503314
0.00749759190017,0.0196010495024
0.00745409682859,0.0195133966953
0.00741140869679,0.0194419738604
0.00736851059017,0.0193650535727
0.00732743950794,0.0192897022329
0.00728725037538,0.0192145748483
0.00725045354106,0.0191480662627
0.00721125210752,0.0190787187079
0.00717037413502,0.0189654168719
0.00713582229102,0.0189356193086
0.00710031318828,0.018873338541
0.00706453715335,0.0188045625389
0.00702966719517,0.0187262887694
0.00699805335607,0.018672995423
0.00696508584195,0.0186044869758
0.0069316061202,0.0185469297133
0.00691448007128,0.0185121624637
0.00689131040243,0.0184976376919
0.00685469695716,0.0184273956763
0.00682143689133,0.0183569190372
0.00678926910274,0.0182922662701
0.00675950388075,0.0182369848806
0.00672946919221,0.0181806688895
0.00670151573606,0.0181253880542
0.0066737319401,0.01806905834
0.00664645403042,0.0180161046144
0.0066193302907,0.0179638912529
0.00659411406727,0.0179154505907
0.0065682728705,0.0178658547439
0.00654374451609,0.0178120518522
0.00651999874739,0.0177645639982
0.00649557115277,0.0177182934294
0.00647175962804,0.0176731538679
0.00644947558525,0.0176242964761
0.00642664210754,0.0175846232846
0.00640458162641,0.0175374112278
0.00638346185908,0.0174961499264
0.00636188015807,0.0174494184693
0.00634100651718,0.017407904705
0.00632080785697,0.0173691372294
0.0063002588402,0.0173283343902
0.00628069020226,0.0172887352854
0.00626157989609,0.017250374686
0.00624271362438,0.0172131155105
0.00622339349007,0.0171720727906
0.00620620843489,0.0171374946134
0.00618672447978,0.0171007841406
0.00617024894804,0.0170638253447
0.00615202213055,0.0170277348021
0.00613566089771,0.016993493815
0.00611843384802,0.0169584152009
0.00610223173164,0.0169251272827
0.00608519377885,0.0168914619833
0.00606981136603,0.0168594082398
0.00605393768521,0.0168276656698
0.00603887036676,0.0167959082685
0.00602353031398,0.0167641075305
0.00600843333872,0.0167328924499
0.00599372141995,0.0167028034409
0.00597924925038,0.0166728690919
0.00596516434103,0.0166440021177
0.00595116813201,0.0166141042835
0.00593740961747,0.0165859656292
0.00592378976638,0.0165575159108
0.00591069700662,0.0165301395464
0.00589742995217,0.0165017738729
0.00588466065587,0.0164751861291
0.00587184153963,0.0164484347519
0.0058594107395,0.0164220900764
0.0058472624782,0.0163964716485
0.00583511803765,0.0163706626277
0.00582343724323,0.0163459140994
0.00581171872211,0.0163213474234
0.00580032424303,0.0162970286724
0.00578906789073,0.0162730904226
0.00577788681141,0.0162495619687
0.00576704316423,0.0162261111452
0.00575623449986,0.0162037582509
0.00574568592361,0.0161808850127
0.0057352535543,0.0161592293414
0.00572495480883,0.0161370416149
0.00571482042084,0.0161155796912
0.00570472944295,0.0160942107998
0.00569481502287,0.0160726582515
0.00569218497956,0.0160765978019
0.00568881790154,0.0160738556297
0.0056776925677,0.0160484576365
0.00566735853208,0.0160254134284
0.0056573041447,0.0160031864676
0.00564757150831,0.0159818822471
0.00563816152862,0.0159612898366
0.00562887703651,0.0159412233229
0.00561977968551,0.015921400045
0.00561082561151,0.0159019949567
0.00560207640869,0.0158831029641
0.00559344805311,0.0158646746073
0.00558506287518,0.0158466134942
0.00557668836438,0.0158283845498
0.00556849244749,0.0158103669505
0.00556037983042,0.0157925827266
0.00555190620013,0.0157693546987
0.00554223797983,0.0157539525209
0.00553533621249,0.0157407449372
0.0055286602478,0.0157207474764
0.00552024384728,0.0157073144079
0.00551543794107,0.0156990442984
0.00550805912935,0.0156829512189
0.00550094754784,0.0156675512111
0.0054939787474,0.0156525070313
0.00548704410903,0.0156374830334
0.00548026138917,0.0156228918605
0.00547293097596,0.0156049691024
0.00546685984009,0.0155934460298
0.00546032608254,0.015579707874
0.00545387292397,0.0155660931743
0.00544761516154,0.0155525597534
0.00544134954573,0.0155394664034
0.00543524666689,0.0155265457253
0.00542924348381,0.0155116771115
0.00542261336581,0.0155006360332
0.00541657152819,0.015487696107
0.00541055837064,0.0154747195402
0.00540458367439,0.0154617931857
0.00539892793284,0.0154503244674
0.00539499727543,0.015443890898
0.00538930501672,0.0154315146129
0.00538379739854,0.0154190185294
0.00537829439971,0.0154057512013
0.0053723624954,0.0153946500481
0.00536690543406,0.0153828238766
0.00536159765441,0.0153714491264
0.00535649674712,0.0153608300793
0.00535299801384,0.0153575400077
0.00534816321102,0.015345601805
0.00534315318684,0.0153347098734
0.00533825459774,0.0153240553592
0.00533339193556,0.0153137232689
0.00532854734804,0.0153020151774
0.00532324048225,0.0152920255531
0.00531864150194,0.0152822536393
0.00531404101173,0.0152726025367
0.00530910009984,0.0152618303546
0.00530531469383,0.0152559496858
0.00530191826634,0.01524940809
0.00529708048911,0.0152369711199
0.00529244679841,0.0152286605537
0.00528861033614,0.0152199753793
0.00528467801283,0.015214706806
0.00528042029007,0.0152026865212
0.00527686128742,0.0151975644077
0.00527246242738,0.015186648923
0.00526859361911,0.0151793183503
0.00526483944734,0.0151717401948
0.00526096862042,0.0151636980637
0.00525713959243,0.0151558636874
0.00525331542944,0.0151477329549
0.00524999458576,0.0151426208089
0.00524658036302,0.0151361949649
0.00524274373311,0.0151281212177
0.00523905764683,0.0151205625664
0.00523553454317,0.0151133274287
0.00523203459103,0.0151061252225
0.00522855688236,0.0150988699729
0.00522513104952,0.0150918529974
0.00522180087282,0.0150850718818
0.00521840925096,0.0150780617027
0.00521524059237,0.0150716058398
0.00521203375654,0.0150650815107
0.00520875566523,0.0150576627557
0.00520557626965,0.0150520628761
0.00520248354878,0.0150458328729
0.0051993279194,0.0150393534009
0.00519632246229,0.0150334166829
0.00519331555581,0.0150273262151
0.00519035233068,0.015021419609
0.00518740670639,0.0150154196797
0.00518448688556,0.0150095821545
0.00518162347726,0.0150038525905
0.00517879700754,0.0149981823005
0.00517600561143,0.0149924939545
0.00517324570101,0.0149869901314
0.0051704728452,0.0149813286425
0.00516776859295,0.0149759034999
0.00516508324537,0.0149703225261
0.00516241051955,0.0149647992058
0.00515964131453,0.0149582947954
0.00515726711601,0.0149546131445
0.00515471215011,0.0149495949619
0.00515218877117,0.0149446558836
0.00514973641606,0.0149397463514
0.00514728345443,0.01493492448
0.00514485314139,0.0149299928383
0.00514242123929,0.0149251080235
0.00514004083234,0.0149202227639
0.00513769468525,0.014915556889
0.00513537670602,0.0149107963103
0.00513307511224,0.0149061641865
0.00513080540928,0.0149016879895
0.00512858007802,0.0148974657245
0.00512634471059,0.0148929034732
0.00512414397788,0.0148887054273
0.00512193818926,0.0148841519211
0.00511981706484,0.0148800212215
0.00511769627454,0.0148759218398
0.00511560742394,0.0148717461666
0.00511356688337,0.0148678325699
0.005111487346,0.0148636450246
0.00510951010627,0.0148600997613
0.00510752682225,0.0148563441145
0.00510546427453,0.014852023141
0.00510350340861,0.0148481543921
0.00510156619479,0.0148444124451
0.00509967219783,0.0148409482557
0.00509780499386,0.0148373786197
0.00509598673787,0.0148338424088
0.00509414866101,0.0148303377745
0.00509234772529,0.0148268949101
0.00509054197464,0.0148234720412
0.00508875848958,0.0148200199846
0.0050870317081,0.0148166527716
0.00508528611856,0.0148133270186
0.00508357748738,0.0148100518365
0.00508187289932,0.0148067532014
0.00508015852072,0.0148035233654
0.0050785070227,0.0148003964568
0.00507686839206,0.0147971868585
0.00507521744352,0.0147939514765
0.00507361562341,0.0147908363026
0.00507199752494,0.0147875843663
0.00507044240483,0.0147845514445
0.00506884237519,0.0147816418298
0.00506733642309,0.0147787125013
0.005065790097,0.0147757842741
0.00506429933826,0.0147729893029
0.00506280991016,0.0147700801329
0.00506134826574,0.0147673361585
0.00505990030826,0.0147645279276
0.00505844994448,0.0147617557831
0.00505704176263,0.0147590364236
0.00505563727231,0.0147563568107
0.00505423593451,0.0147536566784
0.0050528605422,0.0147509747278
0.00505149403238,0.0147483560303
0.00505016089068,0.0147457687743
0.00504882486421,0.0147432742175
0.00504751480184,0.0147407472041
0.00504621500499,0.014738249646
0.00504494716763,0.0147358765174
0.00504365891567,0.0147334170598
0.00504241590039,0.0147310225619
0.00504117953824,0.0147286823671
0.00503995696316,0.0147263717814
0.00503873284906,0.0147240127297
0.00503753853613,0.0147217290686
0.00503634660388,0.0147194635589
0.00503517646808,0.0147172398935
0.00503401437076,0.0147150803916
0.00503286413848,0.0147129422938
0.00503172252444,0.0147107818769
0.00503059716662,0.0147086697794
0.00502948910929,0.0147065758589
0.00502838883316,0.0147045061807
0.00502730935696,0.0147024420579
0.00502621479332,0.0147003882285
0.00502515185741,0.014698375538
0.0050240919902,0.0146963930596
0.00502306181472,0.0146944916714
0.00502202721545,0.0146925843344
0.00502101066872,0.0146907209023
0.005020002448,0.0146888611349
0.00501900251606,0.0146870174608
0.00501801657607,0.0146851820103
0.00501704159076,0.0146833431395
0.00501607701182,0.0146815417451
0.00501511904527,0.0146797689237
0.00501417448861,0.0146779922815
0.00501324045938,0.0146762478724
0.00501230283291,0.0146745875198
0.00501138998079,0.0146728528431
0.00501049216255,0.0146711992356
0.00500958335469,0.0146695211856
0.00500870616757,0.0146678765002
0.00500781058217,0.0146662257868
0.00500693655922,0.0146646172344
0.00500607824535,0.0146630208753
0.00500522403046,0.0146614389727
0.00500439187861,0.0146599038411
0.00500354184653,0.014658365387
0.00500273193698,0.0146568935923
0.00500190816238,0.014655354768
0.00500110815396,0.0146538625727
0.00500030808966,0.0146523954184
0.004999511895,0.0146509208088
0.00499873774825,0.0146494691353
0.00499795831041,0.014647992372
0.00499719517305,0.0146466064174
0.00499643487623,0.0146452037711
0.00499569265405,0.0146438466199
0.00499494872987,0.0146424754243
0.00499422317604,0.0146411709837
0.00499349363614,0.0146398309083
0.00499278845498,0.014638512074
0.00499206897453,0.0146372091537
0.00499137548264,0.0146358917467
0.00499067724217,0.0146346092923
0.00498999724514,0.0146333780442
0.00498931381037,0.0146321138274
0.00498863445828,0.0146308639366
0.00498796531814,0.0146296465653
0.004987314397,0.0146284403675
0.00498666154337,0.0146272259881
0.00498601415195,0.014626054971
0.0049853788421,0.0146248952555
0.00498474106425,0.0146237146738
0.00498412147164,0.0146226063394
0.00498348921072,0.0146214611782
0.00498288474744,0.0146203650534
0.00498227518168,0.0146192280669
0.00498168123187,0.0146181539097
0.00498107909341,0.0146170727001
0.00498049777816,0.0146160237654
0.00497991522076,0.0146149196755
0.00497933504637,0.0146138534741
0.00497877130401,0.0146128539182
0.00497820103657,0.0146118227858
0.00497765117907,0.0146108441916
0.00497709539253,0.0146098222747
0.00497653966653,0.0146088152821
0.00497599454247,0.0146078393632
0.00497546016122,0.0146068724617
0.00497492628638,0.014605914373
0.00497440349893,0.0146049722983
0.00497388217249,0.0146040050942
0.00497336934321,0.0146030927356
0.00497285100981,0.0146021510055
0.00497235672083,0.0146012653131
0.00497185472515,0.0146003182908
0.0049713564408,0.0145994202048
0.00497086783289,0.0145984964655
0.00497037840774,0.0145976384962
0.00496990743559,0.0145967459958
0.0049694309046,0.0145958912885
0.00496895669494,0.0145950017613
0.00496849726769,0.014594190747
0.00496802940848,0.0145933330734
0.00496757850051,0.0145924903546
0.00496712394524,0.0145916645392
0.0049666770082,0.0145908583072
0.00496623333544,0.0145900546852
0.00496580090257,0.0145892631146
0.00496535748011,0.0145884771831
0.00496493615443,0.0145876765111
0.00496450742008,0.0145869107079
0.0049640883063,0.0145861401781
0.00496367359767,0.01458537739
0.0049632615142,0.0145846087486
0.00496284959721,0.0145838467521
0.00496244938113,0.0145831325022
0.00496205757488,0.0145823821565
0.0049616553646,0.0145816538832
0.00496126637212,0.0145809279871
0.00496087802458,0.014580229912
0.00496049902984,0.0145795289753
0.00496011390351,0.0145788098313
0.00495974325459,0.0145781426458
0.00495937148109,0.0145774638746
0.00495900205802,0.0145767896506
0.00495863349061,0.0145761051844
0.0049582758022,0.0145754293329
0.00495791697176,0.0145747687202
0.00495756695163,0.0145741233905
0.00495721502695,0.0145734690758
0.00495686817681,0.0145728452364
0.00495652451878,0.0145722025307
0.00495618824614,0.0145716037741
0.00495584792458,0.0145709709357
0.00495551719563,0.0145703559276
0.00495518583106,0.0145697540557
0.00495486569591,0.0145691469568
0.00495453972137,0.0145685631107
0.00495422284235,0.0145679707103
0.0049539052078,0.0145673913974
0.0049535931088,0.0145668067248
0.00495328540099,0.0145662351046
0.00495297645219,0.0145656701131
0.00495268131606,0.0145651013264
0.00495237337193,0.014564551441
0.00495208151988,0.0145639986312
0.00495178424753,0.0145634660078
0.00495149412309,0.0145629313961
0.00495120617328,0.0145624044212
0.00495091577177,0.0145618680003
0.00495063974871,0.0145613659825
0.00495035789674,0.0145608493313
0.00495008333935,0.0145603633439
0.004949808768,0.0145598663832
0.0049495341233,0.0145593347657
0.00494926805259,0.01455885679
0.00494899796438,0.0145583632658
0.0049487376865,0.0145579007594
0.0049484755192,0.0145574163459
0.00494821476284,0.0145569306985
0.00494796152809,0.0145564677916
0.00494770796271,0.014556017064
0.00494745532866,0.0145555387065
0.00494721003226,0.0145550943445
0.00494696661015,0.0145546537894
0.00494672088069,0.0145541987149
0.0049464826961,0.0145537560526
0.00494624244515,0.0145533025661
0.00494600849226,0.014552879727
0.00494577320293,0.0145524507598
0.00494554495206,0.0145520264283
0.00494531123783,0.0145516047208
0.00494508839911,0.0145511927409
0.00494486089796,0.0145507811126
0.00494464320363,0.0145503890351
0.00494441768969,0.0145499812206
0.00494420374976,0.0145495861
0.0049439883884,0.0145491835615
0.00494377502473,0.0145488032955
0.00494356344221,0.0145484051295
0.00494335145922,0.0145480332291
0.0049431461317,0.014547648041
0.0049429429695,0.0145472784061
0.00494273984688,0.0145468995161
0.00494253696292,0.0145465409732
0.00494233956095,0.0145461690566
0.00494214033592,0.0145458076778
0.00494194766856,0.0145454584318
0.0049417533027,0.0145451048203
0.00494156401954,0.0145447622123
0.00494137399946,0.0145444083004
0.0049411857361,0.0145440597716
0.00494100048672,0.0145437283628
0.00494081779267,0.0145433946024
0.00494063603692,0.0145430763834
0.00494045505417,0.0145427335496
0.00494027607725,0.0145424060035
0.00494009841466,0.014542079519
0.00493992562988,0.0145417626505
0.00493975189282,0.0145414402476
0.00493957828265,0.0145411165641
0.0049394115922,0.0145408209297
0.00493924041395,0.0145405110437
0.00493907737662,0.0145402200031
0.00493891170714,0.0145398997446
0.00493874960695,0.0145396158122
0.00493858851143,0.0145393326483
0.00493842900964,0.0145390369114
0.0049382717791,0.0145387323573
0.00493811414926,0.0145384610863
0.0049379612552,0.0145381643251
0.00493780560559,0.0145378845651
0.00493765427382,0.0145376203815
0.00493750270223,0.0145373296225
0.00493735453347,0.0145370632992
0.00493720676866,0.014536800168
0.00493706172099,0.0145365372533
0.00493691812269,0.0145362707833
0.00493677322753,0.0145360060013
0.00493663282599,0.01453576728
0.0049364917865,0.0145355030964
0.00493635351071,0.0145352440793
0.00493621741771,0.0145349949691
0.00493607943179,0.0145347346971
0.00493594736909,0.0145344949304
0.00493581231218,0.0145342339226
0.00493568046833,0.0145339842676
0.00493554829387,0.0145337573136
0.00493542013923,0.0145335191023
0.00493529228028,0.0145332702319
0.00493516434333,0.0145330399228
0.00493503816891,0.0145328201819
0.00493491552188,0.0145325792138
0.00493479264434,0.0145323720435
0.00493466949905,0.0145321379812
0.00493454932468,0.0145319147012
0.00493442893378,0.0145317068463
0.00493430895032,0.0145314865164
0.00493419251521,0.0145312774112
0.00493407485192,0.0145310606528
0.00493396087317,0.0145308627933
0.00493384636589,0.0145306453924
0.00493373157457,0.0145304381801
0.00493362184032,0.0145302353636
0.0049335102574,0.014530043595
0.00493339922046,0.0145298328088
0.00493329287041,0.0145296380832
0.00493318368914,0.0145294437045
0.00493307764875,0.0145292508183
0.0049329719448,0.0145290610124
0.00493286942365,0.0145288747828
0.00493276523892,0.0145286762575
0.00493266201345,0.0145284814201
0.00493256153772,0.0145283012418
0.00493246107246,0.0145281319949
0.00493235968403,0.0145279410365
0.00493226411054,0.0145277648931
0.00493216754869,0.0145275878115
0.00493206928368,0.0145274204272
0.00493197584525,0.0145272329194
0.00493188075721,0.0145270763268
0.00493178632343,0.0145268969797
0.00493169470574,0.0145267347968
0.00493160284241,0.0145265547
0.00493151196977,0.0145264100004
0.0049314218713,0.0145262379362
0.00493133402662,0.0145260744588
0.00493124518078,0.0145259229094
0.00493115816265,0.0145257569663
0.00493107171962,0.0145255917381
0.00493098482722,0.0145254487661
0.00493090118049,0.014525297482
0.00493081765133,0.0145251379069
0.00493073392543,0.014525007112
0.00493065004935,0.0145248426264
0.00493057060288,0.0145247029024
0.00493048895034,0.0145245576627
0.00493040861445,0.0145244141994
0.00493032979895,0.0145242689899
0.00493025112897,0.0145241410076
0.00493017335655,0.0145239951927
0.00493009687052,0.0145238522859
0.00493002030882,0.0145237115002
0.00492994517786,0.0145235826657
0.00492986969766,0.0145234436751
0.00492979664123,0.0145233069221
0.004929724338,0.0145231788303
0.00492965199053,0.0145230499492
0.00492957877577,0.0145229134616
0.00492950879037,0.01452278991
0.00492943871184,0.0145226617134
0.00492936919094,0.014522536071
0.00492929979227,0.014522407637
0.00492923163692,0.0145222898736
0.00492916479358,0.0145221693255
0.00492909698747,0.0145220508589
0.00492903046543,0.0145219283202
0.00492896598182,0.0145218047127
0.00492890133522,0.0145216872473
0.00492883648723,0.0145215699123
0.00492877187906,0.0145214499906
0.00492870997172,0.0145213395474
0.0049286470213,0.01452122777
0.00492858530488,0.014521112123
0.0049285232136,0.0145210054656
0.0049284632341,0.0145209050411
0.00492840273888,0.0145207929611
0.0049283424532,0.0145206829649
0.00492828349816,0.0145205724752
0.004928225904,0.0145204691938
0.004928168474,0.0145203665155
0.00492811048636,0.0145202625403
0.00492805411108,0.0145201625675
0.00492799790343,0.0145200609113
0.00492794323945,0.0145199568872
0.00492788663134,0.0145198652172
0.00492783371825,0.0145197670883
0.00492777893553,0.0145196691318
0.00492772489553,0.0145195717365
0.00492767292308,0.0145194825088
0.00492762058275,0.0145193838817
0.00492756831809,0.0145192947122
0.0049275169184,0.0145192062226
0.00492746619391,0.0145191219635
0.00492741527036,0.014519031099
0.00492736612912,0.0145189396176
0.00492731638835,0.0145188563876
0.00492726720637,0.0145187747153
0.00492721896968,0.0145186860394
0.00492717067478,0.0145186005905
0.0049271225126,0.0145185178821
0.00492707622121,0.0145184369595
0.00492702911608,0.0145183478016
0.00492698309594,0.0145182681037
0.00492693703738,0.0145181876235
0.00492689292529,0.0145181044377
0.00492684660014,0.0145180217177
0.00492680350086,0.0145179490908
0.00492675805464,0.0145178636746
0.00492671540123,0.0145177839324
0.0049266724987,0.0145177091635
0.00492662972305,0.01451763622
0.00492658690782,0.014517561011
0.00492654587142,0.0145174894761
0.0049265046441,0.0145174156269
0.00492646276136,0.0145173415728
0.00492642340134,0.0145172746177
0.00492638228461,0.0145171976765
0.00492634215741,0.0145171296876
0.0049263027485,0.0145170598174
0.0049262640113,0.0145169884851
0.00492622486548,0.0145169237931
0.00492618629942,0.0145168563072
0.00492614921532,0.0145167910098
0.00492611085647,0.0145167255239
0.00492607408203,0.0145166575257
0.0049260372459,0.0145165922726
0.00492599979974,0.0145165297342
0.0049259649415,0.0145164657151
0.00492592836148,0.0145164068113
0.00492589315982,0.0145163467689
0.00492585827131,0.014516282531
0.00492582292762,0.0145162187121
0.00492578866542,0.014516157133
0.00492575421813,0.014516100313
0.00492572107702,0.0145160414581
0.00492568732938,0.0145159803377
0.0049256542197,0.0145159282605
0.00492562105879,0.0145158658922
0.00492558898404,0.0145158112235
0.00492555615841,0.0145157523244
0.0049255244399,0.0145157003589
0.00492549322196,0.0145156509965
0.00492546163732,0.0145155918924
0.00492543069413,0.0145155377011
0.0049253996904,0.0145154802781
0.00492536960403,0.0145154341636
0.00492533923243,0.0145153780887
0.00492531002034,0.0145153241046
0.00492527982686,0.0145152741601
0.00492525103968,0.0145152249187
0.0049252219242,0.0145151725295
0.00492519318126,0.0145151217026
0.00492516481783,0.0145150691783
0.00492513679899,0.0145150219835
0.00492510930635,0.0145149741229
0.00492508132709,0.0145149253658
0.00492505391594,0.0145148759545
0.00492502706358,0.0145148278936
0.00492499988526,0.0145147785754
0.00492497330648,0.014514733511
0.00492494774284,0.0145146888937
0.00492492086953,0.0145146398153
0.00492489553057,0.0145145954075
0.00492486975738,0.0145145482919
0.00492484485148,0.0145145055559
0.00492481997819,0.0145144621539
0.00492479484063,0.0145144223119
0.00492477066349,0.0145143736014
0.00492474593921,0.0145143295941
0.00492472233134,0.0145142864063
0.00492469846387,0.0145142412838
0.0049246746616,0.0145142035047
0.00492465151707,0.0145141589735
0.00492462837487,0.0145141173014
0.00492460499168,0.0145140734315
0.00492458278313,0.014514029026
0.00492456038715,0.0145139888139
0.00492453763029,0.0145139558031
0.0049245160236,0.0145139116724
0.0049244936998,0.0145138711855
0.00492447216297,0.01451383251
0.00492445056443,0.0145137952827
0.00492442974704,0.0145137565397
0.00492440808797,0.0145137166069
0.00492438790039,0.014513683035
0.00492436727043,0.014513647079
0.00492434671731,0.0145136104873
0.0049243265565,0.0145135731366
0.00492430657265,0.0145135346707
0.00492428666097,0.0145135005051
0.00492426753626,0.014513469995
0.00492424789001,0.0145134309772
0.00492422857438,0.0145133945718
0.00492420934024,0.0145133596845
0.00492419072427,0.0145133227552
0.00492417188128,0.0145132912532
0.00492415336426,0.0145132571738
0.00492413509404,0.0145132242097
0.00492411699146,0.0145131950709
0.00492409900762,0.0145131635317
0.0049240811565,0.0145131293195
0.00492406362435,0.014513100835
0.00492404596996,0.0145130725042
0.00492402891628,0.0145130369044
0.00492401201511,0.0145130089065
0.00492399470764,0.0145129785733
0.00492397816037,0.0145129471971
0.00492396146641,0.0145129223913
0.00492394496687,0.0145128910989
0.00492392875371,0.0145128629147
0.00492391269654,0.0145128380437
0.00492389651248,0.014512810146
0.00492388096172,0.0145127800596
0.00492386511527,0.0145127524924
0.00492384981713,0.0145127239288
0.00492383427219,0.0145126942708
0.00492381919292,0.0145126715559
0.00492380402749,0.0145126430248
0.00492378905532,0.0145126139536
0.00492377445684,0.0145125885052
0.00492375962087,0.0145125625958
0.00492374528549,0.0145125395898
0.00492373092682,0.0145125128096
0.00492371634697,0.0145124910842
0.00492370262742,0.0145124686998
0.00492368843057,0.0145124424994
0.0049236747215,0.014512417661
0.00492366131628,0.0145123933
0.00492364764679,0.0145123698562
0.00492363403202,0.0145123488689
0.0049236210878,0.0145123238442
0.00492360758944,0.0145122993551
0.00492359501659,0.0145122761722
0.00492358193733,0.0145122536318
0.00492356926086,0.0145122323511
0.00492355639115,0.0145122077665
0.00492354399175,0.0145121903345
0.00492353148409,0.0145121658873
0.00492351938505,0.0145121444995
0.00492350685759,0.014512124951
0.00492349493317,0.0145121010835
0.0049234832637,0.0145120832906
0.00492347108549,0.014512061805
0.0049234593485,0.014512039267
0.00492344784783,0.0145120184589
0.00492343638558,0.0145119970478
0.00492342483252,0.0145119752293
0.00492341376375,0.0145119611034
0.00492340278695,0.0145119354455
0.00492339151679,0.0145119148307
0.00492338058539,0.014511898784
0.00492336983909,0.0145118764741
0.00492335906485,0.0145118581131
0.00492334852577,0.0145118368091
0.00492333805189,0.0145118203969
0.00492332749302,0.0145118034375
0.00492331713089,0.014511783442
0.0049233071215,0.0145117638749
0.00492329689208,0.01451174638
0.00492328673601,0.0145117307128
0.00492327721557,0.0145117121306
0.00492326726904,0.0145116954646
0.00492325743078,0.014511677816
0.00492324784864,0.0145116597204
0.00492323826766,0.0145116447774
0.00492322900449,0.014511627974
0.00492321972619,0.0145116099529
0.0049232103501,0.0145115940017
0.00492320106365,0.0145115790982
0.00492319196346,0.0145115621155
0.00492318304838,0.0145115458593
0.00492317399243,0.0145115276007
0.00492316504009,0.0145115118171
0.00492315644282,0.0145114989788
0.00492314790143,0.0145114845643
0.00492313925992,0.0145114680589
0.0049231307453,0.0145114538493
0.00492312242743,0.0145114382426
0.00492311408743,0.0145114269201
0.00492310590809,0.0145114125614
0.00492309754016,0.0145113975671
0.00492308960995,0.0145113838837
0.00492308149463,0.0145113716344
0.00492307375651,0.0145113577484
0.00492306578089,0.0145113464212
0.00492305786349,0.0145113327494
0.00492305037449,0.0145113198832
0.00492304276442,0.0145113076759
0.00492303511826,0.0145112944837
0.004923027443,0.0145112796407
0.00492302017985,0.0145112678921
0.00492301289807,0.0145112566138
0.00492300570128,0.0145112439198
0.00492299848003,0.014511232283
0.00492299137521,0.0145112210279
0.00492298430298,0.0145112126763
0.004922977346,0.014511196278
0.00492297058227,0.0145111846225
0.0049229635112,0.0145111745503
0.00492295680684,0.0145111618075
0.00492294992786,0.0145111529739
0.00492294352036,0.014511139465
0.00492293674964,0.0145111272926
0.00492293033516,0.0145111178234
0.00492292394629,0.0145111073367
0.00492291754344,0.0145110939513
0.00492291113827,0.01451108312
0.00492290487397,0.0145110717462
0.00492289877497,0.0145110610919
0.00492289267015,0.0145110497065
0.00492288654437,0.0145110421418
0.00492288062582,0.0145110303862
0.00492287449422,0.0145110197202
0.00492286865367,0.0145110088075
0.00492286283523,0.01451100023
0.00492285705986,0.0145109881205
0.0049228513136,0.0145109779434
0.0049228456337,0.0145109706651
0.00492283993517,0.0145109594986
0.00492283457308,0.0145109528885
0.00492282899912,0.0145109427604
0.00492282364867,0.0145109329419
0.0049228181818,0.014510926865
0.00492281276034,0.0145109145483
0.00492280765786,0.0145109073282
0.00492280226317,0.0145108955889
0.00492279722821,0.014510886881
0.00492279207218,0.0145108809532
0.00492278711055,0.0145108712628
0.00492278205114,0.0145108626643
0.00492277707206,0.0145108511369
0.00492277214886,0.0145108450204
0.00492276728968,0.014510836883
0.00492276235949,0.0145108267572
0.00492275769473,0.0145108187734
0.00492275282159,0.0145108110015
0.00492274822318,0.0145108023379
0.00492274357472,0.0145107925404
0.00492273886572,0.0145107863168
0.00492273443262,0.0145107774786
0.00492272974807,0.0145107674249
0.00492272547563,0.0145107603888
0.00492272089934,0.0145107516111
0.00492271661991,0.0145107421302
0.00492271221243,0.0145107350498
0.00492270785617,0.0145107282978
0.00492270361865,0.0145107215294
0.00492269943701,0.0145107138716
0.00492269527982,0.0145107044047
0.00492269120994,0.014510698074
0.00492268700269,0.0145106917713
0.00492268302944,0.0145106853941
0.00492267895141,0.0145106756478
0.00492267499678,0.0145106690377
0.00492267112015,0.0145106615801
0.00492266735411,0.0145106556383
0.00492266342859,0.0145106506697
0.00492265960434,0.014510644211
0.00492265583714,0.0145106377243
0.00492265206762,0.0145106343599
0.00492264837958,0.0145106278011
0.00492264463217,0.0145106211398
0.00492264099536,0.0145106141618
0.00492263739347,0.0145106076868
0.00492263390915,0.01451059988
0.00492263044347,0.0145105926483
0.00492262696265,0.0145105871581
0.00492262352724,0.0145105818915
0.00492262011277,0.0145105747203
0.00492261671578,0.0145105686388
0.00492261334206,0.0145105612953
0.00492261003703,0.014510554024
0.00492260678555,0.0145105487807
0.00492260358064,0.0145105437213
0.00492260039318,0.0145105379308
0.00492259719525,0.014510529777
0.00492259403225,0.0145105245733
0.00492259104387,0.0145105190808
0.00492258798215,0.0145105155138
0.00492258481332,0.0145105074113
0.00492258187151,0.0145105018071
0.00492257880745,0.0145104971505
0.00492257592035,0.0145104908152
0.00492257289123,0.0145104868361
0.00492257007631,0.0145104810339
0.00492256726604,0.0145104751457
0.00492256440804,0.0145104707219
0.00492256157217,0.0145104669733
0.00492255872698,0.0145104622748
0.00492255596328,0.0145104559092
0.0049225533416,0.0145104494947
0.00492255059886,0.0145104443585
0.00492254801444,0.0145104406704
0.00492254527053,0.0145104347542
0.00492254274082,0.0145104322117
0.00492254001088,0.0145104281767
0.00492253750446,0.0145104227168
0.00492253493518,0.0145104187354
0.00492253234494,0.0145104134479
0.00492252979311,0.0145104079833
0.00492252733209,0.0145104046375
0.00492252483615,0.0145103990356
0.00492252242286,0.0145103944791
0.00492252000025,0.0145103910728
0.00492251760792,0.0145103867119
0.00492251530057,0.0145103841228
0.00492251291173,0.0145103792171
0.0049225107138,0.0145103748329
0.00492250834475,0.014510371678
0.00492250610841,0.0145103669772
0.00492250392679,0.0145103631588
0.00492250162992,0.0145103603764
0.00492249945295,0.014510356395
0.00492249735165,0.0145103532821
0.00492249511532,0.0145103485952
0.00492249307688,0.0145103450515
0.00492249095347,0.0145103406371
0.00492248885217,0.014510338672
0.00492248672876,0.0145103372145
0.00492248476367,0.0145103350561
0.00492248277296,0.0145103327371
0.00492248073802,0.0145103317103
0.00492247875314,0.0145103280013
0.00492247684509,0.0145103262691
0.00492247485206,0.0145103236777
0.00492247298011,0.0145103225182
0.00492247112095,0.0145103194285
0.00492246917915,0.014510316418
0.0049224673165,0.014510313354
0.00492246555979,0.0145103118336
0.00492246374954,0.0145103099197
0.00492246193462,0.0145103077707
0.00492246018024,0.0145103055472
0.00492245852016,0.0145103020268
0.00492245675647,0.0145102996472
0.00492245495552,0.014510297575
0.00492245327332,0.0145102939289
0.00492245167377,0.0145102916029
0.00492245000438,0.0145102887927
0.00492244830122,0.0145102862804
0.00492244674591,0.0145102846669
0.00492244506837,0.014510280462
0.00492244346999,0.0145102773956
0.00492244191701,0.0145102748205
0.00492244034191,0.0145102728764
0.00492243878427,0.0145102724573
0.00492243720801,0.0145102691464
0.00492243563291,0.0145102658169
0.00492243418586,0.0145102618728
0.0049224327202,0.0145102591929
0.00492243123823,0.0145102559705
0.00492242977023,0.0145102530369
0.00492242836044,0.0145102499658
0.00492242687964,0.0145102469716
0.0049224254163,0.0145102443523
0.00492242402746,0.0145102411695
0.00492242268287,0.0145102377213
0.00492242128472,0.0145102339098
0.00492241991335,0.014510230138
0.00492241859436,0.0145102260262
0.00492241719738,0.0145102211111
0.00492241586209,0.0145102186594
0.00492241461063,0.0145102152717
0.00492241325905,0.0145102107013
0.00492241194122,0.0145102070435
0.00492241070489,0.0145102039748
0.00492240943597,0.014510201076
0.00492240820546,0.0145101982448
0.0049224069342,0.0145101953461
0.0049224056711,0.0145101929433
0.00492240450694,0.0145101912972
0.00492240330321,0.0145101899817
0.00492240214022,0.0145101873809
0.00492240098189,0.0145101855183
0.00492239981075,0.0145101823169
0.00492239865824,0.0145101803285
0.00492239751155,0.0145101785869
0.00492239637533,0.0145101765054
0.00492239531246,0.0145101761422
0.00492239420069,0.0145101749268
0.00492239312385,0.0145101712272
0.00492239203188,0.0145101685333
0.00492239098647,0.0145101663936
0.00492238992127,0.0145101641258
0.00492238888051,0.0145101623214
0.00492238793056,0.0145101599605
0.00492238687119,0.0145101571525
0.00492238588165,0.0145101551083
0.00492238485487,0.0145101543516
0.00492238389561,0.0145101533178
0.00492238292354,0.0145101515995
0.00492238200502,0.0145101499604
0.004922381012,0.0145101472526
0.00492238004575,0.0145101454621
0.00492237910395,0.0145101454272
0.00492237815401,0.0145101458067
0.00492237723665,0.0145101463213
0.00492237628903,0.0145101468754
0.00492237540544,0.0145101468824
0.00492237445549,0.0145101469662
0.00492237358238,0.0145101470361
0.00492237271043,0.0145101469033
0.00492237176397,0.014510147362
0.00492237089551,0.0145101478323
0.00492237000843,0.0145101483702
0.00492236911086,0.0145101486146
0.00492236828897,0.0145101486193
0.00492236746592,0.0145101488684
0.0049223665928,0.0145101485215
0.00492236570455,0.0145101485425
0.00492236483027,0.0145101501001
0.00492236407939,0.0145101510338
0.00492236327496,0.0145101525309
0.0049223624845,0.0145101528591
0.00492236169172,0.0145101535926
0.00492236096528,0.0145101540466
0.00492236011662,0.0145101541607
0.00492235939251,0.0145101540652
0.00492235860322,0.0145101539348
0.00492235782673,0.0145101535157
0.00492235710728,0.0145101534436
0.00492235636455,0.0145101545751
0.00492235564743,0.0145101553551
0.00492235490936,0.0145101549779
0.00492235417711,0.0145101536298
0.00492235347745,0.0145101524703
0.00492235278361,0.0145101506822
0.00492235203623,0.0145101497299
0.00492235137615,0.0145101484098
0.0049223507673,0.0145101471338
0.0049223499978,0.0145101466612
0.00492234935286,0.0145101458952
0.00492234875914,0.0145101453154
0.00492234803736,0.014510145674
0.00492234742618,0.0145101462468
0.00492234680685,0.0145101454644
0.00492234611651,0.0145101440209
0.00492234553443,0.0145101429615
0.00492234492674,0.0145101418463
0.00492234429927,0.0145101401513
0.00492234365083,0.0145101381768
0.00492234307458,0.014510136405
0.00492234246107,0.0145101344702
0.00492234183941,0.0145101324562
0.00492234128877,0.0145101315342
0.00492234069505,0.0145101310872
0.0049223401153,0.0145101307076
0.00492233953206,0.014510129476
0.00492233897443,0.0145101284678
0.00492233845871,0.0145101277414
0.00492233790108,0.0145101257088
0.00492233739351,0.0145101239998
0.00492233684054,0.0145101216529
0.00492233622936,0.0145101204515
0.00492233581143,0.014510120484
0.00492233519326,0.0145101194317
0.0049223346205,0.0145101178228
0.00492233415483,0.0145101174875
0.00492233363213,0.0145101164049
0.00492233309313,0.01451011447
0.00492233261932,0.0145101126423
0.00492233207915,0.0145101116132
0.00492233155761,0.0145101110381
0.00492233099765,0.0145101094339
0.00492233049939,0.0145101078297
0.0049223300931,0.0145101064933
0.00492232954944,0.0145101065957
0.00492232905817,0.0145101067307
0.00492232857621,0.0145101068798
0.00492232811288,0.0145101064839
0.00492232764373,0.0145101055643
0.00492232713848,0.0145101044048
0.00492232662393,0.014510103052
0.00492232625955,0.0145101011754
0.00492232571589,0.0145100996294
0.00492232528632,0.0145100980694
0.00492232479854,0.0145100965537
0.00492232430144,0.0145100961928
0.00492232387653,0.014510097017
0.00492232340854,0.0145100981859
0.00492232295568,0.0145100991032
0.00492232241901,0.0145100994944
0.00492232196033,0.0145100995409
0.0049223215552,0.014510099187
0.00492232111632,0.0145100984164
0.0049223206786,0.0145100980951
0.00492232025717,0.0145100982697
0.00492231979617,0.0145100984746
0.00492231943645,0.0145100991242
0.00492231893935,0.0145100999414
0.00492231856217,0.0145101007959
0.00492231818382,0.0145101009705
0.00492231769837,0.0145101004327
0.0049223173107,0.0145100996527
0.00492231699172,0.0145100994594
0.0049223165994,0.0145100997179
0.00492231619777,0.0145101004723
0.00492231579847,0.0145101014804
0.00492231545271,0.0145101021579
0.00492231508135,0.0145101030427
0.00492231465643,0.014510103683
0.00492231428623,0.0145101050381
0.00492231391952,0.0145101066749
0.00492231356911,0.0145101084025
0.00492231319309,0.0145101108379
0.0049223128939,0.0145101130172
0.00492231253185,0.0145101164421
0.00492231215583,0.0145101194829
0.00492231182987,0.0145101219672
0.00492231146316,0.0145101246005
0.00492231111974,0.014510126852
0.00492231080774,0.014510129902
0.00492231043754,0.0145101329125
0.0049223101628,0.0145101365075
0.00492230980773,0.0145101402514
0.00492230947246,0.0145101436204
0.00492230914184,0.0145101467916
0.00492230887641,0.0145101501956
0.00492230853881,0.0145101530291
0.00492230830132,0.0145101554343
0.0049223079998,0.0145101579069
0.00492230768548,0.0145101603027
0.00492230737582,0.0145101631433
0.00492230718257,0.0145101656695
0.00492230683332,0.0145101672318
0.00492230655276,0.0145101686497
0.00492230630363,0.0145101695089
0.00492230601143,0.0145101700327
0.0049223057495,0.0145101704448
0.00492230549804,0.0145101705613
0.00492230523843,0.0145101706171
0.00492230495089,0.0145101705659
0.00492230476579,0.014510170857
0.00492230450036,0.0145101707825
0.00492230431759,0.0145101710665
0.00492230405915,0.0145101703983
0.00492230385775,0.014510169758
0.00492230364121,0.0145101693342
0.00492230336415,0.0145101686567
0.00492230317439,0.0145101678302
0.00492230291129,0.0145101667591
0.00492230275064,0.014510165602
0.00492230246891,0.0145101646008
0.00492230230011,0.014510164056
0.00492230210337,0.0145101630059
0.00492230189848,0.0145101613738
0.00492230169475,0.0145101599116
0.00492230156204,0.0145101593342
0.00492230132455,0.0145101585635
0.00492230113596,0.0145101576438
0.00492230094969,0.0145101562957
0.00492230072967,0.0145101550175
0.00492230053409,0.014510153532
0.00492230040603,0.0145101518487
0.00492230016971,0.0145101504982
0.0049223000498,0.0145101496554
0.00492229981581,0.014510148284
0.00492229966563,0.0145101469615
0.00492229951778,0.0145101462281
0.00492229930242,0.0145101459092
0.00492229918484,0.014510145362
0.00492229903932,0.0145101448242
0.00492229879834,0.0145101443515
0.00492229869124,0.0145101442467
0.00492229850381,0.0145101442491
0.00492229838623,0.0145101443492
0.00492229820346,0.0145101446053
0.0049222980591,0.0145101451525
0.00492229790427,0.0145101456624
0.00492229774129,0.0145101467031
0.00492229763768,0.0145101478067
0.00492229742813,0.0145101490756
0.00492229732219,0.0145101505541
0.00492229723721,0.0145101522072
0.00492229708005,0.0145101540908
0.00492229693453,0.0145101559674
0.00492229680181,0.0145101578394
0.00492229662137,0.0145101594273
0.00492229650612,0.0145101611665
0.00492229636293,0.0145101626869
0.00492229622207,0.0145101639442
0.00492229608353,0.0145101653994
0.0049222959741,0.0145101670548
0.00492229585652,0.0145101684774
0.00492229572148,0.0145101697184
0.0049222956202,0.0145101709175
0.00492229547468,0.0145101724123
0.0049222953408,0.0145101739303
0.0049222952011,0.0145101754135
0.00492229511146,0.0145101767872
0.00492229498457,0.0145101781772
0.0049222948926,0.014510179311
0.00492229474592,0.0145101803006
0.00492229468189,0.0145101813204
0.00492229455849,0.0145101825031
0.00492229448748,0.0145101834484
0.00492229433032,0.0145101840282
0.00492229422787,0.0145101848338
0.00492229409283,0.0145101851621
0.0049222940125,0.0145101852203
0.00492229387281,0.0145101854508
0.00492229380761,0.0145101855183
0.00492229371215,0.0145101853088
0.00492229361553,0.0145101847337
0.00492229353753,0.0145101842214
0.00492229339434,0.014510183502
0.00492229328724,0.0145101827383
0.00492229323601,0.0145101821423
0.00492229317082,0.0145101815951
0.00492229303461,0.0145101809455
0.00492229297059,0.0145101800654
0.00492229291704,0.0145101789571
0.00492229283089,0.0145101778954
0.00492229277734,0.0145101768384
0.00492229268188,0.0145101758675
0.00492229255266,0.0145101751713
0.00492229251773,0.0145101743541
0.00492229244672,0.0145101735368
0.00492229233496,0.0145101727778
0.00492229230702,0.0145101719536
0.0049222922558,0.014510171297
0.00492229216034,0.0145101706102
0.00492229211377,0.0145101701817
0.00492229201715,0.0145101696812
0.00492229196825,0.0145101691736
0.00492229192285,0.0145101687266
0.00492229185416,0.0145101683307
0.00492229183903,0.0145101680374
0.004922291775,0.0145101679652
0.00492229171214,0.0145101675554
0.00492229167372,0.0145101673785
0.00492229155963,0.0145101669175
0.00492229154799,0.0145101666008
0.00492229145835,0.0145101660537
0.0049222914502,0.0145101655787
0.0049222913722,0.014510164971
0.00492229134659,0.0145101646171
0.00492229122552,0.0145101640676
0.00492229115102,0.0145101636997
0.00492229113588,0.0145101635624
0.00492229108582,0.0145101634692
0.00492229103576,0.0145101633552
0.00492229104857,0.0145101633528
0.00492229100899,0.014510163269
0.00492229093215,0.0145101631549
