[0.99999784 0.99999811 0.99949433 0.9998091  0.99998649 0.99998864
 0.99998086 0.99999691 0.99999876 0.99999883 0.99999789 0.99999244
 0.99991772 0.99461172 0.99906944 0.96558481 0.99798866 0.99888038
 0.99745509 0.95229368 0.98774239 0.992975   0.98362846 0.63299943
 0.9349015  0.9343697  0.91345217 0.9924645  0.99776031 0.99881059
 0.99909021 0.99906831 0.99872843 0.99750688 0.99038266 0.10716279
 0.98794277 0.99612111 0.99759659 0.99793198 0.9977431  0.99692686
 0.99455467 0.98519924 0.86506002 0.89957549 0.98426385 0.99319791
 0.99579922 0.99686178 0.99734886 0.99754976 0.99756367 0.99741119
 0.99705656 0.99638465 0.99510135 0.99236922 0.98508954 0.9550653
 0.83284084 0.96126047 0.98843846 0.99471597 0.99698354 0.9980281
 0.99858543 0.9989127  0.9991176  0.99925124 0.99934019 0.99939919
 0.99943677 0.99945797 0.99946572 0.99946152 0.99944586 0.9994184
 0.99937794 0.99932243]
