2.369045317173004150e-01
1.640541404485702515e-01
2.283019572496414185e-01
1.478295326232910156e-01
1.698747128248214722e-01
1.987080127000808716e-01
3.278056681156158447e-01
1.612912863492965698e-01
7.981479912996292114e-02
1.884116977453231812e-01
2.554757595062255859e-01
1.909850984811782837e-01
2.113593667745590210e-01
3.621850907802581787e-02
1.709795147180557251e-01
2.368981018662452698e-02
4.853676632046699524e-02
1.878921985626220703e-01
1.238530054688453674e-01
2.444174885749816895e-01
3.365284502506256104e-01
2.201427519321441650e-01
9.926812350749969482e-02
1.847122758626937866e-01
1.489486545324325562e-01
1.610902100801467896e-01
3.018669411540031433e-02
2.472693920135498047e-01
2.381761968135833740e-01
5.408288538455963135e-02
2.052671611309051514e-01
2.568040490150451660e-01
2.488191276788711548e-01
2.426940053701400757e-01
1.263104826211929321e-01
1.070237159729003906e-01
1.356397867202758789e-01
2.085394710302352905e-01
2.390260994434356689e-01
1.890349537134170532e-01
1.994265019893646240e-01
1.766636967658996582e-01
2.311437875032424927e-01
2.877766489982604980e-01
2.097763270139694214e-01
2.116059064865112305e-01
2.056299448013305664e-01
1.897832602262496948e-01
8.856322616338729858e-02
1.906451433897018433e-01
2.807695269584655762e-01
2.674026191234588623e-01
3.766662180423736572e-01
1.781802773475646973e-01
1.536239385604858398e-01
2.515592873096466064e-01
2.085343301296234131e-01
2.243480384349822998e-01
2.389397025108337402e-01
1.485688388347625732e-01
1.222137957811355591e-01
2.120256423950195312e-01
1.197145059704780579e-01
3.383176922798156738e-01
1.583402007818222046e-01
1.852631270885467529e-01
1.370592415332794189e-01
1.600428372621536255e-01
1.287524998188018799e-01
4.262606427073478699e-02
1.169309392571449280e-01
1.335619837045669556e-01
1.366522908210754395e-01
2.601844966411590576e-01
1.806532144546508789e-01
2.722089290618896484e-01
1.983846724033355713e-01
3.049727380275726318e-01
2.627132236957550049e-01
2.339883446693420410e-01
1.337443143129348755e-01
3.359616696834564209e-01
1.426155269145965576e-01
2.571316659450531006e-01
1.454259902238845825e-01
1.591745316982269287e-01
1.838074773550033569e-01
1.828920990228652954e-01
2.440229207277297974e-01
1.674144417047500610e-01
1.340468972921371460e-01
1.246451437473297119e-01
1.062233299016952515e-01
2.442555129528045654e-01
2.483955472707748413e-01
1.733940243721008301e-01
3.056591451168060303e-01
2.020460069179534912e-01
2.366434335708618164e-01
2.364789098501205444e-01
2.499291896820068359e-01
1.962750554084777832e-01
3.252759575843811035e-01
3.836019933223724365e-01
3.235571980476379395e-01
1.595874577760696411e-01
2.850829064846038818e-01
1.931924521923065186e-01
1.169979348778724670e-01
1.794220954179763794e-01
1.570453941822052002e-01
7.553531229496002197e-02
1.337176263332366943e-01
8.446069061756134033e-02
1.803649067878723145e-01
1.642434895038604736e-01
2.661064267158508301e-01
1.196994036436080933e-01
2.571395337581634521e-01
2.646577656269073486e-01
1.998789906501770020e-01
2.244558632373809814e-01
1.711575835943222046e-01
3.338612914085388184e-01
1.434867680072784424e-01
2.463358342647552490e-01
1.653027534484863281e-01
2.978380918502807617e-01
3.512211441993713379e-01
2.255171388387680054e-01
3.848086595535278320e-01
2.088370323181152344e-01
2.306590378284454346e-01
2.431039810180664062e-01
1.852206736803054810e-01
2.669011056423187256e-01
3.053771555423736572e-01
2.510033547878265381e-01
2.775562703609466553e-01
2.759737372398376465e-01
2.565643191337585449e-01
1.801841855049133301e-01
1.673236042261123657e-01
1.804902553558349609e-01
1.708737015724182129e-01
1.721468567848205566e-01
2.926163971424102783e-01
1.124814301729202271e-01
2.065916210412979126e-01
2.243214100599288940e-01
2.565314769744873047e-01
3.812402486801147461e-01
2.742770612239837646e-01
3.260296583175659180e-01
2.511569857597351074e-01
2.141548246145248413e-01
2.914136052131652832e-01
3.199647963047027588e-01
2.120896726846694946e-01
2.222980260848999023e-01
3.249242901802062988e-01
2.213625013828277588e-01
3.282004594802856445e-01
2.214992344379425049e-01
2.091074436902999878e-01
3.646394312381744385e-01
2.177202701568603516e-01
2.139314562082290649e-01
1.058273315429687500e-01
2.666172087192535400e-01
2.214341759681701660e-01
1.608853936195373535e-01
3.023815155029296875e-01
2.562635838985443115e-01
1.859943717718124390e-01
2.205763012170791626e-01
3.099427819252014160e-01
2.009702622890472412e-01
2.848737537860870361e-01
1.928906291723251343e-01
1.351518183946609497e-01
2.266871035099029541e-01
2.898316979408264160e-01
3.466444611549377441e-01
2.519400119781494141e-01
7.811849564313888550e-02
2.580275535583496094e-01
3.172311782836914062e-01
2.766115367412567139e-01
2.634069621562957764e-01
2.100154757499694824e-01
3.336316347122192383e-01
1.114704459905624390e-01
1.561712473630905151e-01
1.645757406949996948e-01
2.196960747241973877e-01
2.761105895042419434e-01
2.743951678276062012e-01
2.084455490112304688e-01
3.242397606372833252e-01
2.380111217498779297e-01
