2.02526692643,0.327206651401
0.0739150449517,0.0800943360431
0.0620098996791,0.0729555930127
0.0538429721142,0.0679228627589
0.0410598015762,0.0597547757323
0.0335291402065,0.0542831338127
0.0289342431992,0.0506475307047
0.025806266506,0.0479835582431
0.0235424293438,0.045794471004
0.0217635270848,0.0440106893773
0.0203072725999,0.0424668038846
0.0190320186841,0.0410132746212
0.0178922350809,0.0397042771918
0.0168831344316,0.0385207565618
0.0159392805217,0.0372937868699
0.0151164621813,0.0361715421197
0.0143338182213,0.035169005784
0.0136288918788,0.0342109378835
0.0130212504009,0.0333572573029
0.0124554614507,0.0325160692446
0.0119566742826,0.0318219571724
0.0114838618028,0.0311448507942
0.0110617234139,0.0304589150182
0.0106678052398,0.0298687562288
0.0104639344223,0.0295551721763
0.010186993939,0.0292082267697
0.00979403215024,0.0285777859623
0.00945792544953,0.0279830267595
0.00916695389606,0.027485138661
0.00887923693663,0.0269620087638
0.00861775237572,0.0265247550269
0.00838045188721,0.0261034579889
0.00815290484898,0.025684046431
0.00794716671662,0.0252821888309
0.00775530406827,0.0249403438647
0.00756336361374,0.0245889710437
0.00738476458791,0.0242295413569
0.00721922317898,0.0239213124791
0.00706269372895,0.0235748204577
0.00691558766557,0.0233142910933
0.00676930338377,0.0230539963406
0.00664368655853,0.0227861899766
0.00650499167969,0.0224902484799
0.00638094988681,0.0222622952133
0.00626970736485,0.0220180892793
0.00614622153516,0.0217400337569
0.00603567552316,0.0214574768615
0.00593386354449,0.0212909323862
0.00583239385596,0.0211013973865
0.00574202374264,0.0208778676111
0.00564246224676,0.0206556054647
0.0055513249521,0.0204461095505
0.00546724826127,0.0202581167454
0.00538359452476,0.0200893484522
0.00530196311011,0.0198524454609
0.0052190340939,0.0196626786143
0.00515432416578,0.0195309246366
0.00507810797135,0.0193618950725
0.0050082120928,0.0191856106685
0.00494261643034,0.0190328228055
0.00487442753947,0.0188440621539
0.0048114038349,0.0187156670261
0.00475247776558,0.0185486089205
0.00469269496971,0.0184123282204
0.00463803434905,0.0182792426203
0.00458011417722,0.0181132972124
0.00452189912467,0.0179413925856
0.00447436888717,0.0178426510945
0.00442164587876,0.0177077236178
0.00437431424361,0.0175916479115
0.00432940821483,0.0174567350623
0.0042794090703,0.0173120472115
0.00423901135873,0.0172631067486
0.00419382644177,0.0171119168081
0.00414597115596,0.0169296295935
0.0041088504775,0.0168843543477
0.00406539936448,0.016768188306
0.00403140538401,0.016669385921
0.00398831293496,0.0165260737529
0.00395251069785,0.0164341120952
0.00392056954734,0.0163805592048
0.00388132476801,0.0162483877793
0.0038504023687,0.0161732798326
0.00381173917631,0.0160095063649
0.00378203721702,0.0159817344887
0.00375218690679,0.0159142919787
0.00371499441462,0.0157536963903
0.00368704047141,0.0157145843696
0.00366025658877,0.0156419778505
0.00362617988067,0.015514584037
0.00359596978087,0.0153949623811
0.00357251469031,0.0153762395843
0.00356869979441,0.0153462401737
0.00357968415046,0.0154550279665
0.00354178349444,0.0153364042053
0.00351042893162,0.0152338547254
0.00348013346375,0.0151404193544
0.00345372796728,0.0150674095697
0.00342584383907,0.0149649837374
0.00339971603607,0.0148900787259
0.00337490154634,0.0148222486925
0.00334976971208,0.0147455272585
0.00332595854197,0.0146464825899
0.00330203474005,0.0145934578642
0.00327755150793,0.0145208167232
0.00325884425692,0.0144383504638
0.00323525679705,0.014368266266
0.00321490752031,0.0143289839529
0.00319460169485,0.0142543551541
0.00317359871842,0.0141913482134
0.00315368513766,0.0141304240853
0.00313386756316,0.0140611833369
0.00311494041016,0.0139998803847
0.00309668158588,0.01394106019
0.00307827607903,0.0138850495423
0.00306095153428,0.0138168146426
0.00304208791713,0.0137506843719
0.00302632125822,0.0137042486109
0.0030084500766,0.0136485034105
0.00299283780332,0.0136037080461
0.00297561197222,0.0135355482984
0.00296012211911,0.0134818890656
0.00294585416923,0.0134346450475
0.00293060991316,0.0133891319565
0.002915871203,0.0133501339646
0.0029009790087,0.0132835554396
0.00288658331046,0.013240338731
0.00287255860094,0.0131914563564
0.00285921906325,0.0131601421948
0.00284410049717,0.0130939808179
0.0028307853514,0.0130388928432
0.00281825481652,0.0130066185055
0.00280561150139,0.0129605483147
0.0027925900511,0.0129118860525
0.00278129812868,0.0128834254167
0.00276912346962,0.0128450236487
0.00275553128449,0.0127836249216
0.00274545421416,0.0127560053399
0.00273417098215,0.0127163599565
0.00272211760675,0.0126694034523
0.00271081387327,0.0126265473897
0.00270111050995,0.0126038859948
0.00268932300241,0.0125552828307
0.00267961111749,0.0125233529281
0.00266898348636,0.012481913541
0.002659245627,0.0124526437605
0.00264882339034,0.0124081342336
0.00263918032942,0.0123727687693
0.00262960572727,0.0123387384607
0.00262004077886,0.0123039044876
0.00261106308171,0.012271940682
0.00260178699828,0.012237893269
0.00259266216162,0.0122071711463
0.00258377708451,0.0121721517411
0.00257532310352,0.0121439572918
0.00256739081669,0.0121171548439
0.00255895479058,0.0120867582766
0.00255050448613,0.012054236015
0.00254258947971,0.0120256025286
0.00253455018246,0.0119960036711
0.00252681298807,0.0119675080932
0.0025190643013,0.0119386757462
0.00251149437463,0.0119102852215
0.0025039205444,0.011881881053
0.00249656376473,0.0118538719806
0.00248943244515,0.0118260702118
0.00248199912603,0.011798614086
0.00247534048176,0.0117735096253
0.00246822758127,0.0117470252619
0.00246178564266,0.0117223509616
0.0024549090951,0.0116961842868
0.00244843226392,0.0116721108556
0.00244191764941,0.0116474688868
0.00243562893447,0.0116241025942
0.00242937194489,0.0116002741677
0.00242327468513,0.0115768405143
0.00241730350172,0.0115547497262
0.00241129132701,0.0115318867291
0.00240551013922,0.0115094148263
0.00239965674482,0.0114869114448
0.00239407698245,0.0114658590814
0.00238854207782,0.0114445649
0.00238305325329,0.0114233832632
0.00237769010419,0.011402936728
0.00237234271699,0.0113825189037
0.00236711078469,0.0113623618061
0.00236194343888,0.0113426245109
0.00235693048671,0.0113228829636
0.00235186730351,0.0113036091701
0.00234701536028,0.0112845493131
0.00234210857379,0.0112657115009
0.00233739398391,0.0112476114155
0.00233264572889,0.0112294706167
0.00232808239525,0.0112116985576
0.0023235514891,0.0111939367955
0.00231905994442,0.0111765055452
0.00231465032339,0.0111592456407
0.00231032057418,0.01114253001
0.00230605606848,0.0111258410732
0.00230184147513,0.0111095622327
0.0022976264976,0.0110930473485
0.00229355577685,0.0110770878528
0.00228953442565,0.0110614831006
0.00228552674453,0.0110459460353
0.00228163883949,0.0110305914888
0.00227778522458,0.0110153459449
0.00227398699208,0.0110005472641
0.00227022797189,0.0109858564334
0.00226654123835,0.0109711594909
0.00226290503306,0.0109569735068
0.0022593205289,0.0109427417628
0.00225581499108,0.0109291234752
0.00225227267838,0.0109142825328
0.00225113530978,0.0109144143236
0.00225003141531,0.0109191912081
0.00224611934245,0.0109028046048
0.00224244422097,0.010887654408
0.00223888170003,0.0108731601853
0.00223543994907,0.0108592825447
0.00223207618146,0.0108457914495
0.00222879412831,0.010832780099
0.00222556798581,0.0108199142414
0.00222241657975,0.010807370831
0.00221931485321,0.0107951059414
0.00221627070678,0.0107830329856
0.00221329345404,0.0107713307894
0.00221034283459,0.0107597946597
0.00220746903688,0.0107485290268
0.00220457866744,0.0107372416882
0.0022017599731,0.0107262907666
0.00219899642252,0.0107154849917
0.00219628663472,0.0107048951526
0.00219358875183,0.0106943423685
0.0021909577481,0.0106841233966
0.00218832464343,0.0106739508337
0.00218573717575,0.010663528851
0.00218317351937,0.0106530801626
0.00218046789741,0.0106417086732
0.0021780849449,0.0106326788751
0.00217566933934,0.0106234154344
0.00217334604713,0.0106146637758
0.00217115943778,0.0106071839895
0.00216876458653,0.0105975195358
0.00216647328089,0.0105885882658
0.00216456246962,0.0105835281021
0.00216209932878,0.0105720455264
0.00215974510065,0.0105623283482
0.00215747485308,0.0105531253736
0.00215526527281,0.010544241537
0.00215308986044,0.0105355608946
0.00215127043666,0.0105274609028
0.00214963767758,0.0105259140371
0.00214751704916,0.010517329062
0.00214544426453,0.0105094031896
0.00214316572929,0.0104979342781
0.00214174238099,0.0104957467731
0.00213953925122,0.0104860887135
0.00213767288442,0.0104797226697
0.00213597118927,0.0104734490626
0.00213406651892,0.0104662158265
0.00213229883921,0.010459591393
0.00213049961239,0.0104527682939
0.00212874473473,0.0104460787057
0.00212699124568,0.0104393099173
0.00212525716997,0.0104326875153
0.00212356660049,0.0104262473877
0.00212199611888,0.010421169945
0.00212027699927,0.0104140116833
0.00211864981902,0.0104078213626
0.00211705478396,0.0104017995967
0.00211544767735,0.0103956142644
0.00211391569719,0.0103899428097
0.00211236429132,0.0103840816853
0.0021107976354,0.0103780650068
0.00210932070622,0.0103727035486
0.00210765059128,0.0103644012532
0.0021063532753,0.0103618062043
0.00210492993938,0.0103551555949
0.00210315201803,0.0103461065446
0.00210205482326,0.0103459992184
0.00210064193998,0.0103405257862
0.00209924830051,0.0103350871941
0.00209780939367,0.0103293348977
0.00209651232071,0.0103248910134
0.00209516223222,0.0103197171498
0.0020938434016,0.0103148368798
0.0020925357996,0.0103100978944
0.00209126023328,0.0103051913087
0.00208998603521,0.0103007855068
0.00208877001132,0.0102963329991
0.00208744915071,0.0102907199791
0.0020863286707,0.0102871191659
0.00208501175075,0.0102796165738
0.0020839409488,0.0102788447344
0.00208276703161,0.0102743778669
0.00208159101858,0.0102699010167
0.00208043695602,0.0102656022122
0.00207928168202,0.010261104253
0.00207803838457,0.0102547397313
0.00207718470629,0.0102545276022
0.00207604028619,0.0102498209919
0.00207499671997,0.0102463983436
0.00207390584292,0.0102423105185
0.00207285521465,0.0102385854145
0.00207180885773,0.0102346674335
0.00207078846688,0.0102310070302
0.00206976259506,0.0102268352523
0.00206871207229,0.0102226963645
0.00206768024691,0.0102186967968
0.00206672802597,0.0102163619798
0.00206577164317,0.0102123931429
0.0020647799789,0.0102081571327
0.00206388277256,0.0102054478863
0.0020628598344,0.0102012451622
0.00206205084869,0.0101991022704
0.00206111098087,0.0101954533195
0.00206025709631,0.0101933086087
0.00205933193029,0.0101896758162
0.00205848873265,0.010187024824
0.00205759822056,0.010183556049
0.0020567707903,0.0101803893369
0.00205591427402,0.0101772929542
0.00205509102489,0.0101748836169
0.00205425605673,0.0101719668775
0.00205345229369,0.0101691951248
0.00205264660508,0.0101663210487
0.0020518483725,0.0101637438289
0.00205106135654,0.0101609910082
0.00205026186231,0.0101580953022
0.00204949028303,0.0101552726846
0.00204874856827,0.0101526614744
0.00204800690954,0.0101501342928
0.00204727555756,0.010147519497
0.00204654559202,0.0101450534683
0.00204582276056,0.0101425231725
0.00204510734729,0.0101400770975
0.00204439905829,0.010137568909
0.00204369624989,0.0101351531863
0.0020430023982,0.0101327508193
0.00204231347052,0.0101303330361
0.00204163866001,0.0101280424453
0.00204096813613,0.0101256852795
0.00204030323985,0.010123385943
0.002039636669,0.0101211157278
0.00203899799162,0.0101189949142
0.00203834016138,0.0101167357789
0.00203770053049,0.0101145297551
0.00203708256304,0.0101124653942
0.00203645419751,0.0101102981105
0.00203583888433,0.0101082123321
0.00203522769552,0.0101061095658
0.00203462273421,0.0101039961883
0.00203401668623,0.010101927584
0.00203341980268,0.0100999009126
0.00203284385789,0.0100979685318
0.0020322736058,0.010096042548
0.0020317064038,0.0100941649638
0.00203114367978,0.0100922650221
0.00203058880434,0.0100903697457
0.0020300477343,0.0100885859836
0.00202951022075,0.0100867881934
0.00202897409763,0.0100849678653
0.00202844308042,0.0100832017284
0.00202792043347,0.0100814426609
0.00202740536661,0.0100797081308
0.00202689523758,0.0100780228735
0.00202639002273,0.0100763276365
0.00202588842803,0.0100746496348
0.00202539232669,0.0100729832688
0.00202490859047,0.0100713527005
0.00202441669899,0.0100697409827
0.0020239346115,0.0100681469834
0.0020234621752,0.0100665719248
0.00202298980112,0.0100649864442
0.00202253081043,0.0100634320814
0.00202206918002,0.0100619334204
0.00202162118039,0.0100604246749
0.00202116829714,0.0100589188747
0.00202072820539,0.010057445112
0.00202028284803,0.0100559728628
0.00201985491367,0.0100545354449
0.0020194230292,0.0100530999596
0.00201899287349,0.0100516802398
0.00201857305292,0.0100503009045
0.00201815120599,0.0100489115983
0.00201774573543,0.0100475966203
0.00201733193207,0.0100462316826
0.00201692984447,0.0100449290883
0.00201653117256,0.0100436289649
0.00201613997851,0.0100423169963
0.00201574474122,0.0100410369312
0.00201536142922,0.0100397688686
0.00201497816306,0.0100385108497
0.00201459559175,0.0100372601941
0.00201422175996,0.0100360293232
0.00201385810542,0.0100348293548
0.0020134852999,0.0100336361094
0.00201312684439,0.0100324415107
0.0020127673215,0.0100312764785
0.00201241604736,0.0100301464874
0.00201206035017,0.0100289751368
0.00201171567569,0.0100278648781
0.00201137270706,0.0100267428061
0.00201103489817,0.010025668022
0.00201069406758,0.0100245683803
0.00201036329745,0.0100234786107
0.00201003370421,0.0100223897811
0.00200970988262,0.0100213507976
0.0020093877818,0.0100203197653
0.00200906698374,0.010019254699
0.00200875317387,0.0100182487717
0.00200843957682,0.0100172146951
0.00200813065312,0.010016216425
0.00200782870234,0.0100152354658
0.00200752531018,0.0100142478652
0.00200722749869,0.0100132919848
0.00200692784347,0.010012318939
0.00200664053264,0.0100114015717
0.00200634859502,0.0100104562123
0.00200606011822,0.0100095202448
0.00200577604228,0.010008585226
0.00200549607798,0.0100076901232
0.00200521712613,0.0100067836232
0.00200494126293,0.0100059155811
0.00200466829883,0.0100050269539
0.00200439782348,0.0100041625788
0.00200413129096,0.0100033365918
0.00200386614488,0.0100024820102
0.00200360526906,0.0100016146054
0.00200334887704,0.0100008076406
0.00200308940221,0.00999996871979
0.00200283685808,0.00999913487758
0.00200258463883,0.00999831942318
0.00200233583164,0.00999751081981
0.00200209157665,0.00999675730709
0.0020018496758,0.00999599241186
0.00200160795175,0.00999521372723
0.00200136965141,0.00999444303743
0.0020011336419,0.0099937005929
0.00200089997852,0.00999294338981
0.00200067139594,0.00999220010708
0.00200044016237,0.00999148269184
0.00200021527417,0.00999074945576
0.00199999067736,0.00999001874006
0.00199977016564,0.00998930610367
0.00199955054377,0.00998861590924
0.00199933501353,0.00998791876191
0.00199911805285,0.00998722831719
0.00199890507683,0.00998653165007
0.00199869671851,0.00998584878689
0.00199848984012,0.0099851708801
0.00199828028926,0.00998452275235
0.0019980787205,0.00998384975246
0.0019978774817,0.00998318993952
0.00199767802005,0.00998256111343
0.00199747907609,0.00998192010156
0.00199728430925,0.00998130039079
0.00199709116823,0.00998067280161
0.00199689969813,0.00998003896675
0.00199670907678,0.00997943426191
0.00199652234005,0.00997880989744
0.00199633772463,0.009978223496
0.00199615336787,0.00997761418694
0.00199597034843,0.00997703435132
0.00199579030668,0.0099764594459
0.00199561360569,0.00997587818711
0.00199543588096,0.00997530880559
0.00199525811113,0.00997471568699
0.00199508542682,0.00997414700396
0.00199491385356,0.00997359959583
0.00199474290348,0.00997303176264
0.00199457677954,0.00997251129011
0.0019944095402,0.00997197624238
0.00199424429993,0.00997145630827
0.00199408069057,0.00997093632177
0.00199392024806,0.00997041464725
0.00199375994562,0.00996988378174
0.0019936007182,0.00996937565214
0.00199344547946,0.00996887336951
0.00199329057359,0.00996838573483
0.00199313825287,0.00996790711652
0.00199298557673,0.00996741915005
0.00199283394104,0.00996695999056
0.00199268780634,0.00996647495485
0.00199253978317,0.00996600779181
0.00199239137619,0.00996553713048
0.00199224920907,0.00996508261596
0.00199210754399,0.00996464806958
0.00199196644135,0.00996420038282
0.00199182306387,0.00996376367402
0.00199168822801,0.00996331360948
0.00199155120863,0.00996286812297
0.00199141459743,0.00996244956332
0.00199127972592,0.00996203214163
0.0019911468924,0.00996160166687
0.00199101645085,0.00996119975462
0.00199088655136,0.00996076966112
0.0019907551552,0.00996039497841
0.00199063117943,0.0099599982379
0.00199050382616,0.00995958617714
0.00199037915081,0.00995920696296
0.00199025477668,0.0099588135723
0.00199013189776,0.00995842525444
0.00199001109213,0.00995805187267
0.00198988897173,0.00995767620625
0.00198977096006,0.00995730062714
0.00198965236959,0.00995692306024
0.00198953732615,0.00995657713502
0.0019894220648,0.00995620283647
0.00198930798579,0.00995587064244
0.00198919402428,0.00995550140797
0.00198908226048,0.00995515060495
0.00198897101836,0.00995481301215
0.00198886129911,0.00995445927838
0.00198875215283,0.00995410721225
0.00198864434715,0.00995379657543
0.00198853781658,0.00995345021365
0.00198843154285,0.00995313219901
0.00198832917595,0.00995279177732
0.00198822250313,0.00995246814273
0.00198812349154,0.00995218273601
0.00198802203522,0.00995184757339
0.00198792262272,0.00995156315039
0.00198782145562,0.00995122987952
0.00198772484255,0.00995095040125
0.00198762621221,0.00995063991868
0.00198753079239,0.00995035811211
0.00198743516048,0.00995006072044
0.00198734124788,0.0099497592746
0.00198724761976,0.00994947901345
0.00198715537081,0.00994919143559
0.0019870628068,0.00994889890426
0.0019869732143,0.00994862672233
0.00198688315431,0.00994834341691
0.00198679583555,0.00994805317896
0.00198670604186,0.00994778571476
0.00198662055627,0.00994751827093
0.0019865349972,0.00994724798948
0.0019864495669,0.00994698861614
0.00198636421192,0.00994670859072
0.00198628175021,0.00994646889449
0.00198619751682,0.00994620784186
0.0019861166209,0.00994595922821
0.00198603474673,0.0099457006203
0.00198595349793,0.00994544004207
0.00198587488012,0.009945204627
0.00198579688185,0.00994496420026
0.00198571767141,0.0099447101471
0.00198564070815,0.00994448763668
0.00198556448086,0.0099442354549
0.00198548815279,0.00994399724295
0.00198541323116,0.00994377697061
0.0019853394715,0.00994354179129
0.00198526564454,0.00994332294504
0.0019851936886,0.00994309588859
0.00198512077659,0.00994286357891
0.00198504894361,0.00994265623449
0.0019849795397,0.00994243078458
0.00198490890907,0.00994221695291
0.00198483955974,0.00994199636916
0.00198477044905,0.009941790023
0.00198470297655,0.00994158552494
0.00198463712695,0.00994137751986
0.00198456903636,0.00994117462251
0.00198450358221,0.00994096601207
0.00198443816662,0.0099407753034
0.00198437437575,0.0099405730638
0.00198430993732,0.00994037553319
0.00198424670743,0.00994018743513
0.00198418380023,0.00993999042548
0.00198412130485,0.00993980168714
0.00198406006857,0.00993961099302
0.00198399871442,0.00993943931244
0.00198393938845,0.00993924388022
0.00198387945893,0.00993906839285
0.00198381977498,0.00993889240199
0.00198376155167,0.00993871357641
0.00198370480357,0.00993854509725
0.00198364605385,0.00993835592817
0.00198359025781,0.0099381841399
0.00198353376945,0.00993802636222
0.00198347911792,0.0099378402927
0.00198342327458,0.00993767186301
0.00198336862522,0.00993750281632
0.00198331477986,0.00993732780335
0.00198326082063,0.00993716010707
0.00198320762247,0.00993700432009
0.00198315629459,0.0099368408788
0.0019831042162,0.00993668658193
0.00198305284248,0.00993652673205
0.00198300147567,0.0099363655725
0.0019829520661,0.00993622023379
0.00198290106055,0.00993605450785
0.00198285196057,0.00993590633152
0.00198280366276,0.00993574996537
0.00198275402145,0.00993560159986
0.00198270736873,0.00993545654055
0.00198266032057,0.00993530282285
0.00198261270889,0.0099351594341
0.00198256695439,0.00993500913028
0.0019825199277,0.00993486825028
0.00198247494372,0.00993472190457
0.00198242964179,0.00993458530866
0.00198238591547,0.00993444016494
0.00198234083255,0.00993429645605
0.00198229624402,0.00993416222627
0.00198225357053,0.00993403625907
0.00198221059691,0.00993389556534
0.0019821690752,0.0099337743537
0.00198212582218,0.00993363817397
0.00198208428374,0.00993350715144
0.00198204225453,0.00993337861437
0.00198200216728,0.00993326145399
0.00198196137826,0.00993313279469
0.00198192190619,0.00993301671697
0.00198188124523,0.00993287736492
0.0019818419798,0.00993275698274
0.00198180275547,0.00993263661221
0.0019817647637,0.0099325196119
0.00198172606833,0.00993240435782
0.00198168898351,0.00993229020969
0.00198165096481,0.00993216548814
0.00198161414519,0.00993204933475
0.00198157706109,0.00993193314353
0.00198154104291,0.00993181743834
0.00198150560936,0.00993171110458
0.00198146884977,0.00993158838537
0.00198143419148,0.0099314811494
0.00198139900967,0.00993137064215
0.00198136425061,0.00993126188987
0.00198133047088,0.00993116204045
0.00198129644632,0.00993104929803
0.00198126300893,0.00993094841251
0.00198122996044,0.00993084030342
0.00198119621018,0.00993074221187
0.00198116457541,0.0099306477583
0.00198113189472,0.00993054724531
0.00198109969351,0.00993044246861
0.00198106930475,0.00993035111169
0.00198103658367,0.00993025019707
0.00198100599118,0.00993016182329
0.00198097537141,0.0099300706177
0.0019809448524,0.00992997451394
0.00198091472266,0.00992988383805
0.00198088453799,0.00992978721624
0.00198085536649,0.00992970239604
0.00198082622192,0.00992961229058
0.00198079714137,0.00992951762455
0.00198076849847,0.00992943187011
0.00198073954634,0.00992934527167
0.00198071235791,0.00992925625178
0.001980683898,0.00992916483083
0.00198065623663,0.00992908301414
0.0019806293938,0.00992900895653
0.00198060196308,0.00992891788483
0.00198057559974,0.00992884032603
0.00198054852808,0.0099287561432
0.00198052207706,0.00992867096211
0.00198049653955,0.00992859425023
0.00198047088234,0.00992851395858
0.00198044508979,0.00992843850981
0.00198041936565,0.00992835879442
0.00198039494608,0.00992828627932
0.0019803701889,0.00992820549873
0.00198034532586,0.00992812774493
0.00198032149201,0.00992805706919
0.00198029727799,0.00992798150983
0.00198027342121,0.00992790922464
0.00198025007739,0.00992783694528
0.00198022573641,0.00992775712803
0.00198020339376,0.00992769252334
0.0019801802664,0.00992761978414
0.00198015779679,0.00992754688486
0.00198013478985,0.00992747829587
0.00198011294524,0.00992740920337
0.00198009107698,0.00992735034088
0.00198006873943,0.00992727773846
0.0019800477814,0.00992721519724
0.0019800258553,0.00992714038875
0.00198000477685,0.00992708409613
0.00197998361837,0.00992701821961
0.00197996290044,0.00992695115274
0.00197994226437,0.00992688278202
0.00197992205176,0.00992682423384
0.00197990196029,0.00992677352624
0.00197988158798,0.0099267033831
0.00197986215135,0.0099266464531
0.00197984242914,0.00992658420873
0.00197982321988,0.00992651844572
0.0019798036501,0.00992646226368
0.00197978477809,0.00992641146295
0.0019797658777,0.00992634791764
0.00197974749972,0.00992629096145
0.00197972849419,0.00992623443017
0.00197971016605,0.00992618222372
0.00197969226501,0.00992612438858
0.00197967420863,0.00992607050575
0.00197965617335,0.00992601684702
0.00197963880601,0.00992596499564
0.0019796211589,0.00992590666574
0.00197960408004,0.00992585439235
0.00197958679528,0.00992580409802
0.00197956982011,0.00992575726996
0.00197955298354,0.00992570166127
0.00197953607349,0.0099256481888
0.00197952007074,0.00992559740844
0.00197950387264,0.00992555502744
0.00197948759414,0.00992550294031
0.00197947140441,0.00992545228801
0.00197945534819,0.00992540036677
0.00197944003085,0.0099253533961
0.0019794243166,0.0099253013148
0.00197940896724,0.00992526044138
0.00197939384816,0.00992521101434
0.00197937864941,0.0099251697131
0.00197936370059,0.00992512560915
0.00197934905773,0.00992508255295
0.00197933391901,0.00992503696471
0.00197931983275,0.00992499688873
0.00197930528921,0.00992494978418
0.00197929122733,0.00992490837234
0.00197927706649,0.00992486746691
0.00197926310539,0.00992482352885
0.00197924912936,0.00992478237895
0.00197923560554,0.00992473912193
0.00197922199768,0.00992469682533
0.00197920870523,0.00992465740419
0.00197919530547,0.00992462203139
0.00197918224512,0.00992458292749
0.00197916940415,0.00992454363441
0.00197915623467,0.00992450515041
0.00197914361779,0.00992446655291
0.00197913095435,0.00992442375573
0.00197911839241,0.00992439278343
0.00197910594543,0.00992435516964
0.00197909377057,0.00992431889463
0.0019790814662,0.0099242831755
0.00197906932553,0.00992424952274
0.00197905776658,0.00992421550036
0.00197904568267,0.00992417799425
0.00197903395019,0.00992413664644
0.00197902220643,0.00992410643667
0.0019790108825,0.00992407341837
0.00197899954146,0.0099240394542
0.00197898829101,0.00992400870309
0.00197897687613,0.00992397550726
0.0019789661972,0.00992394042842
0.00197895513411,0.00992390941246
0.00197894436569,0.00992387747101
0.0019789335227,0.00992384294514
0.00197892306787,0.00992381309916
0.00197891252428,0.0099237827817
0.00197890217823,0.00992375047645
0.00197889156589,0.00992371669563
0.00197888140283,0.00992369093874
0.0019788715068,0.00992366007995
0.001978861518,0.00992362930265
0.00197885132839,0.00992359791126
0.00197884158042,0.00992357219511
0.00197883201981,0.00992354293703
0.00197882214416,0.00992351545719
0.00197881288841,0.00992348590225
0.00197880327687,0.00992345685081
0.00197879386687,0.00992343206017
0.00197878475628,0.00992340029916
0.00197877536557,0.0099233753921
0.00197876633283,0.00992334977491
0.00197875739032,0.00992332253954
0.00197874835794,0.00992329733563
0.00197873960133,0.00992326882842
0.00197873085672,0.00992324714025
0.00197872237331,0.009923223019
0.00197871360215,0.00992319460202
0.00197870520351,0.00992316747725
0.00197869667427,0.00992314498581
0.00197868853647,0.00992311927839
0.00197868026844,0.00992309864378
0.00197867223869,0.00992307307897
0.00197866404633,0.00992304821266
0.00197865596674,0.00992302580562
0.00197864806614,0.00992300212965
0.0019786403398,0.00992297715275
0.00197863238973,0.00992295527831
0.00197862479363,0.00992293371237
0.00197861723245,0.00992291051953
0.00197860946428,0.00992288962298
0.0019786019293,0.00992286575784
0.00197859473847,0.00992284609529
0.0019785874927,0.00992282455263
0.00197858001957,0.00992280156643
0.0019785730663,0.00992278400809
0.001978565842,0.00992276003817
0.00197855867336,0.00992274079181
0.00197855185288,0.00992272207513
0.00197854488069,0.00992269907729
0.00197853811696,0.0099226790393
0.00197853126265,0.00992265920795
0.00197852444689,0.00992264410306
0.00197851804623,0.00992262197833
0.00197851130324,0.00992260279309
0.00197850474906,0.00992258331971
0.00197849840843,0.00992256520549
0.00197849197102,0.00992254398298
0.00197848549687,0.00992252766155
0.00197847940472,0.00992250641284
0.00197847311101,0.00992248883995
0.00197846691881,0.00992246858659
0.0019784608161,0.00992244991357
0.0019784548047,0.00992243279179
0.00197844883623,0.00992241447384
0.00197844285758,0.00992239435436
0.00197843714595,0.00992238025647
0.00197843134411,0.00992236169695
0.00197842558446,0.00992234355363
0.00197841989066,0.00992232811695
0.00197841404042,0.00992231293058
0.00197840874971,0.00992229477561
0.00197840301407,0.00992227889074
0.00197839752764,0.00992226128583
0.00197839227403,0.00992224464135
0.00197838683926,0.00992223151843
0.00197838152744,0.00992221360502
0.00197837620253,0.0099221985176
0.0019783710075,0.00992218122701
0.00197836582847,0.00992216781306
0.00197836071457,0.00992215122096
0.00197835567524,0.00992213431746
0.00197835064137,0.00992211893899
0.00197834580722,0.00992210702389
0.0019783408552,0.00992208973912
0.00197833582752,0.00992207606614
0.00197833114471,0.00992206134542
0.00197832634949,0.0099220480799
0.00197832177109,0.00992203163041
0.00197831693076,0.00992201823101
0.00197831229852,0.00992200558831
0.00197830783873,0.00992199068714
0.00197830308389,0.0099219734635
0.00197829876233,0.00992196407169
0.00197829424578,0.00992194824503
0.00197828985074,0.00992193534912
0.00197828555465,0.00992192294798
0.00197828120145,0.00992190990946
0.00197827691118,0.00992189628596
0.0019782726351,0.00992188438249
0.00197826845651,0.0099218719115
0.00197826445074,0.00992185849173
0.00197826007025,0.009921844973
0.0019782561576,0.00992183196649
0.00197825203722,0.00992182249029
0.00197824814677,0.00992180871253
0.00197824411625,0.00992179792956
0.00197824014867,0.00992178715824
0.0019782362735,0.00992177367734
0.00197823244598,0.00992176069994
0.00197822866212,0.00992175170104
0.00197822484042,0.0099217378156
0.00197822116243,0.00992172703554
0.00197821736729,0.00992171706166
0.00197821379807,0.00992170695099
0.00197821014772,0.00992169448291
0.00197820656977,0.00992168429948
0.00197820300164,0.0099216749426
0.00197819945315,0.009921663758
0.00197819602799,0.00992165224452
0.00197819256246,0.00992164236959
0.00197818921042,0.00992163125484
0.00197818572196,0.00992162134207
0.0019781824376,0.00992160986934
0.00197817913577,0.00992159940361
0.00197817580593,0.00992159011075
0.0019781725503,0.00992158168228
0.00197816945474,0.0099215721013
0.00197816614491,0.00992156223219
0.00197816307918,0.00992155327403
0.00197815992797,0.00992154599808
0.0019781568386,0.00992153513653
0.00197815375432,0.00992152668478
0.00197815075226,0.00992151743267
0.00197814775966,0.00992150914681
0.00197814477942,0.00992149959784
0.00197814187559,0.00992149040394
0.00197813897503,0.00992148177756
0.00197813605664,0.00992147377983
0.00197813324048,0.00992146493809
0.00197813041377,0.00992145401833
0.00197812756815,0.00992144618649
0.00197812486003,0.00992143896001
0.00197812208244,0.00992143038893
0.00197811946673,0.00992142294708
0.00197811670405,0.00992141503375
0.00197811403414,0.00992140829621
0.00197811148137,0.0099213992391
0.00197810883619,0.00992139053415
0.00197810629979,0.00992138331931
0.00197810374884,0.00992137659632
0.00197810120771,0.00992136923887
0.00197809865058,0.00992136172135
0.00197809627607,0.00992135399429
0.00197809380406,0.00992134851112
0.00197809131823,0.0099213413283
0.00197808890007,0.00992133335385
0.00197808657758,0.00992132808897
0.0019780841958,0.00992132102547
0.00197808194062,0.00992131442181
0.00197807949407,0.00992130645027
0.00197807731529,0.00992130136292
0.00197807496552,0.00992129340302
0.00197807283512,0.009921287006
0.00197807060285,0.00992128043144
0.00197806833348,0.00992127404606
0.0019780661918,0.00992126599886
0.0019780639901,0.00992125977355
0.001978061923,0.00992125316407
0.00197805975149,0.00992124718323
0.00197805770913,0.00992123958131
0.00197805562602,0.00992123272736
0.00197805361058,0.00992122710159
0.0019780515413,0.00992122030875
0.00197804955387,0.0099212154164
0.00197804753261,0.00992120974988
0.00197804561831,0.00992120495357
0.00197804362033,0.00992119812872
0.00197804178133,0.00992119278526
0.0019780397859,0.00992118685099
0.00197803795236,0.00992118100694
0.00197803603114,0.00992117495916
0.00197803417468,0.00992116788402
0.00197803234732,0.00992116245907
0.00197803055416,0.00992115633562
0.0019780287239,0.00992115049448
0.00197802699768,0.00992114431574
0.00197802517796,0.0099211388937
0.00197802346484,0.00992113415268
0.0019780217066,0.0099211287481
0.0019780200284,0.00992112483655
0.00197801836075,0.00992112006934
0.00197801664217,0.00992111521482
0.001978015032,0.00992110987136
0.00197801340692,0.00992110465304
0.00197801170543,0.00992110072693
0.00197801015347,0.00992109678918
0.00197800856331,0.00992109274084
0.00197800697097,0.00992108744977
0.00197800550995,0.00992108257196
0.00197800387141,0.00992107753991
0.00197800236019,0.00992107171041
0.0019780008628,0.009921066073
0.00197799935922,0.00992106126505
0.00197799785601,0.00992105823243
0.00197799639209,0.00992105359619
0.00197799497728,0.00992105042969
0.00197799353518,0.00992104617471
0.00197799215566,0.00992104127654
0.00197799073903,0.0099210363318
0.00197798936206,0.00992103118915
0.00197798801382,0.00992102806049
0.00197798659647,0.00992102363671
0.00197798528097,0.00992102045275
0.00197798394038,0.00992101689335
0.00197798263653,0.00992101282754
0.00197798126355,0.00992100959993
0.00197797999608,0.009921005246
0.00197797872133,0.00992100132862
0.00197797744149,0.00992099589785
0.001977976134,0.00992099277501
0.00197797495457,0.00992099004216
0.00197797369001,0.00992098547867
0.00197797248984,0.00992098160787
0.00197797127548,0.00992097771959
0.00197797008368,0.00992097388371
0.00197796888424,0.00992096894188
0.00197796769498,0.00992096483242
0.00197796651373,0.00992096123809
0.00197796537977,0.00992095852562
0.00197796421744,0.00992095467809
0.00197796311004,0.00992095255351
0.00197796200846,0.00992094928806
0.00197796093271,0.00992094779795
0.00197795984786,0.00992094541725
0.00197795874192,0.00992094240792
0.00197795764107,0.00992093887471
0.0019779566388,0.00992093544628
0.00197795558415,0.00992093155219
0.00197795452186,0.00992092775705
0.00197795347412,0.0099209241831
0.0019779525428,0.00992092087108
0.00197795152599,0.00992091817898
0.00197795052627,0.00992091495718
0.00197794956439,0.00992091200023
0.00197794857777,0.00992090935761
0.00197794761516,0.00992090669461
0.00197794668529,0.00992090492509
0.00197794572705,0.00992090283835
0.00197794480628,0.00992090122018
0.00197794385567,0.00992089917418
0.00197794298256,0.00992089726788
0.0019779420214,0.00992089380743
0.00197794108353,0.00992089151405
0.00197794024425,0.00992089030333
0.00197793931802,0.00992088860658
0.00197793849948,0.00992088651983
0.00197793761508,0.00992088420317
0.00197793681546,0.00992088227358
0.00197793593616,0.00992088053608
0.00197793510888,0.00992087797495
0.00197793432417,0.00992087655177
0.00197793347761,0.0099208741769
0.00197793269326,0.00992087248596
0.00197793188199,0.00992087045743
0.0019779310489,0.00992086787883
0.00197793031948,0.00992086570768
0.00197792953841,0.00992086335609
0.00197792876097,0.00992085994803
0.00197792798353,0.00992085733742
0.00197792723193,0.00992085547769
0.0019779265127,0.00992085299222
0.00197792578001,0.00992085052712
0.0019779250506,0.00992084801837
0.00197792432518,0.00992084555328
0.00197792365288,0.00992084259924
0.00197792291292,0.00992083979072
0.00197792222862,0.00992083658348
0.00197792155122,0.0099208335334
0.0019779209124,0.00992083117308
0.00197792021754,0.00992082861194
0.00197791953178,0.00992082691228
0.00197791889732,0.00992082564917
0.00197791825085,0.00992082418234
0.0019779175931,0.00992082297453
0.00197791692844,0.00992082239536
0.00197791631763,0.00992082148732
0.00197791568571,0.00992082039302
0.00197791506034,0.00992081852164
0.00197791442806,0.00992081742443
0.0019779138318,0.00992081631848
0.00197791321953,0.00992081505829
0.00197791259161,0.00992081291624
0.00197791202736,0.00992081153381
0.00197791139872,0.00992081011937
0.00197791081846,0.00992080857395
0.0019779102553,0.00992080762226
0.00197790964412,0.00992080656579
0.00197790912243,0.00992080603028
0.00197790858001,0.00992080538126
0.00197790802958,0.00992080447613
0.00197790748498,0.00992080247961
0.00197790694438,0.00992080135911
0.0019779064005,0.00992080032302
0.00197790590973,0.00992080015712
0.00197790538732,0.00992080012511
0.00197790483217,0.00992080041906
0.00197790434177,0.00992079980497
0.00197790382153,0.00992079898133
0.00197790336351,0.00992079861753
0.00197790283419,0.00992079757561
0.00197790235288,0.00992079709831
0.00197790188249,0.00992079668504
0.00197790139537,0.00992079591961
0.00197790093589,0.00992079593998
0.00197790047096,0.0099207960593
0.00197790003513,0.00992079604766
0.00197789952545,0.00992079625721
0.00197789914091,0.00992079635907
0.00197789864033,0.00992079626303
0.00197789820486,0.00992079616408
0.00197789777449,0.00992079657444
0.00197789734339,0.00992079631542
0.00197789690392,0.00992079599237
0.00197789648482,0.0099207965628
0.00197789604536,0.00992079654825
0.00197789565791,0.00992079720891
0.00197789521735,0.00992079724965
0.00197789481099,0.0099207963096
0.00197789444355,0.00992079489515
0.00197789401755,0.0099207936466
0.00197789359081,0.00992079333519
0.00197789322665,0.00992079240677
0.00197789286249,0.00992079175485
0.00197789247686,0.00992079133284
0.00197789209597,0.00992079099815
0.00197789170015,0.00992079052667
0.00197789135491,0.00992079006683
0.00197789101439,0.00992079006683
0.0019778906375,0.00992078999407
0.00197789027807,0.00992079015705
0.00197788992336,0.00992079066054
0.0019778895894,0.00992079122516
0.00197788924124,0.0099207919382
0.00197788884907,0.00992079215066
0.00197788853548,0.00992079236021
0.00197788816913,0.00992079290445
0.00197788784681,0.00992079288699
0.00197788751248,0.00992079332937
0.00197788717014,0.00992079369316
0.00197788681944,0.00992079465941
0.00197788652731,0.00992079510179
0.00197788622936,0.00992079559073
0.00197788591577,0.00992079556454
0.00197788560836,0.00992079622811
0.00197788529367,0.00992079688876
0.00197788498626,0.00992079805583
0.00197788469886,0.0099207990861
0.00197788437617,0.00992079919088
0.00197788408586,0.00992079925782
0.00197788380356,0.00992079908319
0.00197788345249,0.00992079838179
0.00197788317782,0.00992079803837
0.00197788289697,0.0099207982159
0.00197788267033,0.00992079843127
0.00197788235164,0.00992079862044
0.00197788208898,0.00992079879798
0.00197788179757,0.00992079934804
0.00197788151418,0.00992080012511
0.00197788127407,0.00992080058495
0.00197788100704,0.00992080116994
0.0019778807371,0.00992080165888
0.00197788047844,0.00992080197611
0.00197788022488,0.00992080275901
0.00197787994803,0.00992080316064
0.00197787972065,0.00992080333526
0.00197787944126,0.0099208032334
0.00197787918696,0.00992080321012
0.00197787895922,0.00992080366414
0.00197787870893,0.00992080386204
0.00197787844809,0.00992080441501
0.00197787820907,0.00992080547148
0.00197787795696,0.00992080643191
0.00197787773395,0.00992080733704
0.00197787750585,0.00992080827127
0.00197787728139,0.00992080878932
0.00197787702018,0.00992080918804
0.00197787679317,0.00992080918222
0.00197787658253,0.00992080975848
0.00197787636971,0.00992081044242
0.00197787613397,0.00992081107106
0.00197787592988,0.00992081217119
0.00197787566758,0.00992081311415
0.00197787548459,0.00992081408622
0.0019778752514,0.00992081501754
0.00197787501966,0.00992081580625
0.00197787480574,0.00992081672302
0.001977874574,0.00992081707227
0.00197787435973,0.00992081768345
0.00197787412653,0.00992081808508
0.001977873949,0.00992081858567
0.00197787373691,0.00992081888544
0.00197787353427,0.00992081957229
0.00197787334328,0.00992082006996
0.00197787313919,0.00992082096636
0.00197787292309,0.00992082173761
0.00197787270263,0.00992082312878
0.00197787251745,0.00992082478479
0.00197787230973,0.00992082637677
0.00197787212091,0.00992082760495
0.00197787189572,0.00992082853336
0.00197787170328,0.00992082926678
0.00197787152392,0.00992083001183
0.00197787132311,0.00992083105666
0.00197787111938,0.00992083203164
0.00197787097786,0.00992083357123
0.00197787079633,0.00992083435121
0.00197787056277,0.00992083478777
0.00197787040815,0.00992083501187
0.00197787023244,0.00992083502351
0.00197787006873,0.00992083479359
0.00197786990029,0.00992083477031
0.00197786970712,0.00992083459278
0.00197786954559,0.00992083478486
0.00197786941426,0.00992083512247
0.00197786927492,0.00992083557649
0.00197786911849,0.00992083594319
0.00197786892822,0.00992083609162
0.00197786879289,0.00992083635065
0.00197786865137,0.00992083654855
0.00197786849785,0.00992083696183
0.00197786837016,0.00992083747697
0.00197786819663,0.00992083767196
0.00197786806057,0.00992083825404
0.00197786792596,0.0099208387197
0.00197786778517,0.00992083967431
0.00197786766876,0.00992084073951
0.00197786757853,0.00992084137688
0.00197786743156,0.00992084172321
0.00197786731223,0.00992084212194
0.00197786718709,0.00992084230529
0.00197786704157,0.00992084292811
0.00197786689205,0.00992084334139
0.00197786676399,0.00992084435129
0.00197786665121,0.00992084575118
0.00197786652789,0.00992084700847
0.00197786641984,0.00992084793397
0.00197786625395,0.00992084908939
0.00197786616227,0.0099208502972
0.00197786605531,0.00992085142352
0.00197786593562,0.00992085250327
0.00197786580538,0.0099208536325
0.00197786571443,0.00992085485486
0.00197786562676,0.00992085653706
0.00197786552562,0.00992085811158
0.00197786538956,0.00992085944163
0.00197786532444,0.00992086035549
0.00197786517747,0.00992086145561
0.00197786507742,0.00992086283513
0.00197786499994,0.00992086431361
0.00197786492208,0.0099208656
0.00197786479876,0.00992086672341
0.00197786472745,0.00992086784681
0.00197786463905,0.00992086880142
0.00197786453609,0.00992086980259
0.00197786442004,0.00992087089107
0.001977864332,0.0099208722153
0.00197786424105,0.00992087335908
0.00197786415338,0.00992087448831
0.00197786406243,0.00992087541672
0.00197786397621,0.00992087652558
0.00197786391,0.00992087773047
0.00197786378376,0.00992087909544
0.00197786370554,0.00992088047205
0.00197786363642,0.00992088174389
0.00197786358622,0.00992088310595
0.00197786348581,0.00992088416242
0.00197786344397,0.00992088568746
0.00197786333374,0.00992088684579
0.00197786325189,0.00992088812054
0.00197786321478,0.00992088954081
0.00197786313074,0.00992089086503
0.00197786302961,0.00992089188367
0.00197786296012,0.00992089314095
0.00197786289064,0.00992089444189
0.00197786281606,0.00992089589417
0.00197786272038,0.00992089731735
0.0019778626629,0.00992089898791
0.00197786257486,0.00992090031796
0.00197786252174,0.00992090168584
0.00197786244098,0.00992090298096
0.00197786237768,0.00992090443906
0.0019778622951,0.00992090585059
0.00197786224089,0.00992090709042
0.00197786220488,0.0099209084321
0.00197786215358,0.00992090968066
0.00197786209719,0.00992091100488
0.00197786202334,0.00992091239314
0.00197786196477,0.00992091391236
0.00197786191966,0.00992091525695
0.00197786184835,0.00992091679946
0.00197786179706,0.00992091816734
0.00197786174358,0.00992091948283
0.00197786171993,0.00992092060042
0.00197786166573,0.00992092184315
0.0019778615726,0.00992092291999
0.00197786152021,0.0099209237902
0.00197786149183,0.00992092462548
0.00197786142271,0.00992092539673
0.0019778613645,0.00992092616216
0.00197786132849,0.00992092719243
0.00197786128592,0.00992092790257
0.0019778612459,0.00992092890665
0.00197786116842,0.00992092974775
0.00197786109711,0.00992093037348
0.00197786103527,0.00992093120876
0.00197786100471,0.00992093186651
0.00197786094614,0.00992093270179
0.00197786093522,0.0099209334614
0.00197786089157,0.00992093406385
0.00197786082681,0.00992093430541
0.00197786078315,0.00992093468085
0.00197786075187,0.00992093488749
0.00197786069839,0.00992093504465
0.00197786063509,0.00992093520763
0.00197786057106,0.00992093524546
0.00197786052267,0.00992093525128
0.00197786048775,0.00992093516397
0.00197786042118,0.00992093498644
0.00197786039862,0.00992093481764
0.0019778603797,0.00992093457317
0.00197786030039,0.00992093418899
0.00197786028402,0.00992093380773
0.00197786024219,0.00992093351961
0.00197786019271,0.00992093316454
0.00197786014323,0.00992093267851
0.00197786011777,0.00992093217792
0.00197786009776,0.00992093160166
0.00197786004646,0.00992093118839
0.00197786000172,0.00992093080713
0.00197785997407,0.00992093032983
0.00197785991986,0.00992093000095
0.00197785990276,0.00992092981469
0.00197785985511,0.00992092962551
0.00197785981691,0.00992092939268
0.0019778597798,0.0099209290318
0.0019778597456,0.00992092871165
0.00197785972014,0.00992092850793
0.00197785970922,0.00992092803353
0.00197785967648,0.00992092787637
0.00197785965829,0.00992092769593
0.00197785962409,0.00992092750384
0.0019778595768,0.00992092731467
0.00197785956007,0.00992092725064
0.00197785951932,0.00992092712258
0.00197785948549,0.00992092705565
0.00197785944583,0.00992092684028
0.00197785943965,0.00992092672095
0.00197785938108,0.00992092666565
0.00197785938253,0.00992092664819
0.00197785937344,0.00992092684901
0.00197785933451,0.00992092706438
0.00197785933779,0.00992092734959
0.0019778593065,0.00992092749511
0.00197785930031,0.0099209277425
0.00197785928394,0.00992092795204
0.00197785927412,0.00992092810629
0.00197785925156,0.00992092841188
0.00197785924174,0.00992092871747
0.00197785923119,0.00992092904926
0.00197785919954,0.00992092918605
0.00197785920827,0.00992092951783
0.00197785919445,0.0099209297885
0.00197785916498,0.00992092991946
0.00197785914024,0.00992093001551
0.0019778591115,0.00992093015811
0.00197785909986,0.00992093025707
0.0019778590995,0.00992093051027
0.00197785907549,0.00992093062086
0.00197785904857,0.00992093088862
0.00197785903438,0.00992093103414
0.00197785903874,0.00992093128152
0.00197785896962,0.00992093135428
0.00197785897035,0.00992093159002
0.00197785896235,0.00992093171808
0.00197785894707,0.00992093199457
0.00197785893652,0.00992093212553
0.00197785893251,0.00992093234963
0.00197785893251,0.00992093257664
0.00197785890305,0.00992093258828
0.0019778588925,0.00992093274253
0.00197785887576,0.00992093290843
0.00197785887067,0.00992093290261
0.00197785884629,0.00992093302484
0.00197785883684,0.00992093314708
0.00197785883574,0.00992093328387
0.00197785880337,0.00992093343229
0.00197785880337,0.00992093352252
0.00197785879573,0.0099209336011
0.0019778587699,0.00992093358946
0.00197785876007,0.00992093376699
0.0019778587568,0.00992093382811
0.00197785875171,0.00992093401146
0.00197785874007,0.00992093406094
0.00197785870951,0.0099209341337
0.00197785871824,0.00992093428795
0.00197785872042,0.00992093434033
0.00197785869495,0.00992093428504
0.00197785867895,0.00992093431123
0.00197785864184,0.00992093428795
0.00197785862802,0.00992093424138
0.00197785863093,0.00992093436944
0.00197785862256,0.00992093427922
0.00197785863857,0.00992093432869
0.00197785861674,0.00992093432578
0.00197785861928,0.00992093434616
0.00197785858836,0.00992093431996
0.0019778585629,0.00992093429086
0.00197785855562,0.00992093422392
0.00197785853525,0.00992093422974
0.0019778585327,0.00992093421228
0.00197785850978,0.00992093436944
0.0019778585458,0.00992093452951
0.00197785850942,0.00992093451787
0.00197785849996,0.0099209344422
0.00197785848686,0.00992093450914
0.00197785847304,0.00992093463428
0.00197785847995,0.00992093466339
0.00197785848977,0.00992093460809
0.00197785847922,0.00992093474488
0.00197785844721,0.00992093470995
0.00197785844612,0.00992093476816
0.0019778584523,0.00992093480891
0.00197785843302,0.00992093467794
0.00197785842902,0.00992093492241
0.0019778584232,0.00992093490495
0.00197785843375,0.00992093489913
0.00197785840683,0.00992093504465
0.00197785840828,0.00992093501263
0.00197785839664,0.00992093502136
0.00197785840282,0.00992093509703
0.0019778584101,0.00992093513778
0.00197785838864,0.00992093520472
0.00197785838245,0.00992093526875
0.00197785838282,0.00992093543755
0.00197785835226,0.00992093535897
0.00197785836099,0.0099209355627
0.00197785833989,0.00992093557143
0.00197785834098,0.00992093568202
0.00197785835153,0.00992093578097
0.00197785836353,0.00992093599052
0.00197785836353,0.00992093610694
0.00197785835444,0.00992093624373
0.00197785836572,0.00992093642999
0.00197785833261,0.00992093651439
0.00197785833479,0.00992093659588
0.00197785833079,0.00992093667446
0.00197785831879,0.00992093670357
0.00197785833952,0.00992093681707
0.00197785831915,0.00992093680834
0.00197785830496,0.00992093694513
0.00197785830933,0.0099209370208
0.00197785830169,0.00992093696259
0.00197785830242,0.00992093696841
0.00197785830678,0.00992093703535
0.00197785829405,0.00992093706154
0.00197785829405,0.00992093702662
0.00197785828859,0.00992093708774
0.00197785828313,0.00992093709065
0.0019778582955,0.00992093709938
0.00197785827768,0.00992093711393
0.00197785828532,0.00992093718378
0.0019778582704,0.0099209371343
0.00197785827986,0.0099209371343
0.00197785826385,0.00992093724199
0.00197785826822,0.00992093711684
0.00197785826313,0.00992093718669
0.00197785825912,0.00992093718087
0.00197785825549,0.00992093720706
0.00197785825367,0.00992093723617
0.00197785826276,0.00992093720997
0.00197785825221,0.00992093727109
0.00197785826749,0.00992093729146
0.00197785825148,0.00992093736422
0.00197785826495,0.00992093739042
0.00197785823548,0.00992093735549
0.0019778582584,0.00992093747773
0.00197785824203,0.0099209374137
0.0019778582744,0.00992093751847
0.00197785824785,0.00992093748937
0.0019778582413,0.00992093749228
0.0019778582413,0.0099209375272
0.00197785823075,0.00992093753594
0.00197785822384,0.00992093751847
0.00197785822493,0.00992093758541
0.0019778582151,0.00992093749228
0.00197785821547,0.00992093750101
0.00197785821874,0.00992093747482
0.00197785819728,0.00992093751847
0.00197785819873,0.00992093747191
0.00197785819728,0.00992093750101
0.00197785818091,0.009920937469
0.00197785821983,0.0099209375272
0.00197785820419,0.00992093743407
0.00197785820419,0.00992093743698
0.00197785819073,0.00992093740206
0.00197785819728,0.00992093736422
0.00197785819109,0.00992093750683
0.00197785821438,0.00992093753594
0.00197785819255,0.00992093745444
0.00197785820019,0.00992093750974
0.00197785819873,0.00992093753594
0.00197785818527,0.0099209375825
0.00197785820637,0.00992093757086
0.00197785818746,0.00992093763198
0.00197785819364,0.0099209375825
0.00197785819437,0.00992093759705
0.00197785819946,0.00992093768145
0.00197785819582,0.00992093773966
0.00197785817363,0.00992093762325
0.00197785817109,0.00992093766981
0.0019778581609,0.00992093773093
0.00197785817654,0.00992093765817
0.00197785816999,0.0099209376378
0.001977858178,0.0099209376669
0.00197785817254,0.00992093759705
0.00197785817363,0.00992093766399
0.00197785817145,0.00992093755922
0.00197785817509,0.00992093761452
0.00197785816163,0.00992093761161
0.00197785818127,0.00992093761743
0.00197785818855,0.00992093757959
0.0019778581991,0.00992093755631
0.00197785818309,0.0099209374981
0.00197785819728,0.00992093756795
0.00197785820092,0.00992093753302
0.00197785817436,0.00992093739915
0.00197785818673,0.00992093736422
0.00197785817982,0.00992093729728
0.00197785816417,0.00992093729437
0.00197785816381,0.00992093716923
0.00197785817072,0.00992093722161
0.00197785818636,0.00992093720415
0.00197785816854,0.0099209371052
0.00197785815326,0.00992093694804
0.00197785815071,0.00992093704699
0.00197785817545,0.00992093699169
0.00197785817472,0.0099209370208
0.00197785815835,0.00992093701498
0.00197785815726,0.00992093702371
0.00197785816235,0.00992093696841
0.00197785816817,0.0099209369364
0.00197785814998,0.00992093695386
0.00197785816308,0.00992093706445
0.00197785815253,0.00992093691602
0.00197785813762,0.0099209369102
0.00197785815071,0.00992093697714
0.00197785814926,0.00992093697714
0.00197785815944,0.00992093700333
0.00197785815835,0.00992093695386
0.00197785814016,0.00992093701498
0.00197785815726,0.0099209370499
0.00197785815108,0.00992093699751
0.00197785814235,0.0099209370499
0.00197785815399,0.00992093698878
0.00197785812852,0.00992093699169
0.00197785813762,0.00992093702662
0.00197785816345,0.00992093711975
0.00197785812852,0.00992093701498
0.00197785815653,0.00992093711975
0.00197785814853,0.0099209370208
0.00197785814962,0.00992093705863
0.00197785815144,0.00992093699751
0.00197785815653,0.00992093713721
0.00197785816126,0.00992093705863
0.00197785815326,0.00992093701498
0.00197785816745,0.00992093702953
0.00197785816272,0.00992093707318
0.00197785814598,0.0099209370208
0.00197785814489,0.00992093694513
0.00197785815071,0.0099209369946
0.00197785812743,0.00992093695095
0.00197785815362,0.00992093700625
0.00197785815835,0.00992093699751
0.00197785816999,0.00992093701207
0.00197785814998,0.00992093704699
0.00197785815581,0.00992093695095
0.00197785815581,0.0099209369946
0.00197785814889,0.0099209371052
0.00197785813834,0.00992093706445
0.00197785814926,0.00992093698296
0.00197785815799,0.00992093709356
0.00197785813725,0.00992093699751
0.00197785815071,0.00992093701789
0.00197785815217,0.00992093708774
0.00197785814416,0.00992093704408
0.00197785814926,0.0099209370208
0.00197785814453,0.00992093702953
0.00197785814562,0.00992093702371
0.00197785813361,0.00992093702662
0.0019778581318,0.00992093702371
0.00197785814962,0.00992093701789
0.00197785815217,0.00992093704117
0.0019778581569,0.00992093711975
0.00197785815581,0.00992093705572
0.00197785815035,0.00992093705281
0.00197785813289,0.0099209370499
0.0019778581478,0.00992093702662
0.0019778581398,0.00992093699751
0.00197785814271,0.00992093701207
0.00197785814671,0.00992093698296
0.00197785814235,0.00992093698005
0.00197785813871,0.00992093702662
0.00197785814635,0.00992093700042
0.00197785813398,0.00992093698296
0.00197785815144,0.0099209369946
0.00197785814235,0.00992093702371
0.00197785812998,0.00992093696841
0.00197785813871,0.00992093700333
0.00197785813616,0.00992093696259
0.00197785814125,0.00992093693058
0.00197785813543,0.00992093692767
0.00197785813361,0.00992093691311
0.00197785814889,0.0099209369655
0.00197785814162,0.00992093691311
0.00197785813689,0.0099209369102
0.00197785813034,0.00992093686946
0.00197785813907,0.00992093688401
0.00197785814744,0.00992093691311
0.00197785813798,0.0099209368811
0.00197785813107,0.00992093689856
0.00197785812306,0.00992093682871
0.00197785811324,0.00992093679088
0.00197785813325,0.00992093681416
0.00197785813289,0.00992093687819
0.00197785812197,0.00992093680252
0.00197785812597,0.0099209367967
0.00197785811833,0.00992093679961
0.0019778581318,0.0099209367705
0.0019778581227,0.00992093675886
0.00197785812015,0.00992093676759
0.00197785812416,0.00992093677341
0.0019778581267,0.00992093678797
0.00197785812088,0.00992093669483
0.00197785812088,0.00992093677633
0.00197785813398,0.00992093681416
0.00197785811179,0.00992093675304
0.0019778581227,0.00992093672394
0.0019778581147,0.00992093673849
0.00197785813652,0.00992093667155
0.00197785812561,0.00992093672103
0.00197785812306,0.00992093667737
0.00197785811615,0.00992093671521
0.00197785814125,0.00992093672103
0.00197785812888,0.00992093670648
0.00197785813471,0.00992093678797
0.00197785812816,0.00992093674431
0.00197785813434,0.00992093669483
0.00197785812416,0.00992093677341
0.0019778581147,0.00992093673849
0.00197785812088,0.00992093667737
0.00197785814125,0.00992093668319
0.00197785814089,0.00992093672685
0.00197785812197,0.00992093670066
0.00197785813434,0.00992093672394
0.00197785813398,0.00992093670357
0.00197785813325,0.00992093666573
0.00197785814016,0.00992093677341
0.00197785813725,0.00992093671521
0.00197785812743,0.00992093670939
0.00197785810997,0.0099209366861
0.0019778581147,0.00992093672103
0.00197785813325,0.00992093671521
0.00197785814016,0.00992093669774
0.00197785815217,0.00992093675595
0.00197785812597,0.00992093676759
0.00197785813216,0.00992093678797
0.00197785814016,0.00992093667737
0.00197785814125,0.00992093674722
0.00197785813907,0.00992093670648
0.00197785812052,0.00992093677341
0.00197785813361,0.00992093676177
0.0019778581318,0.00992093672394
0.00197785813652,0.00992093677341
0.00197785812743,0.00992093673558
0.00197785812197,0.00992093676759
0.0019778581307,0.00992093674722
0.0019778581227,0.00992093666573
0.00197785812597,0.00992093664827
0.00197785812525,0.00992093662499
0.00197785813434,0.00992093669774
0.00197785813361,0.00992093666282
0.00197785813107,0.00992093665409
0.00197785812597,0.00992093667737
0.00197785814453,0.00992093673849
0.00197785813398,0.00992093675595
0.00197785813471,0.0099209367705
0.00197785814089,0.00992093668901
0.00197785812852,0.00992093675886
0.00197785813507,0.0099209367123
0.00197785812124,0.0099209367123
0.00197785812888,0.00992093671812
0.00197785812234,0.00992093672394
0.00197785812634,0.00992093670648
0.00197785812015,0.00992093668319
0.00197785814526,0.00992093671812
0.00197785812306,0.00992093668028
0.00197785812416,0.0099209366279
0.00197785811142,0.00992093659297
0.00197785811361,0.00992093664536
0.0019778581307,0.00992093665118
0.00197785811943,0.00992093665118
0.00197785812998,0.00992093675595
0.00197785813762,0.0099209367123
0.00197785813325,0.00992093667737
0.00197785813943,0.0099209366861
0.0019778581358,0.00992093669774
0.00197785813507,0.00992093667446
0.00197785813289,0.00992093667737
0.00197785813943,0.00992093665991
0.00197785814089,0.00992093672394
0.00197785813471,0.00992093668901
0.00197785812888,0.00992093667737
0.00197785811033,0.00992093668319
0.00197785813543,0.00992093669774
0.00197785814453,0.009920936657
0.00197785814271,0.00992093668319
0.0019778581478,0.00992093672685
0.00197785814344,0.00992093659297
0.00197785814125,0.00992093670357
0.00197785813434,0.00992093661334
0.00197785812998,0.00992093659879
0.00197785814271,0.00992093661043
0.00197785812888,0.00992093663372
0.0019778581358,0.00992093665118
0.00197785814817,0.00992093659879
0.00197785812925,0.00992093666573
0.00197785813361,0.00992093661334
0.00197785814344,0.00992093659588
0.0019778581318,0.00992093656387
0.00197785814489,0.0099209366017
0.00197785813652,0.00992093658133
0.00197785813507,0.00992093668028
0.00197785813289,0.00992093661625
0.00197785812925,0.00992093659297
0.00197785813798,0.00992093663663
0.0019778581318,0.00992093664536
0.00197785812779,0.0099209366017
0.00197785813143,0.0099209366279
0.00197785813543,0.00992093667155
0.00197785813616,0.00992093658424
0.0019778581227,0.00992093659588
0.00197785811906,0.00992093659297
0.00197785812379,0.00992093658133
0.00197785811579,0.00992093660461
0.00197785813434,0.00992093656969
0.00197785813361,0.00992093661043
0.00197785814089,0.00992093663372
0.00197785813725,0.0099209365726
0.00197785812379,0.00992093665409
0.00197785813216,0.00992093658424
0.00197785812852,0.00992093656387
0.00197785813652,0.00992093672685
0.00197785812561,0.00992093663663
0.00197785812088,0.00992093660752
0.00197785813507,0.00992093661334
0.0019778581307,0.00992093666282
0.00197785813398,0.00992093659297
0.00197785813434,0.00992093667155
0.00197785812488,0.00992093664245
0.00197785813252,0.00992093660752
0.00197785813871,0.00992093660461
0.00197785814817,0.00992093658424
0.00197785812707,0.00992093660752
0.00197785814053,0.00992093660752
0.00197785813325,0.00992093656969
0.00197785813616,0.00992093659006
0.00197785813325,0.0099209366279
0.0019778581438,0.00992093665409
0.00197785813834,0.00992093663372
0.00197785813834,0.00992093668028
0.00197785814198,0.00992093664827
0.00197785813434,0.0099209366279
0.00197785813507,0.00992093669483
0.00197785813252,0.00992093665118
0.00197785813762,0.00992093665991
0.00197785813689,0.00992093666282
0.00197785813543,0.00992093666282
0.00197785813907,0.00992093665409
0.00197785813616,0.00992093661625
0.00197785813507,0.00992093662499
0.00197785812343,0.00992093656096
0.00197785813762,0.00992093665991
0.00197785813252,0.0099209366017
0.00197785813798,0.00992093657842
0.00197785813616,0.0099209366279
0.0019778581398,0.00992093663081
0.00197785813143,0.00992093664536
0.00197785812452,0.0099209366279
0.00197785812816,0.00992093653476
0.0019778581267,0.00992093661916
0.00197785812561,0.00992093660752
0.00197785811542,0.00992093656096
0.0019778581227,0.00992093660752
0.00197785812452,0.00992093658715
0.00197785812088,0.00992093654058
0.00197785812597,0.00992093658715
0.00197785813434,0.00992093659588
0.00197785812961,0.00992093660752
0.00197785813361,0.00992093659588
0.00197785812779,0.00992093663954
0.00197785813616,0.00992093661625
0.00197785813325,0.00992093666573
0.00197785813107,0.00992093656969
0.00197785813143,0.00992093664245
0.00197785813252,0.00992093663954
0.00197785813652,0.00992093658133
0.00197785814235,0.00992093661916
0.00197785813107,0.00992093665991
0.00197785813471,0.00992093661334
0.00197785811652,0.00992093661625
0.00197785812161,0.0099209366279
0.00197785812597,0.00992093660752
0.00197785812852,0.0099209366017
0.00197785813143,0.00992093659297
0.00197785813871,0.00992093661625
0.00197785812925,0.00992093663954
0.00197785812998,0.00992093665409
0.00197785813871,0.00992093663081
0.00197785813325,0.00992093662499
0.00197785812452,0.00992093661334
0.00197785812234,0.00992093660461
0.00197785812088,0.00992093663081
0.00197785811506,0.00992093662499
0.00197785811833,0.00992093663372
0.00197785813543,0.009920936657
0.00197785814271,0.00992093669192
0.00197785813289,0.00992093665991
0.00197785813652,0.0099209366861
0.00197785813434,0.00992093667737
0.0019778581318,0.00992093675304
0.00197785812779,0.00992093673267
0.00197785812161,0.00992093670357
0.00197785813361,0.00992093665409
0.00197785813289,0.00992093663954
0.00197785813907,0.00992093671812
0.00197785813216,0.00992093669774
0.00197785814271,0.00992093667737
0.00197785814344,0.00992093673558
0.00197785812998,0.00992093672103
0.00197785813725,0.00992093664536
0.00197785813689,0.00992093667446
0.0019778581307,0.00992093666282
0.00197785814416,0.00992093666864
0.00197785814635,0.00992093671812
0.00197785815326,0.00992093672976
0.00197785813907,0.00992093671521
0.00197785813762,0.00992093671521
0.00197785813143,0.00992093666573
0.00197785813507,0.00992093671812
0.00197785813543,0.00992093676759
0.00197785813325,0.00992093672976
0.00197785812816,0.0099209367414
0.00197785813361,0.00992093675886
0.00197785814526,0.00992093672394
0.00197785814016,0.00992093669192
0.00197785812998,0.00992093675013
0.00197785814416,0.00992093674722
0.00197785814053,0.00992093668901
0.0019778581398,0.00992093673558
0.00197785814526,0.0099209367705
0.00197785813762,0.00992093672394
0.00197785814053,0.00992093672103
0.00197785813507,0.00992093670939
0.00197785814453,0.00992093667446
0.00197785812998,0.00992093669483
0.00197785813325,0.00992093675595
0.00197785813689,0.00992093671812
0.00197785813252,0.00992093673849
0.00197785812816,0.00992093670939
0.00197785813325,0.00992093673267
0.00197785814162,0.00992093668901
0.00197785812925,0.0099209367414
0.00197785813652,0.00992093674431
0.00197785813471,0.00992093665118
0.00197785813798,0.00992093672685
0.00197785813616,0.0099209366861
0.00197785813762,0.00992093667737
0.00197785812379,0.00992093667155
0.00197785812743,0.00992093670939
0.00197785812597,0.00992093670357
0.00197785813325,0.00992093668901
0.0019778581398,0.00992093668901
0.00197785812343,0.00992093671812
0.00197785812925,0.00992093667446
0.00197785812561,0.00992093666573
0.00197785812852,0.0099209366861
0.00197785812816,0.00992093665991
0.00197785812961,0.00992093665991
0.00197785813143,0.00992093669774
0.00197785812015,0.00992093668028
0.00197785813289,0.00992093663372
0.00197785812488,0.00992093669483
0.0019778581358,0.00992093669192
0.00197785812779,0.00992093668028
0.00197785813107,0.0099209367123
0.00197785812888,0.00992093667155
0.00197785813434,0.0099209366861
0.00197785813471,0.00992093668028
0.00197785813689,0.009920936657
0.00197785813507,0.00992093665118
0.00197785813725,0.00992093672976
0.0019778581227,0.00992093665409
0.00197785813762,0.00992093665118
0.00197785813798,0.00992093667737
0.00197785812998,0.00992093668319
0.00197785812816,0.00992093665991
0.00197785813289,0.00992093663081
0.00197785813034,0.00992093672394
0.00197785812488,0.00992093667737
0.00197785812925,0.0099209366861
0.00197785813725,0.00992093663081
0.00197785812488,0.00992093670648
0.00197785812197,0.00992093667446
0.00197785813034,0.00992093669483
0.00197785813834,0.00992093675886
0.00197785813652,0.00992093673849
0.00197785813107,0.00992093667155
0.00197785812525,0.00992093670066
0.00197785813216,0.0099209366861
0.00197785813107,0.00992093666864
0.00197785813434,0.00992093665991
0.00197785813289,0.00992093668319
0.00197785813798,0.00992093671521
0.00197785813834,0.00992093666864
0.00197785813143,0.00992093669192
0.0019778581267,0.00992093670357
0.00197785813325,0.00992093666282
0.00197785813834,0.00992093671812
0.00197785813907,0.00992093672103
0.00197785813398,0.00992093671812
0.00197785814707,0.00992093671812
0.00197785813762,0.00992093671812
0.00197785814089,0.00992093666282
0.0019778581358,0.00992093668319
0.00197785814562,0.00992093667155
0.00197785813398,0.00992093665118
0.00197785813543,0.00992093670357
0.00197785813616,0.00992093671521
0.00197785812888,0.00992093668901
0.00197785813471,0.00992093669192
0.00197785813798,0.00992093671812
0.00197785813289,0.00992093674431
0.00197785812779,0.00992093669483
0.00197785813361,0.00992093669483
0.00197785812525,0.00992093664827
0.00197785813471,0.00992093666864
0.00197785813434,0.00992093667155
0.00197785812961,0.00992093672103
0.00197785813434,0.00992093665991
0.00197785813834,0.0099209366861
0.00197785813507,0.00992093670357
0.00197785813689,0.00992093664536
0.0019778581358,0.00992093667155
0.00197785813507,0.00992093667737
