-1.697808504104614258e-01
6.660006195306777954e-02
-1.000854372978210449e-01
8.062412589788436890e-02
-8.770681172609329224e-02
4.871732741594314575e-02
-7.413141429424285889e-02
9.396671503782272339e-02
-1.383189409971237183e-01
-5.641365051269531250e-02
2.144734933972358704e-02
2.815399086102843285e-03
8.116060495376586914e-02
-5.506355687975883484e-02
1.392393708229064941e-01
1.867051720619201660e-01
1.014149710536003113e-01
7.324743270874023438e-02
-8.327572792768478394e-02
-1.684491895139217377e-02
-1.611971110105514526e-01
5.753162130713462830e-02
1.791877746582031250e-01
3.542217612266540527e-02
-1.905440241098403931e-01
5.274753551930189133e-03
3.396446630358695984e-02
-1.986548537388443947e-03
-6.071757525205612183e-02
-2.881102561950683594e-01
-2.169658392667770386e-01
-5.344699695706367493e-02
3.938160464167594910e-02
-1.537220925092697144e-01
8.623372763395309448e-02
2.073893696069717407e-01
2.154020965099334717e-01
1.794494688510894775e-01
-6.307455897331237793e-02
4.604049026966094971e-02
6.520281732082366943e-02
-8.380129933357238770e-02
-1.593596488237380981e-02
-5.484066531062126160e-02
-1.727151498198509216e-02
-2.893450669944286346e-02
-1.975407265126705170e-02
6.738760508596897125e-03
1.632474549114704132e-02
2.235240489244461060e-01
-4.482044838368892670e-03
-1.693141311407089233e-01
-1.351299732923507690e-01
-5.022031068801879883e-02
1.111024096608161926e-01
1.936210878193378448e-02
9.195597469806671143e-02
-8.721630275249481201e-02
1.409716904163360596e-01
1.555095613002777100e-01
2.483680397272109985e-01
-5.368436872959136963e-02
-1.163062825798988342e-01
6.154584139585494995e-02
-2.366118282079696655e-01
-2.709511853754520416e-02
-2.578281238675117493e-02
1.546597573906183243e-02
1.783747673034667969e-01
-1.848409324884414673e-01
6.746646016836166382e-03
-6.237180531024932861e-02
-1.528773084282875061e-02
2.935766801238059998e-02
3.271763920783996582e-01
-2.680162899196147919e-02
9.790979325771331787e-02
1.424774155020713806e-02
7.077925652265548706e-02
2.973021268844604492e-01
-5.409075692296028137e-02
-1.306019425392150879e-01
1.281890571117401123e-01
-2.235369980335235596e-01
3.380002826452255249e-02
-1.588869839906692505e-01
1.720175445079803467e-01
1.005794405937194824e-01
-1.757756993174552917e-02
4.187424853444099426e-02
1.003356799483299255e-01
7.916658371686935425e-02
5.146435648202896118e-02
-6.603632867336273193e-02
1.232000067830085754e-01
-2.421332290396094322e-03
-2.769702300429344177e-02
2.549934983253479004e-01
1.106184273958206177e-01
3.062506392598152161e-02
