2.936749458312988281e-01
-6.593531370162963867e-02
-1.099328622221946716e-01
6.715883314609527588e-02
-2.381053380668163300e-02
1.118786782026290894e-01
1.993350833654403687e-01
5.214491486549377441e-02
1.289449185132980347e-01
1.545024067163467407e-01
1.663963496685028076e-01
9.803992509841918945e-02
-4.056596755981445312e-02
1.486914753913879395e-01
2.910403311252593994e-01
-8.960580825805664062e-02
1.766713410615921021e-01
-1.418718509376049042e-02
-5.252804141491651535e-03
-5.759944394230842590e-02
1.705203205347061157e-01
1.866466850042343140e-01
-5.528614670038223267e-02
-1.527463551610708237e-02
6.352807581424713135e-02
-6.909803301095962524e-02
8.702479302883148193e-02
2.310180068016052246e-01
-7.506550848484039307e-02
-6.985539942979812622e-02
2.162347584962844849e-01
-1.064252033829689026e-01
-1.039412766695022583e-01
1.346813887357711792e-01
6.040334701538085938e-02
3.166823387145996094e-01
5.803973972797393799e-02
-5.965566262602806091e-03
3.329514339566230774e-02
1.869978904724121094e-01
1.899157091975212097e-02
2.134224772453308105e-01
-1.988990008831024170e-01
-3.000695444643497467e-02
1.992695182561874390e-01
9.858743101358413696e-02
1.044898033142089844e-01
1.505056321620941162e-01
-3.252659738063812256e-01
6.977626681327819824e-02
9.570708125829696655e-02
1.851914636790752411e-02
-6.657919287681579590e-02
2.556774616241455078e-01
1.641125977039337158e-01
4.286502674221992493e-02
-1.022193953394889832e-01
1.311887986958026886e-02
3.138487040996551514e-02
9.216725081205368042e-02
5.112602561712265015e-02
1.478765159845352173e-01
2.491398602724075317e-01
4.387625679373741150e-02
-2.100344896316528320e-01
-1.291480213403701782e-01
3.223095089197158813e-03
1.709049642086029053e-01
1.220707967877388000e-01
-3.847772628068923950e-02
6.042139232158660889e-02
-1.351281106472015381e-01
2.072014473378658295e-02
1.619674861431121826e-01
-1.981183141469955444e-02
1.283921152353286743e-01
1.490335464477539062e-01
2.155174165964126587e-01
6.134891882538795471e-02
-1.425547711551189423e-02
2.882467210292816162e-01
3.558123111724853516e-01
-1.687356978654861450e-01
2.426346242427825928e-01
2.209059447050094604e-01
-7.684656884521245956e-03
-4.578834772109985352e-02
7.572464644908905029e-02
5.376262962818145752e-02
-2.358343452215194702e-01
1.208836138248443604e-01
1.723936498165130615e-01
1.996478438377380371e-02
3.144100308418273926e-02
8.718637377023696899e-02
-5.035993456840515137e-02
2.003724426031112671e-01
2.313267290592193604e-01
-3.326975181698799133e-02
-8.901688456535339355e-02
