3.74815955268,0.665893205628
0.126327670521,0.135961210821
0.0767953842723,0.0909440175009
0.0414341771898,0.0731434087579
0.0267515705045,0.0632622043137
0.0207056727726,0.0587936274397
0.0174606561622,0.0553007769709
0.0153674559784,0.0525413233011
0.0138803230482,0.050312702156
0.01269765485,0.0483491714112
0.0117033406743,0.0470053375854
0.0108359307613,0.0452523458904
0.010110863368,0.0437079306226
0.00948771695839,0.0425355030457
0.00893380103904,0.0413872775699
0.0084375995677,0.0402868517442
0.00798754147836,0.0392434614167
0.00757357346786,0.0382964144927
0.00718294059237,0.0372100606561
0.00683715644894,0.0364770140033
0.00650487701253,0.0358507500496
0.00621339969318,0.0346693563585
0.00592263246848,0.033995976431
0.0056599712009,0.0333687708558
0.00544573748872,0.0326902604739
0.00521298541765,0.0321072186964
0.00502268479613,0.0314661398685
0.00482712514058,0.0308770344981
0.00464866122056,0.030312353877
0.00448140707643,0.0297407004206
0.00432355935676,0.0292106921008
0.00417477636753,0.0286885894835
0.00403466136486,0.0281734106286
0.00390003362845,0.0276670798349
0.00377269915965,0.027198095837
0.00365047616312,0.0267408918395
0.00354484233249,0.0263311727283
0.00342413091857,0.0259402022736
0.00332776646392,0.0253094862021
0.00323101771404,0.0250495199463
0.00313599192935,0.0244000542172
0.00304451101159,0.0242017237858
0.00296659396263,0.0240162224043
0.00286954603265,0.0233907467957
0.0028000472293,0.0232417697242
0.00273389191667,0.0230144368679
0.00265248113768,0.0226085753219
0.00258276458626,0.022334175976
0.00250927586312,0.0219985638279
0.00244544119196,0.0216315537148
0.00238472750546,0.0213424258206
0.00232412114468,0.0210578503786
0.00226445831892,0.0207781131884
0.0022082168085,0.020510029234
0.00215307621353,0.0202442802683
0.00210437085722,0.0199846467896
0.00204831339021,0.019680480985
0.00199778332656,0.0194850960669
0.00194909043857,0.0192806937305
0.00190296517321,0.0191146011309
0.0018544301039,0.0185803867838
0.00181797174688,0.0184635532942
0.00177133587325,0.0181890693959
0.00172807276297,0.0180401051301
0.00168754302504,0.0177284433623
0.00164760494469,0.0175481447989
0.0016113100782,0.0175043934374
0.00157570859204,0.0169738466037
0.00153937805808,0.0171037597582
0.00150552946822,0.0165573475572
0.00146951374166,0.0167192691006
0.0014388880188,0.0162100368024
0.00140348405112,0.0163105498844
0.00137619721524,0.0160968098673
0.0013440591305,0.0156648157126
0.00131288932923,0.0157619604375
0.00128650836559,0.0154756424522
0.00126058237826,0.0153973856863
0.00123306463041,0.0149476869226
0.00120467078038,0.0151174550061
0.00118176216347,0.0146254027728
0.00115366496442,0.0147594111389
0.00113180743429,0.014284106472
0.00110540514288,0.0144654764561
0.00108553173389,0.0139899564286
0.00105989363995,0.0141508057325
0.00104019372823,0.0136604866401
0.00101632377579,0.0138567836373
0.000997191284356,0.0133817014537
0.00097419548074,0.0135557849387
0.000958701257817,0.0131484971459
0.000935850102542,0.0132776975826
0.000918454399895,0.012915811614
0.000898665935771,0.0130081963648
0.00087728158663,0.0125531896735
0.000863867029451,0.0125482297599
0.000847243181973,0.0125458373087
0.000826934932168,0.0121939414685
0.00081218057591,0.0121006827782
0.000798754598266,0.0122497594333
0.000780407179506,0.0119263064951
0.000767567067548,0.011860717738
0.000749151185664,0.0117527966776
0.000734522371082,0.0115370309252
0.000723427186434,0.0115129092281
0.000709244756581,0.0114131342542
0.000694697614987,0.0112792175729
0.000683518800724,0.0111532276031
0.000668794044638,0.0110460910888
0.000658000610444,0.0109994247614
0.000645202537392,0.0108725157334
0.000631964959757,0.010703155377
0.00062233082402,0.0106264044899
0.000609927689099,0.0105135851831
0.000599942142435,0.0104450433748
0.000586733900976,0.0102697406527
0.000579249253618,0.0102604240548
0.000565991363207,0.0101144229935
0.000558427296104,0.0100736367167
0.000546404500831,0.00995229745555
0.0005386386519,0.00990079730206
0.000527871512531,0.00978759254989
0.000519814750684,0.0097292366263
0.000510012488545,0.00961229140327
0.000502437916657,0.00956118541459
0.000492436739781,0.00942333498
0.000485358351458,0.00939171816572
0.000476087579167,0.00926415237094
0.000469028644754,0.00922259339325
0.000460294713048,0.0090938157402
0.000451477078423,0.00901872461545
0.000444152199937,0.00889594520171
0.000439283127768,0.00884099449807
0.000431099699805,0.00880949097724
0.000423930888913,0.00872435520675
0.000416572405751,0.00862455480577
0.000409643263811,0.00856524181824
0.000403616222502,0.0084990446708
0.000397925338863,0.00842836829252
0.000390281490763,0.00834261879403
0.000385539643624,0.00829245543185
0.000377975509218,0.00820691889967
0.000373369577756,0.00815066321714
0.000366664177636,0.00807887077099
0.000360693420347,0.00803663045323
0.000355463383676,0.00797083807799
0.000351291652987,0.00787133616007
0.000343927179104,0.00779759791718
0.00034062698384,0.00779576533435
0.000334052554475,0.00766528372769
0.000328913831133,0.00760484304434
0.000323982542189,0.00753875298542
0.000319215371928,0.00748472820075
0.00031450357892,0.00741909785041
0.000309276160624,0.00733908947441
0.000305933296416,0.00733985027376
0.000300999132075,0.00725159211045
0.000296612409268,0.0071938496277
0.000292333940282,0.00713860285856
0.000288096924002,0.00710271169082
0.000284768181579,0.00706029727589
0.000279565137316,0.00699535683768
0.000276250078969,0.0070016191632
0.000273510330044,0.00688149443595
0.000268382156234,0.00684159270022
0.000264727687803,0.00678249162544
0.000261805140508,0.00676697713012
0.000256747231409,0.00667502724488
0.000255006257733,0.0066058675972
0.000251165498048,0.00662016671073
0.000247238366865,0.00653199628966
0.000244286834277,0.00649931798495
0.000239937849983,0.00644041135286
0.000238603245998,0.00640104935155
0.000234521184272,0.00636534930672
0.000230853605171,0.00631284004582
0.000229420801649,0.00625815937334
0.000225737336526,0.00621898767034
0.000222802285013,0.00618176043499
0.000219999610817,0.00613825654727
0.000217306228781,0.00609933623734
0.000214415861046,0.006054733226
0.000211876180583,0.00601361915081
0.000209597291966,0.00594222071813
0.00020701985289,0.00593273174406
0.00020438499699,0.00591713435909
0.000201520115964,0.00583060748177
0.000199768706989,0.00584237943403
0.000196874338205,0.00574915086618
0.00019497627718,0.00576323847248
0.000191555414767,0.0056913943709
0.000190510392925,0.0056291387106
0.000188092850719,0.00563261125741
0.000185996121036,0.00559403096365
0.000183691940128,0.00557536305666
0.000181246687104,0.0055162598476
0.000179776373382,0.0054911975419
0.000177598054233,0.00545886776915
0.000175166909382,0.00541233292121
0.000174081706609,0.00538351710032
0.000171801608212,0.00536313193734
0.000169567520121,0.00530814553883
0.000167824953951,0.00527815029879
0.000166227438694,0.00524231486294
0.000164571131275,0.00522777372195
0.000162774533965,0.00519914982821
0.000160541540511,0.00516611562828
0.000159373521456,0.00511578819132
0.000157741605229,0.00511131527504
0.000155918903298,0.00505886834386
0.000154603151532,0.0050500110888
0.000152594199456,0.00502055084993
0.000151511951177,0.00497688168446
0.000149779547034,0.00495726629936
0.000147903996943,0.00492618079782
0.000146762760475,0.00487786129427
0.000145516912047,0.00486857259724
0.000144318023801,0.00485750634883
0.000142597199707,0.00482807186975
0.000141156742757,0.00479110470236
0.00013989729811,0.00477196468079
0.0001388043184,0.00473644635252
0.000137261109921,0.00472538787387
0.00013620331744,0.0046948996877
0.000134644537472,0.0046846690772
0.000133634346579,0.00465060803108
0.000132383583696,0.00461741269391
0.000131239917179,0.00460081369674
0.00013007510873,0.004579186911
0.00012897462381,0.0045500565262
0.000127863242384,0.00452819666534
0.000126774812331,0.0045066752568
0.000125701381846,0.00448554852434
0.000124628238761,0.00446362141908
0.000123593005386,0.00444281647312
0.000122566407056,0.00442224917351
0.000121575890444,0.0044015614995
0.000120595515455,0.00438077616078
0.000119625335901,0.00436080411794
0.000118673350395,0.00434095616123
0.00011773060484,0.00432169119013
0.00011681340399,0.00430217624914
0.000115929224406,0.00428340515452
0.000115042124495,0.0042646367132
0.000114174227322,0.00424637614633
0.000113343212009,0.00422893194773
0.000112473114586,0.00421097487269
0.000111653449646,0.0041932761058
0.000110849410157,0.00417614713175
0.000110066152532,0.00416085685623
0.000109275344494,0.00414179383273
0.000108504306991,0.00412818045879
0.000107748536205,0.00411119929146
0.000107009014816,0.00409483197727
0.000106284109309,0.0040793167854
0.000105571635019,0.00406427356841
0.000104856950293,0.00404912990343
0.0001044966275,0.00403722074213
0.000104211384193,0.00404029893301
0.000103415112547,0.00402226494043
0.000102699092531,0.00400444271994
0.000102035769396,0.00399022109438
0.00010136492574,0.00397458005949
0.000100741054545,0.0039614039512
0.000100117058264,0.0039471984773
9.94796408122e-05,0.00393100755173
9.88679791893e-05,0.0039170389442
9.82294590055e-05,0.00390212478621
9.77034123631e-05,0.00389273094867
9.71467842949e-05,0.00387993900513
9.65823656164e-05,0.00386677568216
9.60296891208e-05,0.00385381361993
9.54786505948e-05,0.00384065218968
9.494953653e-05,0.00382819479952
9.44071426299e-05,0.00381533881494
9.38277425424e-05,0.00380175226116
9.33384288146e-05,0.00379090165564
9.28604035228e-05,0.00377966872669
9.23778129618e-05,0.00376744546908
9.19065593128e-05,0.00375665503282
9.14257433578e-05,0.00374469311791
9.09561964363e-05,0.00373329168263
9.0506999671e-05,0.00372349557195
9.00522588987e-05,0.00371257464673
8.96102904941e-05,0.00370229537754
8.91784064758e-05,0.00369237678048
8.87406763468e-05,0.00368168201918
8.8318338779e-05,0.00367158832863
8.7904864328e-05,0.00366186705942
8.74940693696e-05,0.00365202650913
8.70953882441e-05,0.00364260977561
8.6699406711e-05,0.00363309641543
8.63101998978e-05,0.00362374623849
8.59277455068e-05,0.00361457322239
8.55479119006e-05,0.00360500587558
8.51699933113e-05,0.00359556973175
8.47995747184e-05,0.00358705138109
8.44396694295e-05,0.0035782853772
8.40883891215e-05,0.00356978380102
8.37345342613e-05,0.00356102995671
8.33967364997e-05,0.0035527475964
8.30593861944e-05,0.00354440297524
8.27284917856e-05,0.00353619511685
8.24014727338e-05,0.0035280618836
8.20856846531e-05,0.00352007729913
8.17656915691e-05,0.0035120482605
8.14538974737e-05,0.00350426173148
8.11496697982e-05,0.00349672456602
8.08491849663e-05,0.00348924545203
8.05524294871e-05,0.00348184274529
8.02595803786e-05,0.00347457861935
7.99635418692e-05,0.00346721397558
7.96834240494e-05,0.00346029232023
7.94064413337e-05,0.00345339948932
7.91338316958e-05,0.00344660212868
7.8866799519e-05,0.00343994221572
7.85996774842e-05,0.00343326999767
7.83409959695e-05,0.00342679094271
7.80848990568e-05,0.00342036111979
7.78327621902e-05,0.0034140863223
7.75850527437e-05,0.00340789060671
7.73292261935e-05,0.00340134467794
7.70461194103e-05,0.00339448569963
7.68560336837e-05,0.00338939906699
7.64911812439e-05,0.00337962344153
7.63925828627e-05,0.00337668384115
7.61568361365e-05,0.00337137466607
7.59281812255e-05,0.00336613713007
7.57073542748e-05,0.003360752221
7.54991304196e-05,0.0033559230195
7.5295536999e-05,0.00335053792611
7.51296366464e-05,0.00334631082854
7.48110171571e-05,0.00333761755028
7.47604886631e-05,0.00333698516964
7.44107412932e-05,0.00332749121687
7.43591378068e-05,0.00332707778143
7.40240505214e-05,0.00331765368173
7.397002643e-05,0.0033157789973
7.36239222382e-05,0.00330743567805
7.36210607859e-05,0.00330823807259
7.33938564584e-05,0.00330191878699
7.32242345142e-05,0.00329735507936
7.29735648747e-05,0.00329043080468
7.28595946384e-05,0.00328831017832
7.26872797865e-05,0.00328364311717
7.25176078655e-05,0.00327913934307
7.23523139186e-05,0.00327476013432
7.21888257128e-05,0.00327046832147
7.20223920022e-05,0.00326447409364
7.18658555949e-05,0.00326052239592
7.17187831469e-05,0.00325675774851
7.15687206139e-05,0.00325292330526
7.14208027906e-05,0.00324916184957
7.12737310096e-05,0.00324540697523
7.11265894855e-05,0.00324181252702
7.09843140157e-05,0.00323817810568
7.08441025684e-05,0.00323478776845
7.07056791422e-05,0.00323144451152
7.05684613877e-05,0.00322790790718
7.04487413259e-05,0.00322481338323
7.03219789102e-05,0.00322169309463
7.01921311853e-05,0.00321840565399
7.00627096497e-05,0.00321515273924
6.99350286747e-05,0.0032118572514
6.98032416797e-05,0.00320833768928
6.96143784808e-05,0.00320355789348
6.96136881894e-05,0.00320318554295
6.94358498398e-05,0.00319899576134
6.93168652409e-05,0.0031958620161
6.9200978381e-05,0.00319277133191
6.90863126996e-05,0.00318975434639
6.89727990599e-05,0.00318675823995
6.88590282001e-05,0.00318386027454
6.87470336288e-05,0.00318096357805
6.86360821571e-05,0.0031780853625
6.85172230078e-05,0.00317470759425
6.84211428506e-05,0.00317234464552
6.82394196095e-05,0.00316813080766
6.82305393487e-05,0.00316816745714
6.81113069732e-05,0.00316476939091
6.80131742532e-05,0.00316216752496
6.7914067525e-05,0.00315954118172
6.78165682378e-05,0.00315699376321
6.77197556342e-05,0.00315447655351
6.76240322415e-05,0.00315200683059
6.75295111099e-05,0.00314959078678
6.74363323621e-05,0.00314712433222
6.7342707977e-05,0.00314482978817
6.72247519863e-05,0.00314182897467
6.71932624452e-05,0.00314018723827
6.70603894681e-05,0.00313713642342
6.69778686643e-05,0.00313508302788
6.689173894e-05,0.0031324978394
6.68157708636e-05,0.00313005331943
6.67597911464e-05,0.00312860417859
6.66567773502e-05,0.0031259251157
6.65783681598e-05,0.00312389758474
6.65014643194e-05,0.00312192360482
6.64246505342e-05,0.00311996626163
6.63446212002e-05,0.00311845016355
6.62602907899e-05,0.00311596005146
6.61960076286e-05,0.00311436104821
6.61243870733e-05,0.0031125888665
6.60572325463e-05,0.00311103394391
6.60022225778e-05,0.00310980184877
6.59195341541e-05,0.00310756167649
6.58481093978e-05,0.00310572624148
6.57817845877e-05,0.00310400694919
6.57153580202e-05,0.00310227332229
6.56498741591e-05,0.00310059141484
6.55865750559e-05,0.00309895439617
6.55226486894e-05,0.00309729739189
6.54610342281e-05,0.00309571226438
6.53960223948e-05,0.00309395943671
6.53354322973e-05,0.00309235132687
6.52746616803e-05,0.00309072740492
6.52144009412e-05,0.00308910048916
6.51552547273e-05,0.00308750868038
6.50974665708e-05,0.00308596425069
6.50403116197e-05,0.00308442896833
6.49831716904e-05,0.00308289116947
6.49274439487e-05,0.00308138052739
6.48717937565e-05,0.00307991112544
6.48170222727e-05,0.00307845097365
6.476250522e-05,0.00307697260966
6.47092248679e-05,0.00307552716598
6.46570252684e-05,0.00307410923997
6.46045788017e-05,0.00307270433307
6.45528780448e-05,0.00307132529949
6.45018881338e-05,0.00306997806765
6.44517824639e-05,0.00306862944465
6.44018030168e-05,0.00306731533977
6.43525584716e-05,0.00306600633194
6.43041920739e-05,0.0030647049755
6.42560594618e-05,0.00306341259081
6.42099848998e-05,0.0030621498406
6.41629307969e-05,0.00306089697212
6.41164672591e-05,0.00305966599553
6.40706631051e-05,0.00305846877454
6.40253750438e-05,0.00305727777595
6.39808086968e-05,0.00305611338796
6.39368988989e-05,0.0030549425137
6.38932335884e-05,0.00305378698589
6.38503618575e-05,0.00305265147763
6.38081466453e-05,0.00305152089568
6.37664328527e-05,0.00305040916719
6.37251390041e-05,0.00304929711177
6.36845446934e-05,0.0030481969375
6.36443590944e-05,0.0030470971183
6.36047020938e-05,0.00304601487296
6.35657213479e-05,0.0030449555304
6.35271199978e-05,0.00304390850943
6.34880310524e-05,0.00304285856546
6.34502926156e-05,0.00304183854896
6.34129917823e-05,0.00304082573857
6.33760132435e-05,0.00303984430793
6.33395680173e-05,0.00303887273476
6.33034719006e-05,0.0030378981377
6.32678698518e-05,0.00303694278215
6.32329775575e-05,0.00303599666125
6.31982220966e-05,0.00303504851569
6.31639885341e-05,0.00303411353962
6.31300247126e-05,0.00303318135945
6.30965749982e-05,0.00303228067933
6.30634456684e-05,0.00303139397874
6.30307928229e-05,0.00303051733354
6.29983909827e-05,0.00302963619761
6.29665749178e-05,0.00302877158004
6.29350755389e-05,0.00302791465365
6.29039085046e-05,0.0030270822647
6.2873154972e-05,0.00302627109825
6.28427799256e-05,0.00302545853289
6.2812779485e-05,0.00302465388959
6.27829682192e-05,0.00302385417356
6.27536506727e-05,0.0030230660399
6.2724588967e-05,0.00302227758026
6.26958567561e-05,0.00302150456021
6.26674120061e-05,0.00302074095816
6.2639452805e-05,0.00301998148789
6.26118061822e-05,0.00301923434599
6.2584364999e-05,0.00301850190056
6.2557282475e-05,0.00301778452704
6.25306072076e-05,0.00301707896967
6.25041528716e-05,0.00301637252366
6.24770150353e-05,0.00301565370464
6.24506593795e-05,0.00301495624008
6.24248673224e-05,0.00301425395107
6.23993576331e-05,0.00301356710164
6.23742352521e-05,0.00301288654737
6.23493696973e-05,0.00301220905773
6.23248267251e-05,0.00301155266255
6.23007325582e-05,0.00301091102495
6.22767745578e-05,0.00301026057374
6.22530637581e-05,0.00300962225786
6.22297178325e-05,0.0030089907775
6.22066536228e-05,0.0030083655661
6.21838479068e-05,0.00300775594466
6.21611991392e-05,0.00300713802474
6.21388159288e-05,0.003006533674
6.21167251362e-05,0.00300592973169
6.20949253819e-05,0.00300532521311
6.20733095275e-05,0.0030047276426
6.20519681434e-05,0.00300414093848
6.2030785466e-05,0.00300356226896
6.20098840045e-05,0.00300299166799
6.19891899381e-05,0.00300241453127
6.1968809238e-05,0.00300184830072
6.19484034663e-05,0.00300129691702
6.19283962957e-05,0.00300074462624
6.19086726905e-05,0.00300019230829
6.18890464466e-05,0.0029996455715
6.18698046158e-05,0.00299912170934
6.18506283899e-05,0.00299859532
6.18317536464e-05,0.00299808589625
6.18130699119e-05,0.00299757129978
6.17944954835e-05,0.00299705803433
6.17762207185e-05,0.00299654818761
6.17580692657e-05,0.00299604864461
6.17402139142e-05,0.00299554973802
6.1722527001e-05,0.00299508202006
6.17050174242e-05,0.00299460927102
6.16876568226e-05,0.00299413540633
6.16705010846e-05,0.00299367555223
6.16535534391e-05,0.00299322263066
6.16366933173e-05,0.0029927770937
6.16201156087e-05,0.00299232982604
6.16037409903e-05,0.00299189482175
6.15874824841e-05,0.0029914564162
6.15713718768e-05,0.00299101695612
6.15554468368e-05,0.00299058470797
6.15396612526e-05,0.00299015985802
6.15241030725e-05,0.00298973312892
6.15086997944e-05,0.00298932246127
6.14934954532e-05,0.00298891450802
6.14784546694e-05,0.00298849949128
6.14635030615e-05,0.00298809063097
6.14487432661e-05,0.00298768273108
6.14342442077e-05,0.00298728054622
6.14198013106e-05,0.0029868844363
6.1405518151e-05,0.00298649362812
6.13914151169e-05,0.00298610325359
6.13773954531e-05,0.00298571675085
6.13635812594e-05,0.00298533442838
6.13499178902e-05,0.00298496052371
6.13364066339e-05,0.00298459301121
6.13230560248e-05,0.00298423033091
6.13098253477e-05,0.00298386340146
6.1296689455e-05,0.00298350423885
6.12837502255e-05,0.00298314580189
6.12709711883e-05,0.00298279755225
6.1258304307e-05,0.00298245209657
6.12456821424e-05,0.00298210278949
6.12332904439e-05,0.00298176331756
6.1220944311e-05,0.00298142396205
6.12088210801e-05,0.00298109770423
6.11968270429e-05,0.00298076719919
6.11849051135e-05,0.002980446052
6.11731618543e-05,0.00298012752319
6.11614767119e-05,0.00297981367815
6.11499624635e-05,0.00297950167539
6.11385087723e-05,0.00297919590084
6.11271840929e-05,0.0029788853232
6.11160220918e-05,0.00297858162861
6.11049855706e-05,0.00297828355203
6.10939903254e-05,0.0029779877436
6.10831854071e-05,0.00297768696328
6.10724452144e-05,0.00297739438732
6.10618933176e-05,0.00297710689677
6.10514230478e-05,0.00297682740396
6.10410540806e-05,0.00297654543344
6.10308328305e-05,0.00297626585428
6.1020641139e-05,0.00297598615968
6.10106339385e-05,0.00297571181727
6.10006630723e-05,0.00297544390487
6.09908414238e-05,0.00297517807048
6.098116678e-05,0.00297491125433
6.097154231e-05,0.00297464564404
6.09618298313e-05,0.00297437513558
6.09523985077e-05,0.00297410782368
6.09430871464e-05,0.00297384670509
6.09338387828e-05,0.00297358658669
6.09246850824e-05,0.0029733298521
6.09156299561e-05,0.00297308007042
6.0906725048e-05,0.00297283558466
6.08978554434e-05,0.0029725948727
6.08888216145e-05,0.0029723571856
6.08799383675e-05,0.00297212289976
6.08712814634e-05,0.00297188942495
6.08627192075e-05,0.00297165858404
6.08542560561e-05,0.0029714307806
6.08459486254e-05,0.00297120516188
6.08376909592e-05,0.00297097920654
6.08295200285e-05,0.00297075697066
6.08214527195e-05,0.00297053940885
6.08134225634e-05,0.00297032217495
6.08055740789e-05,0.00297010705593
6.07977648997e-05,0.0029699005303
6.07900120485e-05,0.00296969276581
6.07823592115e-05,0.00296948634593
6.07747643244e-05,0.00296928033737
6.07673112578e-05,0.00296907727607
6.07597265571e-05,0.00296888138594
6.07524020779e-05,0.00296868567821
6.07451090218e-05,0.00296849192916
6.07379393387e-05,0.00296829945873
6.0730808885e-05,0.00296811089017
6.07237441727e-05,0.00296792187825
6.07167368192e-05,0.00296773214747
6.0709799042e-05,0.00296754607795
6.07029834555e-05,0.0029673604867
6.06962290779e-05,0.00296717849948
6.06894412764e-05,0.00296700261824
6.06828155317e-05,0.00296683035558
6.06762627588e-05,0.00296665302982
6.06697781677e-05,0.00296647774909
6.06633751431e-05,0.00296630838226
6.06570065126e-05,0.00296613820537
6.06507463848e-05,0.00296596748522
6.06445093884e-05,0.00296580337357
6.06383582332e-05,0.00296563475761
6.06322864769e-05,0.00296546875907
6.06262215873e-05,0.00296531126466
6.06202462374e-05,0.00296514782919
6.06143378263e-05,0.00296499146692
6.0608489548e-05,0.00296482907142
6.06027088755e-05,0.00296467501127
6.05969618088e-05,0.00296452172333
6.05912972939e-05,0.0029643711925
6.05857744176e-05,0.00296421967602
6.05801849512e-05,0.00296406866692
6.05747031993e-05,0.00296391564286
6.05692527188e-05,0.00296377159927
6.05638807732e-05,0.00296362348211
6.05585359153e-05,0.0029634803553
6.05532282558e-05,0.00296333296283
6.05480142591e-05,0.00296319115635
6.05428248036e-05,0.00296305070418
6.05377039998e-05,0.00296290833018
6.05326422525e-05,0.0029627705769
6.05276462162e-05,0.00296263316607
6.05226817849e-05,0.00296249785558
6.05177583566e-05,0.00296236532158
6.05129356245e-05,0.00296223001787
6.05080877752e-05,0.00296210186789
6.05033378633e-05,0.00296196826869
6.0498636185e-05,0.00296184004013
6.04939518629e-05,0.00296171645168
6.04893563377e-05,0.00296158824834
6.04847795633e-05,0.00296146649343
6.04802784437e-05,0.0029613434958
6.04757831297e-05,0.00296122077658
6.04713199209e-05,0.00296109936996
6.04669461003e-05,0.00296098074371
6.04625818596e-05,0.00296086558083
6.04582723099e-05,0.00296074778404
6.04540338524e-05,0.00296063664136
6.04498007003e-05,0.00296052123983
6.04456183889e-05,0.0029604095335
6.04414678492e-05,0.00296029705108
6.04374038782e-05,0.00296018700756
6.04333336469e-05,0.00296007994524
6.04293015689e-05,0.002959970899
6.04253558777e-05,0.00295986403168
6.04214122935e-05,0.00295975739233
6.04175168822e-05,0.00295965122835
6.04136846353e-05,0.00295954791654
6.04098599827e-05,0.0029594447454
6.04060850795e-05,0.00295934365713
6.04020284148e-05,0.00295924104867
6.03984192518e-05,0.00295914390493
6.03947438928e-05,0.00295904510325
6.03910874815e-05,0.00295894715042
6.03875474705e-05,0.00295885150069
6.03839713979e-05,0.00295875749628
6.03804324934e-05,0.00295866602197
6.03769693195e-05,0.00295857193996
6.03735187118e-05,0.00295847900561
6.03701007246e-05,0.00295838684736
6.03667465536e-05,0.00295829409539
6.03633936256e-05,0.00295820654525
6.03600944184e-05,0.00295811620987
6.03568067011e-05,0.00295802917487
6.03535769187e-05,0.00295794250754
6.03503580351e-05,0.00295785775719
6.03471648143e-05,0.00295777237625
6.03440346822e-05,0.00295768893848
6.03409143878e-05,0.00295760255637
6.03378336715e-05,0.00295751829011
6.03347846815e-05,0.00295743672953
6.0331776937e-05,0.00295735594991
6.03287605069e-05,0.00295727585229
6.03258071806e-05,0.00295719590116
6.03229949168e-05,0.00295711721895
6.03200862618e-05,0.00295703590188
6.0317201375e-05,0.00295695805592
6.03143773787e-05,0.00295687893619
6.03115506237e-05,0.00295680350391
6.03087705258e-05,0.00295672771075
6.03060164091e-05,0.00295665102603
6.03032707052e-05,0.00295657882428
6.03005689906e-05,0.00295650520323
6.02978918778e-05,0.00295643593417
6.0295233061e-05,0.00295636436883
6.02926065161e-05,0.00295629455262
6.02900110001e-05,0.00295622394963
6.02874548652e-05,0.00295615531892
6.02849061124e-05,0.00295608672119
6.02824049565e-05,0.00295602184099
6.0279898859e-05,0.00295595490024
6.02774469674e-05,0.00295588843874
6.02749784017e-05,0.00295582404069
6.02725524156e-05,0.00295575930504
6.02701493184e-05,0.00295569570153
6.02677798118e-05,0.00295563086984
6.02654296017e-05,0.0029555689301
6.02630955958e-05,0.00295550469988
6.02607892991e-05,0.00295544278342
6.02585027991e-05,0.00295538046242
6.02562651238e-05,0.00295531847902
6.02540372559e-05,0.00295526131231
6.02518246524e-05,0.00295520187356
6.02496283288e-05,0.00295514388029
6.02474701585e-05,0.002955085401
6.0245331133e-05,0.00295502992327
6.02431972463e-05,0.00295497232
6.02410859149e-05,0.00295491740205
6.0239019831e-05,0.0029548614509
6.02369570364e-05,0.00295480696853
6.02349192983e-05,0.0029547522087
6.02328638706e-05,0.0029546979611
6.02308712284e-05,0.00295464441782
6.02288962455e-05,0.00295459010522
6.02269321007e-05,0.00295453795989
6.022500235e-05,0.00295448599112
6.02230556979e-05,0.00295443540478
6.02211669351e-05,0.00295438400935
6.02192829471e-05,0.00295433387219
6.0217412359e-05,0.00295428361181
6.02155532761e-05,0.00295423638308
6.02137445791e-05,0.00295418737611
6.02119219063e-05,0.00295413907152
6.02101414036e-05,0.00295409103564
6.02083523821e-05,0.00295404450541
6.02066005134e-05,0.00295399762787
6.0204863333e-05,0.00295395165643
6.02031198772e-05,0.00295390426763
6.02014368117e-05,0.0029538591305
6.01997544133e-05,0.00295381397203
6.01980907201e-05,0.00295376882326
6.01964314986e-05,0.0029537254925
6.01947939837e-05,0.0029536818484
6.01931705053e-05,0.0029536402144
6.01915662173e-05,0.00295359772378
6.01899673408e-05,0.00295355560083
6.01883772864e-05,0.00295351280947
6.01868234753e-05,0.00295347141412
6.01852905675e-05,0.0029534304825
6.01837485647e-05,0.00295339152799
6.01822336497e-05,0.00295335133851
6.01807300427e-05,0.00295331234132
6.01792370465e-05,0.00295327311809
6.01777802482e-05,0.00295323429649
6.01763122177e-05,0.00295319615398
6.01748640899e-05,0.00295315660381
6.01734338488e-05,0.00295311920345
6.01720265119e-05,0.00295308103571
6.01706210849e-05,0.00295304422422
6.01692493092e-05,0.00295300737101
6.01678631331e-05,0.00295296973782
6.0166521007e-05,0.00295293359765
6.01651623735e-05,0.00295289972467
6.01638276597e-05,0.00295286519201
6.01625074826e-05,0.00295283138306
6.01612102704e-05,0.00295279647786
6.01599253969e-05,0.00295276259227
6.01586476478e-05,0.00295272899287
6.01573897256e-05,0.00295269569615
6.01561138713e-05,0.00295266313769
6.01548830067e-05,0.00295262946941
6.01536517782e-05,0.00295259734557
6.01524364356e-05,0.00295256498891
6.01512300364e-05,0.00295253368386
6.0150044889e-05,0.00295250177539
6.01488576952e-05,0.0029524705169
6.01476993476e-05,0.00295244054772
6.01465303437e-05,0.00295241066293
6.01453821825e-05,0.00295238045219
6.01442505589e-05,0.00295235085068
6.01431173133e-05,0.00295232120552
6.01420169308e-05,0.00295229280503
6.01409177155e-05,0.00295226444141
6.01398389032e-05,0.00295223533467
6.01387569077e-05,0.00295220679351
6.01376948301e-05,0.00295217818542
6.01366309941e-05,0.00295215000806
6.01355856967e-05,0.00295212252046
6.0134548221e-05,0.00295209543547
6.01335115486e-05,0.00295206792362
6.01325022065e-05,0.00295204150025
6.01314962751e-05,0.00295201501479
6.0130506093e-05,0.00295198774353
6.01295175784e-05,0.00295196120375
6.01285348542e-05,0.00295193511314
6.01275747916e-05,0.00295191015466
6.01266148806e-05,0.00295188506134
6.01256683694e-05,0.00295186001458
6.01247199635e-05,0.00295183577497
6.01238063306e-05,0.00295181159551
6.01228881957e-05,0.00295178836774
6.01219832788e-05,0.00295176437745
6.01210705251e-05,0.00295173988367
6.01201825702e-05,0.00295171571294
6.01193085004e-05,0.00295169232898
6.01184333846e-05,0.00295166952322
6.01175750944e-05,0.00295164612083
6.01167105591e-05,0.00295162478287
6.01158544972e-05,0.00295160250292
6.01150080911e-05,0.00295158110481
6.01141740087e-05,0.00295155915179
6.01133457925e-05,0.00295153746362
6.01125421175e-05,0.00295151589186
6.01117159476e-05,0.00295149419399
6.01109244902e-05,0.00295147202075
6.01101301527e-05,0.00295145057801
6.01093422726e-05,0.00295143039645
6.01085698236e-05,0.00295140984817
6.01077944793e-05,0.00295138909035
6.01070457075e-05,0.00295136897184
6.01062845665e-05,0.00295134949168
6.01055367194e-05,0.0029513301939
6.01048064861e-05,0.00295131085732
6.01040650357e-05,0.00295129207855
6.01033614203e-05,0.0029512724519
6.0102632915e-05,0.00295125403597
6.01019338622e-05,0.00295123633405
6.01012307622e-05,0.00295121898525
6.01005307393e-05,0.0029512010505
6.00998603659e-05,0.00295118295568
6.00991744856e-05,0.00295116591248
6.00985064163e-05,0.00295114795542
6.00978301009e-05,0.00295112966657
6.00971731274e-05,0.00295111170465
6.00965291748e-05,0.00295109406094
6.00958625455e-05,0.00295107715744
6.00952176076e-05,0.00295106028886
6.00945676979e-05,0.00295104318066
6.00939391461e-05,0.00295102604432
6.00933156268e-05,0.00295101046892
6.00926905463e-05,0.0029509938875
6.00920741817e-05,0.0029509779289
6.00914732786e-05,0.00295096229335
6.00908677673e-05,0.00295094709436
6.00902731549e-05,0.00295093173239
6.00896783756e-05,0.00295091650526
6.00890974965e-05,0.00295090193977
6.00885196491e-05,0.00295088707159
6.0087956975e-05,0.00295087191043
6.00873978328e-05,0.00295085706651
6.0086817742e-05,0.00295084148335
6.00862763198e-05,0.00295082714001
6.00857155102e-05,0.00295081240959
6.00851752248e-05,0.00295079722224
6.00846328174e-05,0.00295078327472
6.00840986863e-05,0.0029507702915
6.00835726345e-05,0.00295075714918
6.00830417473e-05,0.00295074412231
6.00825293229e-05,0.00295073021261
6.00820256447e-05,0.00295071654546
6.0081526226e-05,0.0029507027192
6.00810265951e-05,0.00295069057223
6.00805375295e-05,0.00295067812161
6.00800322748e-05,0.00295066638306
6.00795463167e-05,0.00295065368894
6.00790679376e-05,0.0029506412684
6.00785975924e-05,0.00295062915538
6.00781181371e-05,0.00295061725483
6.00776529609e-05,0.00295060476443
6.00771914378e-05,0.00295059289395
6.0076723806e-05,0.00295058123205
6.0076282701e-05,0.00295056960119
6.00758130986e-05,0.00295055766571
6.00753755255e-05,0.00295054625894
6.00749272659e-05,0.0029505350433
6.00744897232e-05,0.00295052324363
6.00740606842e-05,0.0029505111248
6.00736322061e-05,0.00295049969573
6.00732035461e-05,0.00295048876239
6.00728078856e-05,0.00295047791345
6.00723787253e-05,0.00295046721294
6.00719702713e-05,0.0029504571304
6.00715710182e-05,0.0029504467219
6.00711645499e-05,0.0029504363687
6.00707591426e-05,0.00295042586125
6.00703726226e-05,0.0029504156167
6.00699913321e-05,0.00295040548857
6.00696044482e-05,0.0029503964722
6.00692215054e-05,0.00295038653033
6.00688375319e-05,0.00295037729666
6.00684694139e-05,0.00295036859364
6.00681102545e-05,0.00295035945892
6.00677459564e-05,0.00295035038628
6.00673721389e-05,0.0029503412991
6.00670224079e-05,0.0029503337224
6.00666585797e-05,0.00295032587795
6.00663102129e-05,0.00295031715165
6.006595216e-05,0.00295030855438
6.00656105235e-05,0.00295030011815
6.00652628539e-05,0.00295029186818
6.0064923764e-05,0.00295028338248
6.00645864324e-05,0.00295027586011
6.0064259075e-05,0.0029502681214
6.00639208036e-05,0.00295026021971
6.00636071795e-05,0.00295025213369
6.0063281732e-05,0.00295024352575
6.00629537227e-05,0.00295023526026
6.00626453585e-05,0.00295022687254
6.00623213965e-05,0.00295021917458
6.00620180952e-05,0.00295021157751
6.00617029553e-05,0.00295020387663
6.00613980168e-05,0.00295019596815
6.00610975198e-05,0.00295018844772
6.00607984021e-05,0.00295018156952
6.0060507955e-05,0.00295017463795
6.00602159921e-05,0.00295016804691
6.00599306078e-05,0.00295016070983
6.00596364014e-05,0.00295015394901
6.00593712988e-05,0.00295014684768
6.00590769106e-05,0.00295013951254
6.00588036529e-05,0.00295013182331
6.00585285459e-05,0.0029501248316
6.00582652927e-05,0.00295011746251
6.00579999476e-05,0.00295011067938
6.00577405748e-05,0.00295010339469
6.00574750176e-05,0.00295009644469
6.00572208593e-05,0.00295009020774
6.0056965746e-05,0.00295008327909
6.00567034629e-05,0.00295007669095
6.00564584753e-05,0.00295006975357
6.00562094254e-05,0.00295006271432
6.00559709104e-05,0.00295005581089
6.00557414449e-05,0.00295004978252
6.00554968969e-05,0.00295004316722
6.00552490444e-05,0.00295003658102
6.0055028689e-05,0.00295003088249
6.00547868392e-05,0.00295002519852
6.0054562573e-05,0.00295002029355
6.00543382006e-05,0.00295001480748
6.00541025202e-05,0.00295000888582
6.00538810128e-05,0.00295000361803
6.0053664644e-05,0.00294999823867
6.00534461682e-05,0.00294999264394
6.00532360143e-05,0.00294998641087
6.00530080798e-05,0.0029499805154
6.00528012152e-05,0.00294997464516
6.00525938959e-05,0.00294996955684
6.00523845909e-05,0.0029499649206
6.00521829559e-05,0.00294995975661
6.00519707405e-05,0.00294995419778
6.00517740471e-05,0.00294994877574
6.0051586009e-05,0.00294994410845
6.00513848591e-05,0.00294993825567
6.00511856192e-05,0.00294993266483
6.00509870916e-05,0.00294992783359
6.00507953853e-05,0.00294992275788
6.00506003138e-05,0.00294991721069
6.00504193244e-05,0.0029499114656
6.00502332418e-05,0.0029499063831
6.005005251e-05,0.00294990110075
6.0049862653e-05,0.00294989590184
6.00496791321e-05,0.00294989142276
6.00495005225e-05,0.00294988670406
6.0049323065e-05,0.00294988166133
6.00491383617e-05,0.00294987676801
6.00489649514e-05,0.00294987209685
6.00487994385e-05,0.00294986811641
6.00486222387e-05,0.00294986367905
6.00484497227e-05,0.00294985925235
6.00482921527e-05,0.00294985509827
6.00481328547e-05,0.00294985062889
6.00479603084e-05,0.00294984594414
6.00477989792e-05,0.00294984171536
6.00476401663e-05,0.00294983802014
6.00474781701e-05,0.00294983360412
6.00473193117e-05,0.00294982973719
6.00471533896e-05,0.00294982500394
6.00470018071e-05,0.00294982045307
6.00468463896e-05,0.00294981579354
6.0046703129e-05,0.00294981116604
6.00465552149e-05,0.00294980704105
6.00463993578e-05,0.00294980256779
6.00462533081e-05,0.00294979785491
6.00461057578e-05,0.00294979314785
6.00459626185e-05,0.00294978901511
6.00458159928e-05,0.00294978541206
6.00456853742e-05,0.0029497815558
6.00455362625e-05,0.0029497782758
6.00454012025e-05,0.00294977495893
6.00452611404e-05,0.00294977155572
6.00451406323e-05,0.00294976864437
6.00450056785e-05,0.00294976590279
6.00448766515e-05,0.00294976404305
6.00447480641e-05,0.00294976142371
6.00446108668e-05,0.00294975860549
6.00444856445e-05,0.00294975610644
6.00443625596e-05,0.00294975325911
6.00442438705e-05,0.00294975080178
6.00441165867e-05,0.00294974865295
6.00439999137e-05,0.00294974743641
6.0043877617e-05,0.00294974569115
6.00437686595e-05,0.00294974381201
6.00436552759e-05,0.00294974210944
6.00435312814e-05,0.00294974018276
6.00434245674e-05,0.00294973834243
6.00433039078e-05,0.00294973656225
6.00431980123e-05,0.00294973519825
6.00430886758e-05,0.00294973365283
6.00429784451e-05,0.00294973208899
6.00428776579e-05,0.00294973031074
6.0042765881e-05,0.00294972799214
6.00426606222e-05,0.00294972585495
6.00425554543e-05,0.00294972354507
6.00424596845e-05,0.00294972145445
6.00423574421e-05,0.00294971892727
6.00422478177e-05,0.00294971652329
6.00421481825e-05,0.00294971467617
6.00420583244e-05,0.00294971294255
6.00419541873e-05,0.00294971128266
6.00418719993e-05,0.00294970900286
6.00417722126e-05,0.00294970644075
6.0041686614e-05,0.00294970409595
6.00415880854e-05,0.00294970183071
6.00415060944e-05,0.00294969960232
6.00414169185e-05,0.00294969738461
6.00413265299e-05,0.00294969550547
6.00412355804e-05,0.00294969400857
6.00411546202e-05,0.00294969232054
6.0041064368e-05,0.00294969052678
6.00409840596e-05,0.00294968924136
6.00409024628e-05,0.00294968733797
6.00408081785e-05,0.00294968502324
6.00407240351e-05,0.00294968240778
6.00406519425e-05,0.00294968032298
6.0040579001e-05,0.00294967810138
6.00405018152e-05,0.00294967615725
6.00404276004e-05,0.00294967394051
6.00403506572e-05,0.00294967198958
6.00402769578e-05,0.00294966996686
6.00401995901e-05,0.00294966802952
6.00401268305e-05,0.00294966551204
6.00400523581e-05,0.00294966343887
6.00399762637e-05,0.00294966112512
6.00399006695e-05,0.00294965896076
6.00398322755e-05,0.00294965715827
6.00397654883e-05,0.0029496556342
6.00396951086e-05,0.00294965444385
6.00396240316e-05,0.00294965288388
6.00395685524e-05,0.00294965183906
6.00395059337e-05,0.00294965069528
6.0039440829e-05,0.00294964967567
6.0039373587e-05,0.00294964861823
6.00393170316e-05,0.00294964727267
6.00392590362e-05,0.00294964604739
6.00391872467e-05,0.00294964522764
6.00391271291e-05,0.00294964417893
6.00390714226e-05,0.00294964328835
6.00390160495e-05,0.00294964237352
6.0038963511e-05,0.00294964162458
6.00389081076e-05,0.00294964087758
6.00388434426e-05,0.00294964016939
6.00387932233e-05,0.00294963946411
6.00387327116e-05,0.00294963824757
6.00386794e-05,0.0029496374802
6.0038623163e-05,0.00294963709603
6.00385714885e-05,0.00294963586784
6.0038513584e-05,0.00294963500831
6.00384509805e-05,0.00294963369379
6.00384007763e-05,0.00294963287694
6.00383513453e-05,0.00294963152167
6.00383078715e-05,0.0029496305205
6.00382534079e-05,0.00294962963477
6.00382042194e-05,0.00294962808742
6.0038149195e-05,0.00294962671275
6.00380959592e-05,0.00294962537397
6.00380414198e-05,0.00294962373349
6.00379925951e-05,0.00294962255866
6.0037956185e-05,0.00294962129847
6.0037892384e-05,0.00294961974626
6.00378430894e-05,0.00294961855398
6.00378036628e-05,0.00294961750236
6.00377543378e-05,0.00294961630619
6.00377096816e-05,0.00294961504308
6.00376692243e-05,0.00294961361894
6.00376190202e-05,0.00294961286515
6.00375741972e-05,0.00294961162241
6.00375332397e-05,0.0029496108337
6.00374903721e-05,0.00294961003431
6.00374509001e-05,0.00294960971611
6.00374047129e-05,0.00294960965402
6.00373651044e-05,0.00294960943963
6.00373254808e-05,0.00294960925239
6.00372993631e-05,0.00294960910493
6.00372602548e-05,0.00294960917963
6.00372288773e-05,0.00294960929508
6.00371875559e-05,0.00294960926209
6.00371493571e-05,0.00294960950268
6.00371130531e-05,0.00294961006245
6.00370841767e-05,0.00294960988006
6.00370513439e-05,0.00294960960552
6.00370257416e-05,0.00294960992178
6.00369944398e-05,0.00294961040199
6.00369549071e-05,0.00294961054848
6.00369179362e-05,0.00294961072213
6.00368938952e-05,0.00294961107332
6.00368646853e-05,0.00294961075706
6.00368358846e-05,0.0029496104214
6.00368037036e-05,0.00294961074445
6.00367734326e-05,0.00294961135369
6.00367573952e-05,0.00294961225397
6.00367283217e-05,0.00294961297768
6.00367081612e-05,0.00294961346081
6.00366808006e-05,0.0029496144319
6.00366573053e-05,0.00294961526233
6.00366285198e-05,0.00294961614515
6.00366029782e-05,0.00294961681551
6.00365747384e-05,0.00294961720938
6.0036553244e-05,0.00294961771482
6.00365260349e-05,0.00294961816204
6.00365023881e-05,0.00294961895658
6.00364768919e-05,0.00294961983745
6.00364484853e-05,0.0029496205602
6.00364353886e-05,0.00294962131108
6.00364173048e-05,0.00294962172144
6.00364003124e-05,0.0029496224859
6.00363683134e-05,0.00294962332506
6.00363484258e-05,0.00294962427676
6.00363271739e-05,0.00294962536233
6.00363074833e-05,0.00294962617724
6.00362936742e-05,0.00294962677969
6.00362594469e-05,0.0029496276528
6.00362559756e-05,0.00294962851331
6.00362320408e-05,0.00294962922344
6.00362107283e-05,0.00294963034297
6.00361917198e-05,0.00294963158279
6.00361704073e-05,0.00294963243844
6.0036151126e-05,0.00294963306126
6.00361313445e-05,0.00294963405662
6.00361100472e-05,0.00294963488025
6.0036093843e-05,0.00294963560882
6.00360766839e-05,0.00294963627239
6.00360604494e-05,0.00294963703297
6.00360431539e-05,0.00294963793907
6.00360262524e-05,0.0029496385192
6.00360050612e-05,0.00294963907218
6.0035994026e-05,0.00294963974253
6.0035974199e-05,0.00294964009954
6.00359524621e-05,0.00294964034401
6.0035934348e-05,0.00294964080094
6.00359207814e-05,0.00294964118802
6.00359059263e-05,0.00294964202039
6.00358853262e-05,0.0029496425821
6.00358654386e-05,0.00294964311858
6.00358492344e-05,0.00294964386461
6.00358403062e-05,0.00294964461452
6.0035819782e-05,0.0029496453004
6.00358065488e-05,0.00294964624239
6.00357929216e-05,0.00294964709707
6.00357834173e-05,0.00294964837861
6.00357622109e-05,0.00294964931381
6.00357405195e-05,0.00294965052744
6.00357357447e-05,0.00294965219897
6.00357141593e-05,0.00294965357558
6.00356991223e-05,0.00294965539166
6.00356821906e-05,0.00294965726304
6.00356687755e-05,0.00294965921979
6.00356550725e-05,0.00294966075453
6.00356451741e-05,0.00294966276851
6.00356316378e-05,0.00294966463989
6.00356154185e-05,0.00294966633955
6.00356017003e-05,0.00294966817698
6.0035578296e-05,0.0029496695109
6.00355682915e-05,0.00294967065856
6.00355558011e-05,0.00294967184794
6.00355414917e-05,0.00294967273755
6.00355270459e-05,0.00294967362133
6.00355135703e-05,0.00294967429266
6.00354968052e-05,0.00294967495914
6.00354892564e-05,0.00294967579539
6.00354716274e-05,0.00294967668403
6.00354633055e-05,0.00294967780937
6.0035446298e-05,0.00294967863689
6.00354300029e-05,0.00294967921218
6.00354181794e-05,0.00294967940232
6.00354049766e-05,0.00294967986993
6.00353874385e-05,0.00294968021432
6.00353781313e-05,0.00294968098848
6.00353633672e-05,0.00294968172481
6.00353418273e-05,0.00294968230204
6.00353282456e-05,0.00294968315769
6.003531718e-05,0.00294968370678
6.00353089946e-05,0.00294968447512
6.00352948065e-05,0.00294968538704
6.00352805426e-05,0.00294968597882
6.00352639594e-05,0.00294968659291
6.00352422074e-05,0.0029496871323
6.00352300504e-05,0.00294968777065
6.0035231157e-05,0.00294968846332
6.00352118151e-05,0.00294968927822
6.00352002342e-05,0.00294969001067
6.00351916243e-05,0.00294969076155
6.00351766631e-05,0.00294969153571
6.00351652793e-05,0.00294969228174
6.00351558963e-05,0.00294969292784
6.0035138146e-05,0.0029496935041
6.00351372062e-05,0.00294969413565
6.00351154996e-05,0.0029496943064
6.00351061015e-05,0.00294969493892
6.00350984314e-05,0.00294969545503
6.00351002049e-05,0.00294969609628
6.00350999472e-05,0.00294969685783
6.00350813935e-05,0.00294969724297
6.00350823637e-05,0.00294969799676
6.00350695701e-05,0.00294969826452
6.00350573677e-05,0.00294969836153
6.00350449076e-05,0.00294969838481
6.00350374498e-05,0.00294969860794
6.00350328114e-05,0.00294969913375
6.00350224583e-05,0.00294969952083
6.00350236103e-05,0.00294969986911
6.00350211092e-05,0.00294970041044
6.00350123023e-05,0.00294970077327
6.00350034195e-05,0.00294970122729
6.00350049353e-05,0.00294970184526
6.00350003272e-05,0.00294970211689
6.00349904744e-05,0.0029497021751
6.00349832894e-05,0.00294970233129
6.00349762105e-05,0.00294970255248
6.00349694499e-05,0.00294970303463
6.00349646144e-05,0.00294970342463
6.00349565957e-05,0.00294970383887
6.00349571566e-05,0.0029497041173
6.00349528365e-05,0.00294970437729
6.00349480768e-05,0.00294970481773
6.00349431503e-05,0.00294970497295
6.00349336006e-05,0.00294970518056
6.00349274919e-05,0.00294970554727
6.00349208374e-05,0.00294970592853
6.00349192003e-05,0.00294970632531
6.00349144255e-05,0.0029497069297
6.00349126974e-05,0.00294970717417
6.00348970086e-05,0.00294970754185
6.00348919155e-05,0.00294970803952
6.00348766663e-05,0.00294970853138
6.00348754081e-05,0.00294970901062
6.00348801072e-05,0.00294970943748
6.00348808499e-05,0.00294971006321
6.00348793948e-05,0.002949710947
6.00348609623e-05,0.00294971164258
6.00348574456e-05,0.0029497124439
6.00348570818e-05,0.00294971321612
6.00348490025e-05,0.00294971369537
6.00348445005e-05,0.00294971426386
6.00348360725e-05,0.00294971468393
6.00348361786e-05,0.00294971513019
6.00348377854e-05,0.00294971576562
6.00348319646e-05,0.0029497160586
6.00348239307e-05,0.00294971651262
6.00348151541e-05,0.00294971699477
6.00348137747e-05,0.00294971716357
6.00348082571e-05,0.00294971759819
6.00348035581e-05,0.00294971786304
6.00347972825e-05,0.00294971814922
6.00347972522e-05,0.00294971863138
6.00347998594e-05,0.00294971895734
6.00347954787e-05,0.00294971930853
6.00347906432e-05,0.00294971959665
6.00347840797e-05,0.00294971979456
6.00347851408e-05,0.00294972014187
6.00347827458e-05,0.00294972038052
6.0034769543e-05,0.00294972042805
6.00347682545e-05,0.00294972091021
6.00347660869e-05,0.00294972116438
6.0034765814e-05,0.00294972127109
6.00347646014e-05,0.00294972164944
6.0034762646e-05,0.00294972194727
6.00347582652e-05,0.00294972231398
6.00347617061e-05,0.00294972258077
6.00347587351e-05,0.0029497227942
6.00347537935e-05,0.00294972288151
6.00347485943e-05,0.00294972284173
6.00347474422e-05,0.00294972282912
6.0034745214e-05,0.00294972289509
6.00347379077e-05,0.00294972269621
6.00347360432e-05,0.0029497227292
6.00347349518e-05,0.00294972279711
6.00347335421e-05,0.00294972284852
6.00347296616e-05,0.00294972303673
6.00347255234e-05,0.00294972306292
6.00347236286e-05,0.00294972324045
6.00347340423e-05,0.00294972338597
6.00347363161e-05,0.00294972352858
6.00347314654e-05,0.00294972350045
6.00347305256e-05,0.0029497237197
6.00347285399e-05,0.00294972376917
6.00347226282e-05,0.00294972381574
6.00347151703e-05,0.0029497237944
6.00347143215e-05,0.00294972395835
6.00347159586e-05,0.00294972405051
6.00347120174e-05,0.00294972394865
6.00347145943e-05,0.00294972430177
6.00347151249e-05,0.00294972435513
6.00347141547e-05,0.00294972465878
6.0034718778e-05,0.002949724879
6.00347166104e-05,0.00294972520981
6.00347117597e-05,0.00294972533011
6.00347060148e-05,0.00294972563182
6.00347091828e-05,0.00294972597039
6.00347093647e-05,0.002949726243
6.00347043928e-05,0.00294972658157
6.0034700679e-05,0.00294972692888
6.00346985266e-05,0.00294972721895
6.00347004972e-05,0.00294972744499
6.00347003001e-05,0.00294972774767
6.00346951614e-05,0.00294972788154
6.00346943884e-05,0.00294972803094
6.00346901289e-05,0.00294972804356
6.00346927816e-05,0.00294972828318
6.00346942823e-05,0.0029497285422
6.00346928877e-05,0.00294972868384
6.00346867941e-05,0.00294972880608
6.00346862332e-05,0.00294972903697
6.00346904776e-05,0.00294972923972
6.0034693297e-05,0.00294972949875
6.00346902805e-05,0.00294972961516
6.00346812613e-05,0.00294972972091
6.00346865819e-05,0.00294973001389
6.00346838686e-05,0.00294973015552
6.0034678548e-05,0.00294973036895
6.00346828378e-05,0.00294973057171
6.00346779265e-05,0.00294973078029
6.00346817616e-05,0.00294973098498
6.00346803822e-05,0.00294973118968
6.00346786996e-05,0.00294973134296
6.00346780326e-05,0.00294973148848
6.0034675486e-05,0.00294973157967
6.0034666194e-05,0.00294973171161
6.00346688467e-05,0.00294973196578
6.00346663456e-05,0.00294973197451
6.00346681191e-05,0.00294973222869
6.00346610554e-05,0.00294973229951
6.00346642235e-05,0.00294973239943
6.00346598124e-05,0.00294973264099
6.00346596457e-05,0.00294973296307
6.00346623742e-05,0.00294973319978
6.00346643751e-05,0.00294973331232
6.00346606916e-05,0.00294973345978
6.0034661404e-05,0.00294973366642
6.00346645115e-05,0.00294973385074
6.00346657999e-05,0.00294973397589
6.00346640264e-05,0.00294973416312
6.00346681495e-05,0.00294973433483
6.00346627986e-05,0.00294973428827
6.0034662647e-05,0.00294973458513
6.00346620862e-05,0.00294973474035
6.00346585694e-05,0.00294973481796
6.00346557349e-05,0.00294973502071
6.0034657857e-05,0.00294973523511
6.00346570233e-05,0.0029497353428
6.0034653067e-05,0.00294973537772
6.00346537491e-05,0.00294973551839
6.0034657857e-05,0.00294973568234
6.00346524304e-05,0.00294973587928
6.00346555075e-05,0.00294973594428
6.00346547344e-05,0.00294973626054
6.00346530367e-05,0.00294973636822
6.0034653446e-05,0.00294973644195
6.00346528699e-05,0.00294973661948
6.00346551892e-05,0.0029497366806
6.00346505053e-05,0.00294973683097
6.00346531125e-05,0.0029497369988
6.00346476252e-05,0.00294973703858
6.00346544616e-05,0.00294973723746
6.0034659585e-05,0.00294973734805
6.00346505659e-05,0.0029497374179
6.00346494745e-05,0.00294973753237
6.00346502021e-05,0.0029497376226
6.00346464125e-05,0.00294973767595
6.00346490349e-05,0.00294973782341
6.00346501111e-05,0.00294973784767
6.00346483225e-05,0.00294973796117
6.0034651339e-05,0.00294973812318
6.00346504143e-05,0.00294973810766
6.00346466702e-05,0.00294973804945
6.00346415316e-05,0.00294973815714
6.00346470947e-05,0.00294973832885
6.00346499444e-05,0.00294973844818
6.00346455334e-05,0.00294973848504
6.0034650096e-05,0.00294973865675
6.00346456698e-05,0.0029497386034
6.00346458517e-05,0.00294973870526
6.00346445026e-05,0.00294973873339
6.00346475949e-05,0.00294973886339
6.00346478526e-05,0.00294973896816
6.00346505204e-05,0.00294973892257
6.00346470947e-05,0.0029497389963
6.0034647898e-05,0.00294973908749
6.00346468066e-05,0.00294973913503
6.003464617e-05,0.00294973921458
6.00346439266e-05,0.00294973916704
6.00346418044e-05,0.00294973922428
6.00346462913e-05,0.00294973923398
6.00346444116e-05,0.00294973930868
6.00346452908e-05,0.00294973920682
6.00346461245e-05,0.00294973933487
6.00346462609e-05,0.00294973923204
6.00346445784e-05,0.0029497392689
6.00346426078e-05,0.00294973931062
6.00346395762e-05,0.00294973934845
6.00346407585e-05,0.00294973926599
6.003463994e-05,0.0029497393436
6.00346412133e-05,0.0029497392592
6.00346398339e-05,0.00294973929704
6.00346373024e-05,0.00294973936204
6.00346391366e-05,0.00294973946002
6.00346415316e-05,0.00294973939696
6.00346407585e-05,0.00294973936204
6.00346429868e-05,0.00294973923883
6.00346411981e-05,0.00294973926308
6.00346395458e-05,0.00294973922428
6.00346415164e-05,0.00294973918741
6.0034636302e-05,0.00294973915443
6.00346350893e-05,0.0029497391292
6.00346350438e-05,0.00294973912823
6.00346358776e-05,0.00294973902734
6.00346418347e-05,0.00294973902055
6.00346339676e-05,0.002949739006
6.00346387425e-05,0.00294973902831
6.00346380755e-05,0.00294973905548
6.00346371357e-05,0.00294973912629
6.00346354228e-05,0.00294973905645
6.0034634771e-05,0.00294973914279
6.00346347104e-05,0.00294973907488
6.00346339221e-05,0.00294973908458
6.00346356047e-05,0.00294973909331
6.00346348771e-05,0.00294973908749
6.00346358776e-05,0.00294973902831
6.00346366658e-05,0.00294973908749
6.0034632952e-05,0.00294973910301
6.00346338463e-05,0.00294973907779
6.00346327398e-05,0.00294973897495
6.00346340434e-05,0.0029497390351
6.00346337706e-05,0.00294973902637
6.00346329369e-05,0.00294973898757
6.0034632664e-05,0.00294973902637
6.00346321486e-05,0.00294973907003
6.0034635059e-05,0.00294973901279
6.0034632376e-05,0.002949739006
6.00346357563e-05,0.00294973908361
6.00346329823e-05,0.00294973899921
6.00346315575e-05,0.00294973896913
6.00346325579e-05,0.00294973902734
