-1.400834601372480392e-02
1.383403390645980835e-01
-9.129676222801208496e-02
-2.649126946926116943e-02
1.063705831766128540e-01
-1.151964664459228516e-01
2.450877428054809570e-01
6.356190145015716553e-02
-9.857028722763061523e-03
-5.630770325660705566e-02
2.019359469413757324e-01
2.339462935924530029e-02
3.960885107517242432e-02
-2.149075036868453026e-03
1.014524325728416443e-01
5.995290726423263550e-02
4.289712384343147278e-02
-3.055257908999919891e-02
3.545320034027099609e-02
4.930534958839416504e-02
-3.244614636059850454e-04
-8.905545622110366821e-02
-1.216632351279258728e-01
2.177306450903415680e-02
5.175882950425148010e-02
-7.710313796997070312e-02
-8.993593603372573853e-02
-3.204366564750671387e-01
5.653356388211250305e-02
1.018878221511840820e-01
-4.026551544666290283e-02
-7.461860030889511108e-02
-2.245105989277362823e-02
2.284625358879566193e-02
-1.189141273498535156e-01
-1.324632465839385986e-01
3.130135312676429749e-02
-1.655438356101512909e-02
-1.350347399711608887e-01
2.697005271911621094e-01
-1.097012497484683990e-02
-1.170546784996986389e-01
-1.793925762176513672e-01
2.038182690739631653e-03
9.176490455865859985e-02
9.914170205593109131e-02
3.344014112371951342e-04
-1.205042898654937744e-01
1.141708344221115112e-01
-1.297290995717048645e-02
-1.154129207134246826e-01
8.287752419710159302e-02
-5.688433721661567688e-02
-7.568177580833435059e-02
-1.147960871458053589e-01
-3.702225536108016968e-02
-2.646267972886562347e-02
1.527792215347290039e-01
4.380378127098083496e-02
8.638684451580047607e-02
-3.310243040323257446e-02
1.661999076604843140e-01
9.519862011075019836e-03
7.377576828002929688e-02
-1.127237360924482346e-02
-4.452593624591827393e-02
6.938245892524719238e-02
1.987722516059875488e-02
-1.506800353527069092e-01
7.598886638879776001e-02
-2.030467987060546875e-01
2.641309984028339386e-03
6.867195665836334229e-02
9.950327128171920776e-02
-1.487817317247390747e-01
1.999278925359249115e-02
2.740681730210781097e-02
4.057234153151512146e-03
-1.169902905821800232e-01
1.825178414583206177e-01
1.038104891777038574e-01
2.722542174160480499e-02
2.541019581258296967e-02
2.689726417884230614e-03
1.010770276188850403e-01
2.338414452970027924e-02
-9.434549510478973389e-02
-1.134012937545776367e-01
1.152061223983764648e-01
6.383116543292999268e-02
5.567071214318275452e-02
-4.746735095977783203e-02
-4.814620316028594971e-02
2.091694157570600510e-03
-4.780056420713663101e-03
-5.120041314512491226e-03
-9.283745288848876953e-02
-7.421606034040451050e-02
-6.066560372710227966e-02
8.859772980213165283e-02
7.771123945713043213e-02
-1.353962868452072144e-01
7.426603883504867554e-02
3.397965431213378906e-01
5.370492115616798401e-02
9.883976727724075317e-02
-1.001502014696598053e-02
-4.369512945413589478e-02
1.102106925100088120e-02
1.821112483739852905e-01
-1.498107612133026123e-01
-2.157138884067535400e-01
1.526763439178466797e-01
-4.294139146804809570e-02
1.302742026746273041e-02
-9.300103038549423218e-02
-1.850460469722747803e-01
1.406960785388946533e-01
5.495587363839149475e-02
-1.967565566301345825e-01
