-4.573769867420196533e-02
1.354798376560211182e-01
-6.226370856165885925e-02
-3.434503450989723206e-02
-9.364545345306396484e-02
1.619062274694442749e-01
8.350268006324768066e-02
-1.192770600318908691e-01
2.022040784358978271e-01
7.444908469915390015e-02
-1.830155700445175171e-01
-2.044474147260189056e-02
-5.338865146040916443e-02
1.055844128131866455e-02
-8.633641153573989868e-02
-9.866944514214992523e-03
1.855344623327255249e-01
5.879509821534156799e-02
-2.178717963397502899e-02
-1.494405418634414673e-01
-1.847372914198786020e-04
-1.274792850017547607e-02
2.646416425704956055e-03
-7.014154456555843353e-03
-9.845040738582611084e-02
4.435791447758674622e-02
-7.575388997793197632e-02
7.115456461906433105e-02
1.100104302167892456e-01
1.017489470541477203e-02
1.411426812410354614e-01
2.393868379294872284e-02
-1.274293065071105957e-01
-6.443242542445659637e-03
-5.208168178796768188e-02
-8.562727831304073334e-03
-3.730116039514541626e-02
3.365999087691307068e-02
1.233013942837715149e-01
-4.915881901979446411e-02
-1.692091077566146851e-01
-1.682500988245010376e-01
-1.203043502755463123e-03
9.707158803939819336e-02
-4.890445247292518616e-02
1.625187844038009644e-01
7.562655210494995117e-02
1.631429493427276611e-01
3.799463622272014618e-03
1.379959844052791595e-02
-3.486664220690727234e-02
1.187799423933029175e-01
2.570562623441219330e-02
1.265095472335815430e-01
3.557609766721725464e-02
9.106813929975032806e-03
7.396172732114791870e-02
6.885145604610443115e-02
1.611293107271194458e-01
-1.468254923820495605e-01
-8.174965530633926392e-02
-1.993751712143421173e-02
5.989179015159606934e-02
1.889645867049694061e-02
-5.265776813030242920e-02
1.111139077693223953e-03
-6.334738433361053467e-02
-8.520311675965785980e-03
8.864166587591171265e-02
2.595259435474872589e-02
1.178738176822662354e-01
-1.945173293352127075e-01
1.723047196865081787e-01
-7.327902317047119141e-02
-1.540517508983612061e-01
6.242096051573753357e-02
5.562596395611763000e-02
-1.026561409235000610e-01
-1.274000406265258789e-01
-2.016145922243595123e-02
-9.526318311691284180e-02
-1.041382104158401489e-01
1.203572750091552734e-01
-1.211263388395309448e-01
-2.439864352345466614e-02
2.704543434083461761e-02
-7.269447296857833862e-02
-2.458608448505401611e-01
-1.346703618764877319e-01
-8.665607124567031860e-02
8.473306894302368164e-02
1.994797736406326294e-01
2.755763828754425049e-01
-2.992588095366954803e-02
-1.314787268638610840e-01
-3.868397697806358337e-02
-1.043910607695579529e-01
1.391326542943716049e-02
-1.035253182053565979e-01
5.223466828465461731e-02
7.752453535795211792e-02
-8.308170735836029053e-02
-1.354924589395523071e-01
-1.785358786582946777e-02
1.386440843343734741e-01
-8.938135206699371338e-02
-2.820603549480438232e-02
1.133115142583847046e-01
-4.460031166672706604e-02
6.306559778749942780e-03
1.658584177494049072e-01
3.957841079682111740e-03
-1.096328571438789368e-01
8.445067703723907471e-02
1.028173696249723434e-02
-1.230681315064430237e-01
-7.878273725509643555e-02
9.142827987670898438e-02
7.466082274913787842e-02
-4.759684577584266663e-02
