-4.835020303726196289e-01
5.297001600265502930e-01
4.150742888450622559e-01
7.579447627067565918e-01
2.319463044404983521e-01
3.659472167491912842e-01
-3.629802465438842773e-01
-3.170039877295494080e-02
4.848255217075347900e-01
-3.086561858654022217e-01
5.401399135589599609e-01
3.167555034160614014e-01
4.669849872589111328e-01
5.766898393630981445e-01
1.265018880367279053e-01
-2.427789866924285889e-01
6.081784367561340332e-01
-6.427077054977416992e-01
9.497873485088348389e-02
2.183559983968734741e-01
-1.678012907505035400e-01
6.510237455368041992e-01
-1.029232501983642578e+00
1.164042800664901733e-01
6.300424784421920776e-02
2.675208747386932373e-01
-2.740821838378906250e-01
-2.326980829238891602e-01
-2.549713850021362305e-01
1.328044831752777100e-01
3.423794209957122803e-01
1.695956438779830933e-01
8.752688765525817871e-01
4.810824394226074219e-01
7.036828398704528809e-01
-9.660536646842956543e-01
2.233360856771469116e-01
4.899227023124694824e-01
5.283439755439758301e-01
7.473330944776535034e-02
-1.207717582583427429e-01
2.350926250219345093e-01
-7.023060917854309082e-01
4.464105665683746338e-01
-1.267490237951278687e-01
-4.094024598598480225e-01
3.231745958328247070e-01
-4.750484526157379150e-01
-1.550113260746002197e-01
-1.687146723270416260e-01
-3.076976835727691650e-01
1.908740550279617310e-01
2.559609711170196533e-01
-1.610918194055557251e-01
5.613870024681091309e-01
2.571677565574645996e-01
-2.912374436855316162e-01
1.807535588741302490e-01
-5.022318288683891296e-02
1.352524012327194214e-01
4.051253497600555420e-01
1.023071050643920898e+00
2.900805771350860596e-01
-4.369780048727989197e-02
5.271376296877861023e-02
1.299276202917098999e-01
2.986727058887481689e-01
1.010189801454544067e-01
2.648586332798004150e-01
4.031468331813812256e-01
-5.257740616798400879e-01
1.200835853815078735e-01
-3.412287235260009766e-01
3.800977468490600586e-01
4.419794380664825439e-01
1.379225552082061768e-01
2.933985888957977295e-01
6.640782952308654785e-02
-3.564213961362838745e-02
1.400106698274612427e-01
8.731901049613952637e-01
3.149425387382507324e-01
6.624395847320556641e-01
-2.852343320846557617e-01
-1.812659800052642822e-01
-9.709510207176208496e-01
-3.826766014099121094e-01
-2.450029850006103516e-01
-3.141508102416992188e-01
-7.846836447715759277e-01
-5.673665404319763184e-01
8.059288263320922852e-01
1.498250812292098999e-01
-6.385806202888488770e-01
-1.172720119357109070e-01
-1.007155049592256546e-02
2.223360091447830200e-01
-7.681497931480407715e-01
-3.954091966152191162e-01
2.553318738937377930e-01
