-5.275497213006019592e-02
2.165676802396774292e-01
-2.160712704062461853e-02
1.277855932712554932e-01
-4.698858782649040222e-02
1.566886901855468750e-01
-4.570676386356353760e-02
-3.339321911334991455e-02
2.661790885031223297e-02
-5.340032652020454407e-02
-7.815147191286087036e-02
3.480774909257888794e-02
-1.859819516539573669e-02
3.938861936330795288e-02
2.288972213864326477e-02
6.094735115766525269e-03
1.457044184207916260e-01
9.952042996883392334e-02
2.571267075836658478e-02
6.365464627742767334e-02
7.511285692453384399e-02
1.473855823278427124e-01
1.169252768158912659e-01
-1.143751889467239380e-01
-4.050984606146812439e-02
1.666811704635620117e-01
1.797968447208404541e-01
4.390158131718635559e-02
3.160198032855987549e-02
-1.644267588853836060e-01
8.864227682352066040e-02
-1.059389393776655197e-02
1.493879407644271851e-01
-1.704393774271011353e-01
3.787040477618575096e-04
1.680464297533035278e-02
5.931589752435684204e-02
1.013060435652732849e-01
5.056646652519702911e-03
1.426002681255340576e-01
-2.703542634844779968e-02
-2.224897146224975586e-01
-5.714752897620201111e-02
1.189329475164413452e-01
1.843704134225845337e-01
1.143610551953315735e-01
5.272621661424636841e-02
-7.633314281702041626e-02
-7.241329550743103027e-02
-3.590266779065132141e-02
-6.637753546237945557e-02
-1.174632385373115540e-01
1.527411341667175293e-01
-3.493406996130943298e-02
9.410660713911056519e-02
-1.092669786885380745e-03
-6.919143348932266235e-02
9.566293656826019287e-02
-7.161828130483627319e-02
-2.470183074474334717e-01
-4.077605158090591431e-02
-4.304880276322364807e-02
-3.343432024121284485e-02
4.553298000246286392e-03
9.164798259735107422e-02
1.224009916186332703e-01
2.821695804595947266e-02
-6.576878577470779419e-02
5.595078691840171814e-02
-1.160936057567596436e-01
1.267719641327857971e-02
1.231866404414176941e-01
-1.959755457937717438e-02
5.387037619948387146e-02
-1.671713218092918396e-02
4.311142861843109131e-02
1.397134363651275635e-02
8.331181108951568604e-02
-9.203732013702392578e-03
-6.928463280200958252e-02
-8.835776150226593018e-02
-2.789326012134552002e-01
1.162195280194282532e-01
-2.684396505355834961e-02
7.967908680438995361e-02
-4.385650530457496643e-02
-4.025885835289955139e-03
5.438256263732910156e-02
1.929098665714263916e-01
-1.787867583334445953e-02
3.685260191559791565e-03
-5.886997282505035400e-02
2.098942101001739502e-01
1.478434652090072632e-01
6.258964538574218750e-03
-1.782659739255905151e-01
-2.218369580805301666e-02
5.187254399061203003e-02
-1.631610542535781860e-01
-3.229815512895584106e-02
-1.512100994586944580e-01
1.497394740581512451e-01
8.647153526544570923e-02
-1.465983921661973000e-03
-4.072629660367965698e-02
-6.332237273454666138e-02
-2.052132785320281982e-01
-4.520277678966522217e-02
1.118135601282119751e-01
1.355320122092962265e-02
7.713493425399065018e-03
5.629962682723999023e-02
-4.999970272183418274e-02
3.401314839720726013e-02
-6.341124325990676880e-02
9.083759039640426636e-02
-6.429221481084823608e-02
-9.886076673865318298e-03
-2.400444895029067993e-01
-1.671405881643295288e-01
5.178813636302947998e-02
2.586802095174789429e-02
9.090078063309192657e-03
1.718865483999252319e-01
5.695153027772903442e-02
-3.042076528072357178e-02
-5.920853000134229660e-03
-4.397693276405334473e-02
2.802912890911102295e-02
-2.718406915664672852e-02
7.122968137264251709e-02
-9.234932810068130493e-02
2.464023679494857788e-01
1.703317463397979736e-01
2.083529159426689148e-02
6.941502541303634644e-02
4.291868209838867188e-02
-1.595911830663681030e-01
-3.513193223625421524e-05
-1.969802528619766235e-01
9.936952963471412659e-03
-5.482255294919013977e-02
-4.239173606038093567e-02
2.822230383753776550e-02
-1.120143979787826538e-01
1.751983612775802612e-01
-4.113581031560897827e-03
1.140359090641140938e-03
-1.308160275220870972e-01
-8.458752185106277466e-02
