-6.765932589769363403e-02
-1.457416713237762451e-01
-1.030626296997070312e-01
1.614372134208679199e-01
1.049035713076591492e-01
-1.041157450526952744e-02
-3.087984165176749229e-03
6.092531979084014893e-02
-2.198791131377220154e-03
1.166610866785049438e-01
2.763437107205390930e-02
-1.472369879484176636e-01
1.616761386394500732e-01
-1.512660682201385498e-01
-3.199325501918792725e-02
4.370366036891937256e-02
-6.160629913210868835e-02
1.633647084236145020e-02
-1.677099019289016724e-01
-3.457185998558998108e-02
-3.482762351632118225e-02
1.182885169982910156e-01
-9.000076353549957275e-02
-7.417485862970352173e-02
1.077203378081321716e-01
1.142956465482711792e-01
-5.685732141137123108e-02
1.360849440097808838e-01
-1.107366196811199188e-02
-9.865809977054595947e-02
7.161686080507934093e-04
6.832959130406379700e-03
-1.221060846000909805e-02
-3.669490292668342590e-02
-9.236790239810943604e-02
-1.437872350215911865e-01
1.558956950902938843e-01
4.477201029658317566e-02
5.172914266586303711e-02
-1.209772080183029175e-01
1.844142377376556396e-01
3.888862207531929016e-02
8.645051717758178711e-02
-1.162160336971282959e-01
1.747598946094512939e-01
4.126225784420967102e-02
2.750417888164520264e-01
-2.170732021331787109e-01
5.233040079474449158e-02
-4.527078196406364441e-02
1.848887503147125244e-01
-2.209944091737270355e-02
1.423433423042297363e-01
1.407555397599935532e-02
-1.452355235815048218e-01
1.190012618899345398e-01
4.946976527571678162e-02
-6.328175216913223267e-02
8.614178746938705444e-03
-2.144713141024112701e-02
1.272068470716476440e-01
1.016222238540649414e-01
-1.460726857185363770e-01
2.102585276588797569e-03
6.976097077131271362e-02
6.426963955163955688e-02
-1.701098531484603882e-01
-7.638846989721059799e-03
-2.183557860553264618e-02
-3.072197362780570984e-02
-1.196497492492198944e-02
9.525596350431442261e-02
-2.331484807655215263e-03
7.738571614027023315e-02
-1.375173032283782959e-01
7.867117412388324738e-03
-7.459162175655364990e-02
-6.658141314983367920e-02
-1.877467148005962372e-02
2.054378539323806763e-01
-1.393859088420867920e-01
4.672475904226303101e-02
-5.259835347533226013e-02
1.802495270967483521e-01
-9.038697928190231323e-02
1.162810903042554855e-02
-7.996603101491928101e-02
-6.622142344713211060e-02
-2.683093212544918060e-02
6.478689610958099365e-02
-4.782967269420623779e-02
-8.864992856979370117e-02
-3.117286227643489838e-02
1.043470352888107300e-01
2.056810073554515839e-02
1.723558176308870316e-03
-9.226080775260925293e-02
-6.448268145322799683e-02
-4.226792976260185242e-02
-1.152411848306655884e-01
3.360268473625183105e-02
3.542621433734893799e-02
1.813389919698238373e-02
-6.705006957054138184e-02
1.291777845472097397e-02
9.300555102527141571e-03
-3.462073579430580139e-02
-9.736847132444381714e-02
4.822366684675216675e-02
8.925516158342361450e-03
9.167208522558212280e-02
-8.212029188871383667e-02
-7.027827203273773193e-02
-9.518988430500030518e-02
-1.500849723815917969e-01
-1.259274482727050781e-01
-3.003896446898579597e-03
2.093722671270370483e-01
-3.985334932804107666e-02
5.980501323938369751e-02
-2.294375188648700714e-02
4.277525469660758972e-02
1.119433939456939697e-01
-7.064113020896911621e-02
-5.260361358523368835e-02
-7.474590837955474854e-02
1.355343163013458252e-01
-6.283307075500488281e-02
-3.813025727868080139e-02
3.169875591993331909e-02
3.592970222234725952e-02
-6.996036320924758911e-02
-5.042064934968948364e-02
-1.606928259134292603e-01
-1.829716749489307404e-02
1.004096865653991699e-01
-8.440037071704864502e-02
1.220777397975325584e-03
9.115371108055114746e-02
-5.268391221761703491e-03
1.013549119234085083e-01
1.022294908761978149e-01
1.064208894968032837e-01
-5.437615886330604553e-02
-1.919991709291934967e-02
-5.064681917428970337e-02
1.615060959011316299e-03
1.071057002991437912e-02
7.441110908985137939e-02
-2.800852805376052856e-02
