-5.788399279117584229e-02
1.836945265531539917e-01
-2.046732604503631592e-02
3.576434776186943054e-02
-3.179513216018676758e-01
2.225469984114170074e-02
7.954791188240051270e-02
-1.061071828007698059e-02
-9.620763361454010010e-03
-1.010118424892425537e-02
-1.454254686832427979e-01
2.003829926252365112e-02
3.959418274462223053e-03
1.705179363489151001e-01
-1.883280426263809204e-01
1.053405478596687317e-01
3.319904953241348267e-02
1.019697785377502441e-01
-8.878359198570251465e-02
4.771505482494831085e-03
1.720385253429412842e-01
-6.305890530347824097e-02
-1.192527785897254944e-01
8.127478510141372681e-02
2.419070526957511902e-02
-5.564892664551734924e-02
-7.838429883122444153e-03
-5.260187759995460510e-02
-4.118855297565460205e-02
-3.081479854881763458e-02
-1.869769990444183350e-01
1.859375387430191040e-01
4.901748523116111755e-02
-1.026337072253227234e-01
3.265123814344406128e-02
6.402586400508880615e-02
1.731421798467636108e-01
-5.866636335849761963e-02
-1.176943555474281311e-01
1.163370534777641296e-01
7.605598121881484985e-02
-9.099208563566207886e-02
-5.790182203054428101e-02
-3.555366769433021545e-02
3.696199506521224976e-02
1.228214651346206665e-01
-7.858055830001831055e-02
-1.660146377980709076e-02
-7.122095674276351929e-02
2.236029878258705139e-02
1.338585279881954193e-02
1.934270560741424561e-01
-9.215038269758224487e-02
1.067611128091812134e-01
-2.998589910566806793e-02
-4.828427731990814209e-02
-1.512756645679473877e-01
3.174094483256340027e-02
-5.941935256123542786e-02
-9.852936863899230957e-02
-1.162221208214759827e-01
-2.249700725078582764e-01
5.286961421370506287e-02
7.694396376609802246e-02
-1.120705232024192810e-01
-6.769412010908126831e-02
-2.768968604505062103e-02
1.974232494831085205e-02
9.862335026264190674e-02
4.795780032873153687e-02
-6.255247164517641068e-03
-1.787908524274826050e-01
-9.840686619281768799e-02
-1.704115122556686401e-01
-6.194591056555509567e-03
-1.106773465871810913e-01
2.106093429028987885e-02
-8.172523230314254761e-02
4.300568625330924988e-02
-1.150951683521270752e-01
-6.787595897912979126e-02
5.958630517125129700e-02
-7.565680146217346191e-02
-9.389757364988327026e-02
7.069762051105499268e-02
8.474174886941909790e-02
3.466721996665000916e-02
1.315658539533615112e-01
2.211882472038269043e-01
1.089021340012550354e-01
1.820911839604377747e-02
-7.270227372646331787e-02
3.135371580719947815e-02
-1.598648726940155029e-01
4.204478859901428223e-02
9.330245666205883026e-03
-1.443880796432495117e-02
-4.935581609606742859e-02
-4.933054000139236450e-02
3.903644531965255737e-02
