-3.059403896331787109e-01
3.608038127422332764e-01
-7.148271203041076660e-01
-1.510059684514999390e-01
-2.965254783630371094e-01
-4.961057603359222412e-01
5.280836224555969238e-01
-2.454712241888046265e-01
2.769254148006439209e-01
-4.823735058307647705e-01
-6.542699784040451050e-02
-1.007788814604282379e-02
-3.339518904685974121e-01
-1.868215799331665039e-01
3.304606676101684570e-01
-1.956001669168472290e-01
8.319117426872253418e-01
-3.546222671866416931e-02
-9.029479324817657471e-02
1.289685368537902832e-01
8.064659237861633301e-01
-7.280625700950622559e-01
-5.756185054779052734e-01
3.041912615299224854e-01
4.018058776855468750e-01
-4.279535412788391113e-01
3.902588784694671631e-01
-2.611652314662933350e-01
4.181531369686126709e-01
-3.251414597034454346e-01
9.940598607063293457e-01
-1.168373972177505493e-01
2.491763830184936523e-01
-4.715908765792846680e-01
4.379996657371520996e-01
-5.089256167411804199e-01
-3.779130578041076660e-01
-1.033090278506278992e-01
-1.001976609230041504e+00
-1.697731167078018188e-01
-3.541198968887329102e-01
-1.396570121869444847e-03
6.808651685714721680e-01
-5.537930130958557129e-01
1.525663852691650391e+00
-1.009341001510620117e+00
1.034812450408935547e+00
-9.285374283790588379e-01
2.933914065361022949e-01
-1.726931035518646240e-01
-5.099464906379580498e-04
-8.025076389312744141e-01
-3.696662485599517822e-01
4.382817149162292480e-01
-6.867130994796752930e-01
-5.932672619819641113e-01
2.250753343105316162e-01
7.264254987239837646e-02
-7.816851735115051270e-01
-5.225187540054321289e-02
-6.584015488624572754e-01
6.068046092987060547e-01
1.396209746599197388e-01
-3.894407153129577637e-01
6.627769470214843750e-01
-1.110294088721275330e-01
-3.324638307094573975e-01
-1.047085598111152649e-01
1.232854127883911133e+00
2.278072014451026917e-02
2.298105657100677490e-01
4.449820220470428467e-01
-1.853314638137817383e-01
8.192909955978393555e-01
7.033253908157348633e-01
2.515925765037536621e-01
-3.313515782356262207e-01
3.261423204094171524e-03
3.091189861297607422e-01
-7.422118633985519409e-02
-3.946009278297424316e-01
7.704644203186035156e-01
-1.753256320953369141e+00
2.689460813999176025e-01
-1.932807415723800659e-01
-3.950790166854858398e-01
-1.805190593004226685e-01
3.538539409637451172e-01
5.757654905319213867e-01
-5.244495272636413574e-01
-4.451368451118469238e-01
-2.509944736957550049e-01
2.667861580848693848e-01
-2.686451077461242676e-01
-2.551007866859436035e-01
2.793997526168823242e-01
3.988154530525207520e-01
-8.254501223564147949e-01
4.083933830261230469e-01
-5.154318176209926605e-03
7.022608518600463867e-01
5.921452641487121582e-01
-7.567517459392547607e-02
2.380992472171783447e-01
1.188871741294860840e+00
-7.079166769981384277e-01
2.783232033252716064e-01
4.368376433849334717e-01
-3.264551460742950439e-01
3.716633319854736328e-01
-6.220632791519165039e-01
2.584622204303741455e-01
-2.118953317403793335e-01
-5.150432139635086060e-02
-2.976669967174530029e-01
3.937261402606964111e-01
4.170358479022979736e-01
6.880556941032409668e-01
-3.270909786224365234e-01
3.851613700389862061e-01
-5.420849323272705078e-01
-1.644026190042495728e-01
4.655723273754119873e-01
-2.594603300094604492e-01
-6.851309537887573242e-02
-2.189347147941589355e-01
2.909494638442993164e-01
2.073917388916015625e-01
6.982164978981018066e-01
3.587294518947601318e-01
-3.716659545898437500e-02
2.304406315088272095e-01
-2.980148047208786011e-02
6.089531779289245605e-01
4.714762866497039795e-01
6.554107666015625000e-01
-3.386511802673339844e-01
-4.978337585926055908e-01
-1.111766174435615540e-01
-7.341079711914062500e-01
-2.718625962734222412e-01
3.309395611286163330e-01
-1.262543350458145142e-01
5.820659995079040527e-01
1.249234825372695923e-01
8.174546957015991211e-01
-1.001920923590660095e-01
-3.224983811378479004e-01
3.200637996196746826e-01
1.113222479820251465e+00
-2.479515224695205688e-01
-3.208825290203094482e-01
-7.040477991104125977e-01
-6.132006645202636719e-01
6.050357818603515625e-01
5.637533068656921387e-01
3.774753510951995850e-01
-4.157297611236572266e-01
4.518517851829528809e-01
1.129340082406997681e-01
-2.134406119585037231e-01
1.874130964279174805e-01
-7.221316099166870117e-01
2.735580801963806152e-01
-6.707783937454223633e-01
1.044728398323059082e+00
-3.346807360649108887e-01
-8.684485405683517456e-02
-1.561494022607803345e-01
1.704791933298110962e-01
-2.980182170867919922e-01
-2.069580554962158203e-01
-3.246188759803771973e-01
8.547317981719970703e-01
6.979269981384277344e-01
3.688093125820159912e-01
2.844994068145751953e-01
-1.438756585121154785e-01
-6.222941875457763672e-01
5.337759256362915039e-01
-2.674016915261745453e-02
3.225136995315551758e-01
-1.046068549156188965e+00
-7.938563078641891479e-02
-5.512895584106445312e-01
7.885691523551940918e-01
-8.850803598761558533e-03
4.543405473232269287e-01
5.841288566589355469e-01
-2.695223391056060791e-01
-4.940328001976013184e-02
-4.496745765209197998e-01
1.079225063323974609e+00
6.617933511734008789e-02
-3.657205402851104736e-01
-5.575702190399169922e-01
-2.315803617238998413e-02
2.944816648960113525e-01
8.792878389358520508e-01
6.882709860801696777e-01
8.981141448020935059e-02
5.714432001113891602e-01
7.014251351356506348e-01
-6.105818152427673340e-01
-1.868601590394973755e-01
7.117135524749755859e-01
5.664718747138977051e-01
4.791810810565948486e-01
3.519441187381744385e-01
-3.184408247470855713e-01
5.945163965225219727e-01
-2.370595932006835938e-01
-9.624910950660705566e-01
6.409469842910766602e-01
-5.767629146575927734e-01
3.130070269107818604e-01
8.834471106529235840e-01
-1.290287673473358154e-01
3.264937698841094971e-01
6.574591398239135742e-01
-2.304040491580963135e-01
3.981744349002838135e-01
5.735228657722473145e-01
-5.730178356170654297e-01
1.064683198928833008e+00
-2.982843816280364990e-01
2.750295996665954590e-01
2.133816778659820557e-01
-5.168690346181392670e-03
3.281289041042327881e-01
-4.629686102271080017e-02
2.303781360387802124e-01
2.660657167434692383e-01
-3.950989246368408203e-01
-4.539202451705932617e-01
1.181408405303955078e+00
-2.112897187471389771e-01
5.509463548660278320e-01
1.276748657226562500e+00
2.648330032825469971e-01
4.176093265414237976e-02
-1.063496768474578857e-01
-1.285127043724060059e+00
-1.816501319408416748e-01
-2.023367285728454590e-01
2.642553150653839111e-01
2.154444009065628052e-01
-6.930139660835266113e-01
-4.340884089469909668e-02
4.404196515679359436e-02
-6.255638599395751953e-01
-6.031377911567687988e-01
-1.613527834415435791e-01
6.397941112518310547e-01
-8.112313747406005859e-01
-1.222020149230957031e+00
5.088865160942077637e-01
-4.863471388816833496e-01
1.344704069197177887e-02
5.934045910835266113e-01
-5.286968350410461426e-01
-2.620200216770172119e-01
-4.405333399772644043e-01
3.905960023403167725e-01
3.667575120925903320e-01
-2.841473519802093506e-01
-4.467235505580902100e-01
-1.172918081283569336e+00
1.907655969262123108e-02
-5.945653319358825684e-01
5.923965480178594589e-03
-3.096203207969665527e-01
-2.554024942219257355e-02
6.805930733680725098e-01
-3.452332019805908203e-01
-2.972122430801391602e-01
2.001316845417022705e-01
-4.245337545871734619e-01
-1.278871059417724609e+00
1.289972901344299316e+00
-6.321562528610229492e-01
-2.593353688716888428e-01
1.030090093612670898e+00
8.659695982933044434e-01
4.228221774101257324e-01
-7.033578003756701946e-05
-4.981485009193420410e-01
4.879087805747985840e-01
2.066517919301986694e-01
1.577729433774948120e-01
5.274673700332641602e-01
-1.696524396538734436e-02
-2.140474170446395874e-01
4.777678251266479492e-01
9.315928816795349121e-01
1.606397144496440887e-02
2.708271443843841553e-01
1.711899638175964355e-01
1.434418857097625732e-01
-4.378862082958221436e-01
-1.500211060047149658e-01
3.634959459304809570e-01
2.259235829114913940e-01
-1.127174973487854004e+00
-5.184738039970397949e-01
-6.019725799560546875e-01
1.517007201910018921e-01
9.754126667976379395e-01
-1.026397123932838440e-01
-5.117972195148468018e-02
-4.086892306804656982e-01
-1.683823317289352417e-01
5.207407474517822266e-01
2.681638598442077637e-01
6.162795424461364746e-02
1.399105601012706757e-02
-3.092636764049530029e-01
-1.438160538673400879e-01
-2.047718502581119537e-02
-7.807531207799911499e-02
-5.860019922256469727e-01
2.229804247617721558e-01
1.255021810531616211e+00
2.422332763671875000e-02
-3.854546248912811279e-01
3.685272634029388428e-01
2.921862900257110596e-01
-4.052814543247222900e-01
-5.582275390625000000e-01
-3.915576636791229248e-02
-8.170431256294250488e-01
-2.527783513069152832e-01
-8.990175127983093262e-01
-1.703192144632339478e-01
-6.256905384361743927e-03
8.674430847167968750e-02
3.249964416027069092e-01
3.521767556667327881e-01
8.817963600158691406e-01
1.956750601530075073e-01
2.361529022455215454e-01
2.710848152637481689e-01
-2.300065159797668457e-01
-4.141161441802978516e-01
3.675192296504974365e-01
-5.870667099952697754e-01
1.945683211088180542e-01
-7.605029940605163574e-01
-1.465797275304794312e-01
4.816007986664772034e-02
3.038148880004882812e-01
1.176736950874328613e+00
-8.189923316240310669e-02
4.183821082115173340e-01
8.589898794889450073e-02
2.374290674924850464e-01
3.609918802976608276e-02
2.347644418478012085e-02
2.967186570167541504e-01
3.142625093460083008e-01
-9.040933102369308472e-02
-7.107283473014831543e-01
2.375413775444030762e-01
-5.225539952516555786e-02
-1.179667562246322632e-01
-2.639266848564147949e-01
-1.832286715507507324e+00
1.053374037146568298e-01
-1.541403532028198242e-01
4.753916561603546143e-01
8.759691566228866577e-02
-7.312460541725158691e-01
-1.101147651672363281e+00
-1.253469288349151611e-01
1.268548816442489624e-01
-2.056140154600143433e-01
-4.294593930244445801e-01
1.142772380262613297e-02
-2.108822464942932129e-01
2.774293720722198486e-01
-4.458908736705780029e-01
-6.280604004859924316e-02
9.838104248046875000e-01
5.270755887031555176e-01
2.922424674034118652e-01
6.726896166801452637e-01
3.408609032630920410e-01
2.591757774353027344e-01
-7.597149610519409180e-01
-3.410243093967437744e-01
-2.008812725543975830e-01
-2.835482358932495117e-01
-4.931780993938446045e-01
-9.146306663751602173e-02
-8.140532970428466797e-01
-5.010128021240234375e-01
1.268176794052124023e+00
5.352437496185302734e-01
1.021532267332077026e-01
-7.013906240463256836e-01
-2.825593352317810059e-01
-5.859576463699340820e-01
8.061811327934265137e-02
4.439868032932281494e-01
2.027173191308975220e-01
6.860330104827880859e-01
-4.691758453845977783e-01
-1.593828946352005005e-01
-7.378146052360534668e-02
-2.859619557857513428e-01
-3.258493244647979736e-01
-8.824695944786071777e-01
-3.527569770812988281e-01
-2.226314991712570190e-01
-2.661425471305847168e-01
-5.499466657638549805e-01
3.121761977672576904e-01
-6.530160456895828247e-02
6.046977043151855469e-01
2.939958572387695312e-01
2.335073947906494141e-01
3.091127872467041016e-01
-1.889633238315582275e-01
-1.690541021525859833e-02
-1.342385560274124146e-01
5.539567023515701294e-02
-4.534128010272979736e-01
1.623439490795135498e-01
2.777217328548431396e-02
-4.188122451305389404e-01
2.305747568607330322e-02
-7.766208052635192871e-01
-2.334421873092651367e-02
-7.767736911773681641e-01
3.789900802075862885e-03
3.092975616455078125e-01
1.637372374534606934e-01
-3.962028920650482178e-01
-9.097509384155273438e-01
4.067425429821014404e-01
4.278450012207031250e-01
9.774498939514160156e-01
3.248225748538970947e-01
2.146620154380798340e-01
-1.082827568054199219e+00
-2.630065083503723145e-01
4.694429934024810791e-01
5.044739842414855957e-01
1.958161890506744385e-01
-2.589608728885650635e-01
