3.431757092475891113e-01
6.065908670425415039e-01
-6.605621576309204102e-01
5.463246703147888184e-01
5.741174817085266113e-01
5.839536786079406738e-01
2.915266454219818115e-01
1.389072090387344360e-01
4.519346654415130615e-01
-5.894607901573181152e-01
2.937054261565208435e-02
-5.094679594039916992e-01
3.343454301357269287e-01
5.058244988322257996e-02
-4.600684046745300293e-01
-8.959672600030899048e-02
9.414949417114257812e-01
-4.174273014068603516e-01
1.310779601335525513e-01
8.012756705284118652e-02
4.864180386066436768e-01
3.511274158954620361e-01
-2.220411896705627441e-01
-3.310095891356468201e-02
-3.180694878101348877e-01
-3.942212462425231934e-01
-1.739549078047275543e-02
9.846872836351394653e-02
4.225863814353942871e-01
3.299449086189270020e-01
4.058240950107574463e-01
5.068138837814331055e-01
4.623562842607498169e-02
-4.044229090213775635e-01
7.973944544792175293e-01
2.724346518516540527e-01
2.250431478023529053e-01
6.397185325622558594e-01
-4.113168120384216309e-01
6.257285829633474350e-03
1.767219603061676025e-01
3.476996719837188721e-02
-1.086744666099548340e+00
2.593526244163513184e-01
-2.141972333192825317e-01
1.904956549406051636e-01
-1.498384028673171997e-01
2.379275560379028320e-01
-1.015279531478881836e+00
2.182234376668930054e-01
-4.292086660861968994e-01
4.639841616153717041e-02
1.063844799995422363e+00
-1.431622058153152466e-01
-1.013677120208740234e+00
-3.613061904907226562e-01
1.132564902305603027e+00
6.339281201362609863e-01
-8.949323892593383789e-01
-1.559508889913558960e-01
7.093320488929748535e-01
-1.864000707864761353e-01
6.366364359855651855e-01
9.536045193672180176e-01
6.532262563705444336e-01
-4.259024560451507568e-01
-1.623884961009025574e-02
-9.181164503097534180e-01
-5.693541839718818665e-02
-2.249658703804016113e-01
6.761223077774047852e-01
4.447180330753326416e-01
-3.897221386432647705e-01
1.632751524448394775e-01
9.140887260437011719e-01
-1.647856384515762329e-01
3.051067292690277100e-01
-5.535687804222106934e-01
5.190115571022033691e-01
-5.163960456848144531e-01
-4.775815904140472412e-01
2.675529420375823975e-01
1.446780115365982056e-01
-7.223792374134063721e-02
-5.855144858360290527e-01
-1.130152463912963867e+00
-3.078232407569885254e-01
2.609098255634307861e-01
2.456644028425216675e-01
1.462466865777969360e-01
-2.819417119026184082e-01
8.616634458303451538e-02
1.004301905632019043e+00
-2.592881619930267334e-01
-1.084857806563377380e-01
-3.016498088836669922e-01
-7.860028743743896484e-01
1.806303113698959351e-01
1.169677853584289551e+00
1.173566933721303940e-02
1.032043457031250000e+00
-9.741007536649703979e-02
-2.541028857231140137e-01
2.194233238697052002e-01
7.908201813697814941e-01
4.540481865406036377e-01
2.641326785087585449e-01
4.025157690048217773e-01
-5.139351487159729004e-01
-1.988176852464675903e-01
1.408920288085937500e-01
2.227483242750167847e-01
-6.522045731544494629e-01
-4.751607179641723633e-01
5.942439436912536621e-01
-3.767355978488922119e-01
5.041724443435668945e-02
2.415598779916763306e-01
7.878320217132568359e-01
-1.921215504407882690e-01
5.539186000823974609e-01
-3.408229053020477295e-01
-3.773034214973449707e-01
3.752416074275970459e-01
-1.328938305377960205e-01
2.301203608512878418e-01
1.638559699058532715e-01
-1.015862703323364258e+00
7.520670443773269653e-02
-3.588722646236419678e-01
-3.014034926891326904e-01
2.925382554531097412e-01
5.144119858741760254e-01
-2.540369927883148193e-01
2.717280685901641846e-01
-3.742609620094299316e-01
3.018088638782501221e-01
-1.217839717864990234e-01
-1.216082572937011719e+00
3.144274055957794189e-01
8.285551518201828003e-02
2.416947036981582642e-01
2.308755926787853241e-02
-1.232665330171585083e-01
9.053114056587219238e-01
2.591432631015777588e-01
1.021865233778953552e-01
7.779814600944519043e-01
2.310023084282875061e-02
-6.384440064430236816e-01
5.798463225364685059e-01
-2.871859073638916016e-01
1.355680823326110840e-01
5.817381739616394043e-01
-8.106619864702224731e-02
-1.007095351815223694e-01
-2.144867479801177979e-01
-1.034287571907043457e+00
1.183123111724853516e+00
-2.764281928539276123e-01
9.624227136373519897e-02
-9.326988458633422852e-01
-5.424327254295349121e-01
2.189481444656848907e-02
-1.626416444778442383e-01
-2.497095167636871338e-01
7.980275899171829224e-02
-2.250869944691658020e-02
-1.024289369583129883e+00
1.518087238073348999e-01
-1.714536547660827637e-01
7.393239438533782959e-02
1.589792370796203613e-01
2.809894382953643799e-01
1.680027246475219727e-01
-6.281630992889404297e-01
3.724293112754821777e-01
3.021788001060485840e-01
4.933870583772659302e-02
3.204539045691490173e-02
7.557159066200256348e-01
-2.193910330533981323e-01
-3.008584380149841309e-01
5.598400235176086426e-01
7.159218192100524902e-02
-1.022137105464935303e-01
-6.116207838058471680e-01
-4.382827877998352051e-01
-1.755500771105289459e-02
7.663322687149047852e-01
1.890874356031417847e-01
5.569935441017150879e-01
-8.186398446559906006e-02
2.898833751678466797e-01
4.379411935806274414e-01
5.530632138252258301e-01
1.010113000869750977e+00
3.751139044761657715e-01
-2.950647771358489990e-01
1.070821404457092285e+00
-5.116388667374849319e-03
1.436956971883773804e-01
-5.452314764261245728e-02
1.838899254798889160e-01
1.916527450084686279e-01
-3.836600184440612793e-01
-2.448756694793701172e-01
-6.488738656044006348e-01
-1.508000772446393967e-03
3.892984688282012939e-01
2.404520213603973389e-01
6.918750405311584473e-01
8.195944428443908691e-01
-1.996016651391983032e-01
3.087120652198791504e-01
4.307134747505187988e-01
-3.150086998939514160e-01
-7.872476428747177124e-02
-7.963802218437194824e-01
1.742643862962722778e-01
-4.892332255840301514e-01
-5.213690996170043945e-01
4.207999706268310547e-01
1.238016039133071899e-01
4.002975225448608398e-01
-9.125691652297973633e-01
-6.738240718841552734e-01
-9.696779847145080566e-01
-1.381776481866836548e-01
-1.228996962308883667e-01
-5.373767018318176270e-01
1.260275207459926605e-02
-2.757997810840606689e-02
-4.685543477535247803e-01
-2.620778083801269531e-01
2.399923205375671387e-01
6.975086927413940430e-01
7.143966555595397949e-01
4.596586525440216064e-01
5.034070014953613281e-01
4.630508422851562500e-01
3.412066996097564697e-01
5.759840011596679688e-01
4.240591824054718018e-01
5.878673791885375977e-01
2.946312725543975830e-01
-2.074979692697525024e-01
1.418441236019134521e-01
5.747056603431701660e-01
-1.404801309108734131e-01
-8.734286576509475708e-02
-2.501338124275207520e-01
1.814297288656234741e-01
5.958917737007141113e-01
1.048157140612602234e-01
4.632488489151000977e-01
-8.286110758781433105e-01
-2.814865708351135254e-01
6.922428309917449951e-02
2.466444075107574463e-01
-4.822074621915817261e-02
-6.017882376909255981e-03
-9.333596378564834595e-02
4.759353026747703552e-02
-5.357326865196228027e-01
-3.312428593635559082e-01
1.392624378204345703e+00
1.000279113650321960e-01
1.590284868143498898e-03
8.262303471565246582e-02
4.426501393318176270e-01
1.260533809661865234e+00
-2.122957557439804077e-01
2.110791951417922974e-01
-8.656259626150131226e-02
2.737746536731719971e-01
-3.516503423452377319e-02
-3.078375458717346191e-01
-5.452787876129150391e-01
-2.297950536012649536e-02
1.747851520776748657e-01
-2.408490329980850220e-01
2.663896083831787109e-01
6.501264870166778564e-02
2.331582270562648773e-02
-3.501365333795547485e-02
2.629756331443786621e-01
1.584267765283584595e-01
-3.081320524215698242e-01
-1.749463677406311035e-01
-6.160816550254821777e-01
-4.354998171329498291e-01
-4.618869125843048096e-01
1.565259248018264771e-01
3.028375804424285889e-01
-4.134169220924377441e-01
7.497875392436981201e-02
-7.289962172508239746e-01
-3.565528392791748047e-01
5.347780138254165649e-02
4.287045896053314209e-01
1.944749355316162109e-01
1.040167436003684998e-01
-6.844988465309143066e-01
-7.346452474594116211e-01
4.081110358238220215e-01
2.489011436700820923e-01
5.456987023353576660e-01
-3.022260032594203949e-03
-2.100225687026977539e-01
4.325953423976898193e-01
1.937767565250396729e-01
-5.700706243515014648e-01
-2.164817154407501221e-01
-7.526468038558959961e-01
1.427544355392456055e-01
-5.044123530387878418e-01
3.006743788719177246e-01
-2.601824998855590820e-01
-2.142194658517837524e-01
4.472475647926330566e-01
2.063677161931991577e-01
4.326697885990142822e-01
5.356923341751098633e-01
4.041800200939178467e-01
4.357292950153350830e-01
2.021607011556625366e-01
-4.411339163780212402e-01
6.544529199600219727e-01
6.232343912124633789e-01
-3.805049061775207520e-01
1.661426723003387451e-01
-1.432013273239135742e+00
2.478642575442790985e-02
-8.664773106575012207e-01
5.201441049575805664e-01
-1.531316787004470825e-01
-4.734470546245574951e-01
3.178553581237792969e-01
-5.454872250556945801e-01
-7.590444684028625488e-01
-4.556119441986083984e-01
-1.754239797592163086e-01
1.057669639587402344e+00
6.938226222991943359e-01
-2.860533297061920166e-01
1.593095958232879639e-01
-1.145207583904266357e-01
6.897855401039123535e-01
7.256100326776504517e-02
-8.842581510543823242e-01
1.242606788873672485e-01
-6.497502923011779785e-01
8.777071535587310791e-02
-8.033019900321960449e-01
1.586460471153259277e-01
-2.586485743522644043e-01
8.562561869621276855e-01
-6.858763694763183594e-01
-7.703454494476318359e-01
2.804680466651916504e-01
3.288358217105269432e-03
9.350393414497375488e-01
-3.290451467037200928e-01
5.225113034248352051e-01
-1.055081367492675781e+00
1.043929383158683777e-01
3.046935200691223145e-01
7.217969745397567749e-02
6.008452773094177246e-01
-5.462003350257873535e-01
4.875319600105285645e-01
-4.538223147392272949e-02
6.129373908042907715e-01
-8.560653775930404663e-02
6.016697883605957031e-01
-2.858288586139678955e-02
2.321499735116958618e-01
2.470611482858657837e-01
8.638115972280502319e-02
-9.156706333160400391e-01
-2.736530900001525879e-01
7.023015618324279785e-01
2.759887576103210449e-01
-4.614401757717132568e-01
-2.101437300443649292e-01
5.013301968574523926e-01
-2.190873771905899048e-01
2.724397778511047363e-01
-4.928566515445709229e-01
-5.484277606010437012e-01
-1.986189037561416626e-01
4.254311323165893555e-01
-1.488927453756332397e-01
1.938840597867965698e-01
5.535584688186645508e-01
1.343021541833877563e-01
-1.000702828168869019e-01
-6.101515293121337891e-01
-4.178066253662109375e-01
-1.208722293376922607e-01
-7.457407563924789429e-02
-4.055528640747070312e-01
-9.106118083000183105e-01
2.157700508832931519e-01
7.763768080621957779e-03
-1.595374196767807007e-01
-6.195840239524841309e-01
1.116249989718198776e-02
1.446888875216245651e-02
-2.147784233093261719e-01
1.321300771087408066e-02
6.347891688346862793e-02
7.227517366409301758e-01
-3.933822512626647949e-01
-4.197588860988616943e-01
-6.330851316452026367e-01
2.697255909442901611e-01
1.417286694049835205e-02
5.259522795677185059e-02
-1.662647873163223267e-01
3.515808284282684326e-02
-4.477161467075347900e-01
-1.637184768915176392e-01
7.903086543083190918e-01
-5.664879679679870605e-01
7.280096411705017090e-01
8.032238483428955078e-02
3.892675340175628662e-01
-4.055337309837341309e-01
1.955134570598602295e-01
4.387336969375610352e-01
-1.146168470382690430e+00
1.876456588506698608e-01
7.043959498405456543e-01
5.057974457740783691e-01
9.055599570274353027e-01
-4.858003556728363037e-02
4.680554270744323730e-01
1.935594230890274048e-01
-7.002801299095153809e-01
2.656820714473724365e-01
-7.485303282737731934e-01
1.578931212425231934e+00
-4.672295227646827698e-02
-5.270358175039291382e-02
2.453250735998153687e-01
1.085348352789878845e-01
8.422256708145141602e-01
-4.184772372245788574e-01
