2.045952826738357544e-01
-7.370377182960510254e-01
2.093501389026641846e-01
-1.435842663049697876e-01
3.313008248805999756e-01
6.533667445182800293e-01
-2.477691024541854858e-01
-5.304625034332275391e-01
1.734950542449951172e-01
-8.544285893440246582e-01
-6.453122198581695557e-02
-5.943762511014938354e-02
7.813992500305175781e-01
-8.056843280792236328e-02
2.116758078336715698e-01
4.276307225227355957e-01
2.785120159387588501e-02
-7.813022732734680176e-01
2.323476374149322510e-01
2.827064692974090576e-02
-8.004198968410491943e-02
-1.640065908432006836e-01
-3.432816863059997559e-01
1.205396559089422226e-02
9.169711470603942871e-01
8.670113086700439453e-01
4.834028184413909912e-01
3.837174773216247559e-01
-2.696274816989898682e-01
-8.979026675224304199e-01
-7.507860064506530762e-01
-6.464342474937438965e-01
-6.725863367319107056e-02
-2.882482856512069702e-02
-1.618199944496154785e-01
3.925727307796478271e-01
1.024083375930786133e+00
-8.521106839179992676e-01
3.884082734584808350e-01
-5.013127923011779785e-01
1.167911648750305176e+00
-4.722871258854866028e-02
-7.342053055763244629e-01
5.031176805496215820e-01
-5.171046853065490723e-01
1.670606732368469238e-01
9.498333334922790527e-01
3.189644515514373779e-01
-4.039738476276397705e-01
-1.031152248382568359e+00
-8.647884428501129150e-02
-1.577255874872207642e-01
-2.387505583465099335e-02
-2.280288785696029663e-01
4.856080412864685059e-01
-4.516394138336181641e-01
-1.254767775535583496e-01
3.354654908180236816e-01
8.029761165380477905e-02
-5.415247082710266113e-01
2.918092608451843262e-01
7.911039590835571289e-01
-2.564307153224945068e-01
-1.995988637208938599e-01
-4.138838946819305420e-01
-6.899657249450683594e-01
4.539119899272918701e-01
3.326214551925659180e-01
5.011539906263351440e-03
-1.318822950124740601e-01
-1.103022098541259766e+00
-3.654912710189819336e-01
2.460306882858276367e-01
-2.484447062015533447e-01
1.206000149250030518e-01
1.256122589111328125e-01
-1.897975355386734009e-01
-4.571311548352241516e-02
-9.043682813644409180e-01
-6.723724603652954102e-01
8.277799487113952637e-01
1.964967697858810425e-02
4.539134502410888672e-01
1.724632829427719116e-02
-5.597257018089294434e-01
1.331083059310913086e+00
-7.441917657852172852e-01
2.164037972688674927e-01
-9.144462347030639648e-01
-4.262029752135276794e-02
-4.091035723686218262e-01
8.149217367172241211e-01
-4.519028663635253906e-01
-1.262831568717956543e+00
8.769592046737670898e-01
-3.532354831695556641e-01
-6.790798902511596680e-01
5.447051525115966797e-01
-6.110969781875610352e-01
1.239227727055549622e-01
2.399299591779708862e-01
6.808757781982421875e-01
4.050059020519256592e-01
4.622242599725723267e-02
-1.209740117192268372e-01
-2.471679300069808960e-01
9.249506592750549316e-01
1.004665136337280273e+00
2.964810431003570557e-01
3.603519201278686523e-01
-4.031033813953399658e-02
-1.641181111335754395e-02
3.051878809928894043e-01
-7.382080703973770142e-02
9.659804403781890869e-03
-7.956758737564086914e-01
6.253428459167480469e-01
1.002070069313049316e+00
1.611226350069046021e-01
-5.072411894798278809e-01
-1.521121263504028320e-01
-1.475203335285186768e-01
-5.842188000679016113e-01
-1.010660603642463684e-01
1.068563342094421387e+00
5.142354965209960938e-01
1.117973208427429199e+00
1.016881987452507019e-01
-3.268754482269287109e-01
5.850430727005004883e-01
3.830567598342895508e-01
-1.195180177688598633e+00
-5.178025364875793457e-01
4.975307583808898926e-01
-3.157317936420440674e-01
1.217817515134811401e-01
6.089898347854614258e-01
-6.384539604187011719e-01
1.216903686523437500e+00
-1.099670052528381348e+00
6.700886487960815430e-01
1.321147531270980835e-01
-6.588000655174255371e-01
-3.983579203486442566e-02
1.419801265001296997e-01
-9.860312938690185547e-01
4.140388369560241699e-01
1.693961769342422485e-02
2.900555133819580078e-01
-8.243364095687866211e-01
-1.134901493787765503e-01
-2.717997729778289795e-01
-1.868163198232650757e-01
-3.949565887451171875e-01
4.208700954914093018e-01
3.050840497016906738e-01
-1.881060749292373657e-01
2.467281520366668701e-01
5.201642513275146484e-01
-9.689436852931976318e-02
-3.820611834526062012e-01
-7.002469897270202637e-01
-9.288901090621948242e-02
-5.238974094390869141e-01
-2.008970230817794800e-01
-1.050087809562683105e+00
2.359740585088729858e-01
-1.033142328262329102e+00
-5.402992367744445801e-01
6.724345088005065918e-01
2.995599210262298584e-01
-2.622640728950500488e-01
-3.174274265766143799e-01
-6.581823825836181641e-01
-2.086051255464553833e-01
-9.852961897850036621e-01
-8.048757910728454590e-02
2.155495882034301758e-01
-2.987901866436004639e-01
5.663415789604187012e-01
1.242888450622558594e+00
3.999550640583038330e-01
-3.450842499732971191e-01
2.206114232540130615e-01
4.356383085250854492e-01
9.896400570869445801e-01
6.173981428146362305e-01
1.141956329345703125e+00
-7.319862246513366699e-01
-1.822214871644973755e-01
-6.558100581169128418e-01
-1.952051185071468353e-02
-3.481275141239166260e-01
-3.218397796154022217e-01
4.842650592327117920e-01
-3.431677222251892090e-01
8.417639136314392090e-01
8.672287315130233765e-02
2.626289427280426025e-01
4.820925369858741760e-02
1.676487177610397339e-01
-4.543984308838844299e-02
7.976301312446594238e-01
5.215567350387573242e-01
5.364849418401718140e-02
1.113111376762390137e-01
1.666048616170883179e-01
1.343537420034408569e-01
1.767553538084030151e-01
2.544181346893310547e-01
-1.795660108327865601e-01
-4.098475575447082520e-01
5.185080170631408691e-01
-3.331206738948822021e-01
3.858405947685241699e-01
7.646251320838928223e-01
-6.618568301200866699e-02
6.263670325279235840e-01
-1.126163005828857422e+00
-1.118437528610229492e+00
2.532200515270233154e-02
-2.742299139499664307e-01
-6.846673488616943359e-01
-1.549158990383148193e-01
1.893614977598190308e-01
3.221021592617034912e-01
-8.890424668788909912e-02
-2.112400382757186890e-01
-9.247014531865715981e-05
7.573051452636718750e-01
6.335536241531372070e-01
-1.786841899156570435e-01
3.955403268337249756e-01
-3.062466084957122803e-01
9.080458432435989380e-02
3.598658442497253418e-01
-1.867337524890899658e-01
-2.115487456321716309e-01
-2.258872538805007935e-01
-2.088205516338348389e-01
3.897647857666015625e-01
1.242663413286209106e-01
6.056275367736816406e-01
3.098250627517700195e-01
4.444712102413177490e-01
2.333782017230987549e-01
4.419140815734863281e-01
-9.495499134063720703e-01
3.413471207022666931e-02
-2.039263099431991577e-01
-7.507677078247070312e-01
-3.820681571960449219e-01
-3.344455659389495850e-01
5.881321430206298828e-01
-5.252122879028320312e-01
5.451980233192443848e-01
3.272919654846191406e-01
-2.657891511917114258e-01
4.430491626262664795e-01
-6.101093888282775879e-01
4.252604544162750244e-01
-2.610645443201065063e-02
1.684401184320449829e-02
-4.727712273597717285e-01
-1.112794995307922363e+00
7.780326902866363525e-02
7.637380361557006836e-01
-7.572295665740966797e-01
-7.717463970184326172e-01
-9.311246871948242188e-02
-7.969737797975540161e-02
1.086791992187500000e+00
3.497649133205413818e-01
6.150987744331359863e-01
5.048031210899353027e-01
-4.792609512805938721e-01
-3.164190426468849182e-02
-7.597651332616806030e-02
-1.269382476806640625e+00
-2.955386638641357422e-01
7.819218933582305908e-02
1.126377955079078674e-01
4.735312759876251221e-01
1.252198517322540283e-01
5.598941817879676819e-02
-9.160915762186050415e-02
6.996349096298217773e-01
-1.883040815591812134e-01
2.388934642076492310e-01
-1.475794017314910889e-01
3.545519895851612091e-03
1.109463423490524292e-01
8.298933506011962891e-01
5.046249032020568848e-01
-9.998980164527893066e-02
2.326729744672775269e-01
1.187946349382400513e-01
-3.191904723644256592e-01
1.210262030363082886e-01
-3.175545930862426758e-01
7.740856707096099854e-02
1.096398457884788513e-01
6.381061673164367676e-01
-1.023308396339416504e+00
-7.068659663200378418e-01
8.427941799163818359e-01
5.899673104286193848e-01
-1.146310493350028992e-01
4.100258350372314453e-01
-1.646381989121437073e-02
-4.676885902881622314e-01
1.690683811902999878e-01
-6.158149987459182739e-02
7.463734745979309082e-01
2.441821098327636719e-01
-6.226021796464920044e-02
3.936622440814971924e-01
1.925503611564636230e-01
7.589708566665649414e-01
2.394347451627254486e-02
2.034135758876800537e-01
1.144773721694946289e+00
-3.790830373764038086e-01
9.201466292142868042e-02
-5.471481382846832275e-02
-4.018221199512481689e-01
-4.995387196540832520e-01
-9.899881482124328613e-02
5.144738778471946716e-02
5.766847133636474609e-01
-1.241951823234558105e+00
-8.096741884946823120e-02
-8.751627206802368164e-01
5.583276227116584778e-02
8.279991149902343750e-02
-2.135297060012817383e-01
2.049416303634643555e-01
-9.378182888031005859e-01
-1.180493950843811035e+00
-5.255401730537414551e-01
-4.085173904895782471e-01
-6.868439912796020508e-01
8.985075168311595917e-03
2.210293710231781006e-01
-7.198644280433654785e-01
-5.907689929008483887e-01
1.741009801626205444e-01
1.781068295240402222e-01
-2.044543623924255371e-01
-1.097493410110473633e+00
-2.050873935222625732e-01
-7.404033541679382324e-01
-9.710003137588500977e-01
-5.107097625732421875e-01
5.164207890629768372e-02
7.432401776313781738e-01
5.608881637454032898e-02
-1.768667250871658325e-01
-6.353878378868103027e-01
-4.827089607715606689e-01
-5.935527086257934570e-01
-2.851562201976776123e-01
-6.593616008758544922e-01
-2.691284418106079102e-01
-1.095531508326530457e-01
-2.346088737249374390e-01
-1.754374057054519653e-01
-2.642817497253417969e-01
5.143070220947265625e-01
2.891578972339630127e-01
9.325341880321502686e-02
1.242113858461380005e-01
-4.293971955776214600e-01
-1.042199730873107910e+00
4.066955149173736572e-01
6.719887852668762207e-01
-1.632093191146850586e-01
-1.835172772407531738e-01
-1.708799004554748535e-01
-3.144880235195159912e-01
4.612462818622589111e-01
4.209617078304290771e-01
-2.989380657672882080e-01
7.388727664947509766e-01
1.279917597770690918e+00
-7.992329448461532593e-02
-9.879928827285766602e-01
6.360048055648803711e-02
-2.440295219421386719e-01
-2.077991813421249390e-01
5.663371086120605469e-01
3.672035634517669678e-01
-7.234206795692443848e-01
4.875191301107406616e-02
2.456512451171875000e-01
3.103192448616027832e-01
4.676033258438110352e-01
-9.780979901552200317e-02
3.339020013809204102e-01
-3.340950310230255127e-01
-2.181061953306198120e-01
4.085416793823242188e-01
-2.386205047369003296e-01
-5.129580199718475342e-02
-5.174608826637268066e-01
3.614129424095153809e-01
-1.170924678444862366e-01
-2.648319602012634277e-01
3.825087547302246094e-01
9.419128298759460449e-02
7.092145681381225586e-01
5.056136101484298706e-02
2.061834037303924561e-01
-7.879921793937683105e-01
-3.684234917163848877e-01
6.928691267967224121e-01
7.712696194648742676e-01
1.493268966674804688e+00
1.130102992057800293e+00
9.639270305633544922e-01
-1.016006618738174438e-02
6.930564641952514648e-01
-9.564413875341415405e-02
1.559953093528747559e-01
-2.072488814592361450e-01
-7.209214568138122559e-01
7.995063662528991699e-01
-5.535338521003723145e-01
1.078856468200683594e+00
7.634206414222717285e-01
9.086484909057617188e-01
-3.868726193904876709e-01
-8.156564831733703613e-02
4.641353785991668701e-01
3.101183846592903137e-02
1.812933981418609619e-01
-6.794468313455581665e-02
8.069286346435546875e-01
4.498723149299621582e-02
-1.171321123838424683e-01
-4.902766346931457520e-01
2.060460746288299561e-01
-3.424670696258544922e-01
4.807756841182708740e-01
6.200708746910095215e-01
1.198469027876853943e-01
-1.197459816932678223e+00
-6.337558031082153320e-01
2.872157096862792969e-01
-4.109556078910827637e-01
