-4.145228266716003418e-01
-2.585479617118835449e-01
3.225876986980438232e-01
8.588775992393493652e-01
8.784889429807662964e-02
-1.151856780052185059e-01
6.175758317112922668e-02
-2.324773669242858887e-01
2.936571836471557617e-01
-6.156955957412719727e-01
2.279680669307708740e-01
-7.568896412849426270e-01
-5.329852104187011719e-01
-8.659677952527999878e-02
7.052300572395324707e-01
6.028626561164855957e-01
-7.665613889694213867e-01
1.726050674915313721e-02
1.658713370561599731e-01
-8.229272365570068359e-01
-2.816024720668792725e-01
5.240034461021423340e-01
-3.948657810688018799e-01
-8.364999890327453613e-01
1.797507703304290771e-01
7.045364379882812500e-01
-1.213197875767946243e-02
1.088501513004302979e-01
4.922901690006256104e-01
-6.389674544334411621e-01
1.397609710693359375e-01
-1.331858038902282715e+00
-5.481458902359008789e-01
-6.875159740447998047e-01
8.825395703315734863e-01
4.816747903823852539e-01
4.039165377616882324e-01
-1.226989179849624634e-02
5.857061743736267090e-01
-7.660181522369384766e-01
6.057750433683395386e-02
4.338320195674896240e-01
3.849796354770660400e-01
-7.538431286811828613e-01
-7.618563771247863770e-01
-1.169900521636009216e-01
-6.194661855697631836e-01
2.133647948503494263e-01
-8.358235657215118408e-02
-8.321923613548278809e-01
8.146928548812866211e-01
1.072380423545837402e+00
-8.495271205902099609e-01
-1.202225804328918457e+00
8.834698796272277832e-01
-8.159731626510620117e-01
-1.362515091896057129e-01
-1.696264445781707764e-01
4.247287809848785400e-01
-1.006226778030395508e+00
-6.156069636344909668e-01
-1.207448989152908325e-01
-9.215070307254791260e-02
5.098387598991394043e-01
-7.278101984411478043e-04
-6.131000071763992310e-02
-5.492128729820251465e-01
-4.458745419979095459e-01
-5.748913288116455078e-01
-3.272458612918853760e-01
-2.644939422607421875e-01
6.555257830768823624e-03
-8.365143537521362305e-01
-8.879333734512329102e-02
-1.679434329271316528e-01
2.316799163818359375e-01
6.401001811027526855e-01
4.121690392494201660e-01
-1.445090055465698242e+00
-1.022450089454650879e+00
7.301436066627502441e-01
-6.863774061203002930e-01
-1.029173851013183594e+00
-5.244227647781372070e-01
7.626573443412780762e-01
-2.334718257188796997e-01
-1.022219541482627392e-03
-4.043900966644287109e-02
6.521980762481689453e-01
3.114112019538879395e-01
6.101119518280029297e-01
2.248146235942840576e-01
2.394834011793136597e-01
-1.409254670143127441e-01
1.811215877532958984e-01
-1.139773428440093994e-01
-1.893239468336105347e-01
1.455605626106262207e-01
2.708074748516082764e-01
-7.765339016914367676e-01
1.908235438168048859e-02
1.353299766778945923e-01
4.215160012245178223e-01
-3.274337351322174072e-01
-1.376845479011535645e+00
3.978183493018150330e-02
-3.885906189680099487e-02
5.456558465957641602e-01
3.363121151924133301e-01
6.496443152427673340e-01
6.804023981094360352e-01
-9.760880470275878906e-02
-1.017459273338317871e+00
-5.298919677734375000e-01
1.191716082394123077e-02
3.482087552547454834e-01
-1.120506763458251953e+00
-5.616513639688491821e-02
-2.158871889114379883e-01
1.065623685717582703e-01
-2.484580278396606445e-01
-9.729781746864318848e-01
-1.036797910928726196e-01
-2.631227970123291016e-01
-4.225349724292755127e-01
-4.473753869533538818e-01
-2.637547254562377930e-01
-2.732647955417633057e-01
-1.063530802726745605e+00
-5.961177945137023926e-01
1.460717022418975830e-01
-3.462819159030914307e-01
8.836927413940429688e-01
-7.071441411972045898e-01
-3.094432055950164795e-01
1.571641713380813599e-01
1.383917629718780518e-01
-2.423600107431411743e-01
-4.360406100749969482e-01
2.938907742500305176e-01
3.785161972045898438e-01
-4.222889840602874756e-01
2.834104001522064209e-01
1.285587668418884277e+00
3.075641691684722900e-01
-3.295863978564739227e-03
1.058850586414337158e-01
4.022837877273559570e-01
-5.482310652732849121e-01
-4.757612943649291992e-01
7.592709362506866455e-02
-7.553431987762451172e-01
3.802349567413330078e-01
8.024677634239196777e-01
1.534379720687866211e+00
3.660753369331359863e-01
8.713621497154235840e-01
6.231158599257469177e-02
-5.211527943611145020e-01
2.272730469703674316e-01
-4.786688387393951416e-01
6.119958162307739258e-01
-7.605614662170410156e-01
-2.062110304832458496e-01
-8.760582655668258667e-02
-4.739547148346900940e-02
8.167137503623962402e-01
3.051792085170745850e-01
-4.895161688327789307e-01
7.156459689140319824e-01
-1.095741629600524902e+00
-5.611104965209960938e-01
4.859291613101959229e-01
3.054363131523132324e-01
7.485144138336181641e-01
7.198055982589721680e-01
5.442821383476257324e-01
-4.959915876388549805e-01
3.178249895572662354e-01
5.212590098381042480e-01
1.117413416504859924e-01
-6.925908327102661133e-01
8.925048708915710449e-01
-6.881673932075500488e-01
3.455957770347595215e-01
-3.169699609279632568e-01
5.490950942039489746e-01
4.094809293746948242e-03
-8.578644394874572754e-01
5.801653265953063965e-01
-1.855662167072296143e-01
7.276645302772521973e-01
1.782650798559188843e-01
-5.186874270439147949e-01
-3.775315284729003906e-01
4.322073459625244141e-01
-1.959712058305740356e-01
-1.126869916915893555e+00
5.789099931716918945e-01
1.587074846029281616e-01
5.378715991973876953e-01
-7.015997171401977539e-01
-1.234832182526588440e-01
-2.764691039919853210e-02
2.693850696086883545e-01
-1.705969274044036865e-01
-2.711462378501892090e-01
-2.635575830936431885e-01
7.941767573356628418e-01
-3.350725397467613220e-02
2.045305520296096802e-01
3.574988245964050293e-01
-5.181143879890441895e-01
-4.629002511501312256e-01
-7.166634202003479004e-01
-2.920353412628173828e-01
-4.539235532283782959e-01
-6.735053658485412598e-01
2.577697932720184326e-01
3.763094842433929443e-01
4.060758352279663086e-01
6.212898492813110352e-01
-1.442777752876281738e+00
-3.705657422542572021e-01
-6.968843340873718262e-01
2.180883288383483887e-01
-2.302081435918807983e-01
-1.322029531002044678e-01
-4.344418644905090332e-03
-9.177701920270919800e-02
6.674821376800537109e-01
3.368124365806579590e-01
4.405884146690368652e-01
8.572884649038314819e-02
1.479217648506164551e+00
-6.969386935234069824e-01
3.230147063732147217e-01
-2.572454214096069336e-01
2.089097648859024048e-01
2.942144498229026794e-02
-2.832152843475341797e-01
-1.943797171115875244e-01
3.270628452301025391e-01
-4.020114243030548096e-02
1.153593435883522034e-01
-7.103006243705749512e-01
-2.708826363086700439e-01
-7.903479337692260742e-01
-5.683211088180541992e-01
1.195077300071716309e-01
-3.898983001708984375e-01
3.948610126972198486e-01
-3.118035197257995605e-02
4.232699871063232422e-01
2.425583153963088989e-01
-5.398324728012084961e-01
-1.825580596923828125e-01
-5.097849965095520020e-01
-9.345360100269317627e-02
-1.975994706153869629e-01
-7.814668416976928711e-01
-1.718301326036453247e-01
-2.650288939476013184e-01
2.947392463684082031e-01
-1.458044070750474930e-02
-4.880112409591674805e-01
7.153878211975097656e-01
-4.998891353607177734e-01
1.014023087918758392e-03
-1.123523041605949402e-01
3.585408329963684082e-01
-2.141693234443664551e-01
-2.765264809131622314e-01
5.793174356222152710e-02
4.313294291496276855e-01
-1.614750474691390991e-01
5.082902908325195312e-01
-1.451750546693801880e-01
1.017767786979675293e+00
-9.938364624977111816e-01
2.557288408279418945e-01
7.161968350410461426e-01
-8.238764405250549316e-01
8.360429406166076660e-01
2.287592142820358276e-01
2.057934254407882690e-01
-3.850154876708984375e-01
2.029512971639633179e-01
-7.467486709356307983e-02
2.522790729999542236e-01
-2.863631546497344971e-01
-4.886772483587265015e-02
4.356240630149841309e-01
5.818219780921936035e-01
2.756319940090179443e-01
-2.556250989437103271e-01
4.193706512451171875e-01
-4.443880915641784668e-01
-6.629384160041809082e-01
-1.403197646141052246e-01
-2.412888109683990479e-01
-6.466463804244995117e-01
5.006363987922668457e-01
-1.434579957276582718e-03
-2.164408862590789795e-01
-4.203347861766815186e-02
5.771787762641906738e-01
-1.249490603804588318e-01
5.624904632568359375e-01
-7.719150930643081665e-02
-9.527223110198974609e-01
6.741678118705749512e-01
-1.844312846660614014e-01
-6.406918764114379883e-01
-5.355174541473388672e-01
2.772186398506164551e-01
-1.106783226132392883e-01
-5.391525030136108398e-01
1.266392618417739868e-01
8.551416993141174316e-01
1.072907149791717529e-01
6.134563684463500977e-01
6.661860346794128418e-01
3.745043575763702393e-01
7.746022343635559082e-01
9.197107553482055664e-01
-1.019649386405944824e+00
-5.623381733894348145e-01
-2.012799084186553955e-01
2.676297128200531006e-01
4.165636003017425537e-01
-4.409646615386009216e-02
9.205331802368164062e-01
-4.487525224685668945e-01
-3.358532786369323730e-01
-3.893332481384277344e-01
-1.802897304296493530e-01
2.822347581386566162e-01
4.259408712387084961e-01
-5.573059916496276855e-01
-6.148585677146911621e-02
2.476478368043899536e-01
1.422402113676071167e-01
-6.415385007858276367e-02
-2.174781262874603271e-02
3.174244463443756104e-01
2.529999911785125732e-01
-1.883839666843414307e-01
-2.308256924152374268e-01
-1.768270134925842285e-01
7.709518671035766602e-01
-2.176577448844909668e-01
-5.323269367218017578e-01
1.214320063591003418e+00
5.307048559188842773e-01
-1.305048942565917969e+00
1.360187083482742310e-01
6.861750781536102295e-02
-1.163945496082305908e-01
4.250536561012268066e-01
-3.873850405216217041e-02
1.393010765314102173e-01
4.013913571834564209e-01
-6.283534765243530273e-01
3.468630313873291016e-01
2.021202892065048218e-01
-2.949548065662384033e-01
-9.565665721893310547e-01
-8.180895447731018066e-01
-5.969621539115905762e-01
-2.128850668668746948e-01
5.880789756774902344e-01
-2.070043236017227173e-01
8.721226453781127930e-01
-2.124847918748855591e-01
-5.361018180847167969e-01
6.897038221359252930e-01
3.744258284568786621e-01
-7.606357932090759277e-01
1.084540128707885742e+00
7.918481230735778809e-01
4.327243268489837646e-01
-4.766219258308410645e-01
5.116885304450988770e-01
-7.756762504577636719e-01
-6.077767908573150635e-02
4.504541754722595215e-01
-5.727254152297973633e-01
-2.098071575164794922e-01
-7.861724495887756348e-01
3.345542252063751221e-01
-9.606977701187133789e-01
4.785255491733551025e-01
-1.344996988773345947e-01
-3.840649425983428955e-01
-5.423677563667297363e-01
-3.756222426891326904e-01
-6.919168829917907715e-01
-3.993965089321136475e-01
-3.052086532115936279e-01
1.222652643918991089e-01
-8.046748042106628418e-01
-9.884999692440032959e-02
2.753442525863647461e-01
-3.898769617080688477e-01
2.336248904466629028e-01
-1.158143758773803711e+00
6.385149359703063965e-01
4.204182028770446777e-01
-3.220087885856628418e-01
6.390339732170104980e-01
1.125686690211296082e-01
3.510759770870208740e-01
-1.536653786897659302e-01
-2.478485852479934692e-01
-3.031588494777679443e-01
-1.018232464790344238e+00
-1.927319914102554321e-01
-1.168199777603149414e-01
9.024460911750793457e-01
9.876855649054050446e-03
-2.127865254878997803e-01
-2.358279377222061157e-01
4.390538036823272705e-01
-2.081367671489715576e-01
6.228075549006462097e-02
6.299416422843933105e-01
-6.134377121925354004e-01
5.378602072596549988e-03
-5.237517952919006348e-01
-4.645697176456451416e-01
-6.184931397438049316e-01
1.749530136585235596e-01
-1.638558655977249146e-01
3.937103599309921265e-02
-4.957480430603027344e-01
1.379288285970687866e-01
6.920070052146911621e-01
-4.236243694322183728e-05
-3.849436044692993164e-01
-5.055301785469055176e-01
7.027873992919921875e-01
3.841978684067726135e-02
7.110083103179931641e-01
-5.702362060546875000e-01
-7.676291465759277344e-02
-2.975355386734008789e-01
-3.541250526905059814e-02
1.773253381252288818e-01
5.344495177268981934e-01
