-5.965078473091125488e-01
6.564269214868545532e-02
4.166859388351440430e-01
1.558413803577423096e-01
4.123684763908386230e-01
8.092392683029174805e-01
-8.207752108573913574e-01
-6.809663176536560059e-01
-3.469737470149993896e-01
8.164631128311157227e-01
-8.626305460929870605e-01
4.050613939762115479e-01
-1.127041205763816833e-01
-4.451762139797210693e-01
4.109702706336975098e-01
3.374085128307342529e-01
5.190493464469909668e-01
-3.086320161819458008e-01
8.291570120491087437e-04
-3.654519617557525635e-01
1.601919531822204590e-03
-2.829215228557586670e-01
4.563848376274108887e-01
-1.220903873443603516e+00
6.968351602554321289e-01
-3.857844173908233643e-01
7.770066261291503906e-01
-5.101725459098815918e-01
-2.253796309232711792e-01
6.371523141860961914e-01
-2.573764026165008545e-01
6.225971877574920654e-02
5.172513127326965332e-01
8.890212327241897583e-02
-3.178220987319946289e-01
7.514732480049133301e-01
3.296408355236053467e-01
-1.065498709678649902e+00
4.706772267818450928e-01
-1.139916032552719116e-01
9.387730807065963745e-02
-5.441301465034484863e-01
4.726162925362586975e-02
-4.778996109962463379e-01
-1.081038355827331543e+00
-1.474582552909851074e-01
-7.645113021135330200e-02
3.687063753604888916e-01
1.096590638160705566e+00
3.647688925266265869e-01
-2.158461958169937134e-01
6.577982902526855469e-01
7.509116828441619873e-02
-1.785125732421875000e-01
6.228497624397277832e-01
-1.572118252515792847e-01
1.000983361154794693e-02
1.815151870250701904e-01
-1.803644299507141113e-01
6.234194710850715637e-02
4.206795394420623779e-01
-9.231510013341903687e-02
8.035663962364196777e-01
5.392737388610839844e-01
-2.475003153085708618e-01
-4.713750183582305908e-01
7.642851769924163818e-02
3.860090374946594238e-01
4.423988759517669678e-01
7.311303615570068359e-01
-5.152444839477539062e-01
3.919543027877807617e-01
-2.236516028642654419e-02
-1.031848907470703125e+00
-2.597416043281555176e-01
4.604548513889312744e-01
-1.118566274642944336e+00
9.697293043136596680e-01
-4.820582270622253418e-01
-5.865840911865234375e-01
-2.245795130729675293e-01
-7.225946187973022461e-01
-4.345677196979522705e-01
7.957635074853897095e-02
-5.641295313835144043e-01
3.214167952537536621e-01
-2.515349350869655609e-02
-6.926525235176086426e-01
4.247206151485443115e-01
-1.724121868610382080e-01
2.988192141056060791e-01
5.354958176612854004e-01
8.207578212022781372e-02
-3.587542772293090820e-01
5.583149194717407227e-01
-1.651964336633682251e-01
-1.042490601539611816e+00
3.354195654392242432e-01
-1.093537330627441406e+00
-4.185503125190734863e-01
6.514710783958435059e-01
3.488842844963073730e-01
1.007715240120887756e-01
2.213251739740371704e-01
6.895149350166320801e-01
1.093412637710571289e+00
-7.469245195388793945e-01
8.449367284774780273e-01
-1.543908119201660156e-01
4.575631022453308105e-01
2.790421843528747559e-01
-4.836627095937728882e-02
3.808075189590454102e-01
-5.051994696259498596e-02
8.432130515575408936e-02
2.109312266111373901e-01
-2.199772745370864868e-01
-8.053077757358551025e-02
6.076994538307189941e-01
7.851428389549255371e-01
7.607883810997009277e-01
-4.226497411727905273e-01
4.673054218292236328e-01
3.901483714580535889e-01
-1.696719825267791748e-01
1.118806451559066772e-01
-9.114899635314941406e-01
3.461031615734100342e-01
7.158014774322509766e-01
-3.817050158977508545e-01
8.674371838569641113e-01
-4.065060019493103027e-01
5.105767846107482910e-01
3.706995546817779541e-01
5.893455743789672852e-01
6.702825427055358887e-01
-9.689036011695861816e-02
-4.129611253738403320e-01
5.940021872520446777e-01
3.183876574039459229e-01
4.365538358688354492e-01
-5.868110060691833496e-02
-8.889939635992050171e-02
-5.201076716184616089e-02
-3.213618993759155273e-01
-4.326866567134857178e-01
6.379042267799377441e-01
-2.719758749008178711e-01
9.710108041763305664e-01
-2.507587075233459473e-01
-2.067476212978363037e-01
9.319274425506591797e-01
-1.933433301746845245e-02
1.048526525497436523e+00
-3.671282529830932617e-01
7.196080088615417480e-01
-1.215182915329933167e-01
1.463107671588659286e-02
3.937689363956451416e-01
6.082379817962646484e-01
5.932941436767578125e-01
1.131550431251525879e+00
-6.281317472457885742e-01
1.087615173310041428e-02
-5.348277091979980469e-01
5.941573381423950195e-01
-6.035639047622680664e-01
3.134487867355346680e-01
5.117936134338378906e-01
-6.200205087661743164e-01
1.349601242691278458e-02
1.234503239393234253e-01
2.949512600898742676e-01
-2.913977503776550293e-01
1.101569607853889465e-01
-7.478860020637512207e-01
3.825729191303253174e-01
-2.848475575447082520e-01
-1.184712052345275879e+00
-2.406826317310333252e-01
-2.589990757405757904e-02
-4.837752580642700195e-01
-3.024706542491912842e-01
-2.524937689304351807e-01
-1.910936459898948669e-02
5.027199387550354004e-01
-5.820001661777496338e-02
4.781006276607513428e-01
-5.520131587982177734e-01
5.944922193884849548e-02
-1.945177763700485229e-01
1.526126563549041748e-01
-2.784278988838195801e-01
1.970879733562469482e-01
1.027966976165771484e+00
8.727277070283889771e-02
-4.575300514698028564e-01
-7.184697985649108887e-01
-1.026913002133369446e-01
2.753317952156066895e-01
1.132664456963539124e-01
-2.947387099266052246e-01
-7.145287096500396729e-02
-1.213381886482238770e+00
8.759357333183288574e-01
-1.734237521886825562e-01
-3.521615266799926758e-01
6.202121973037719727e-01
2.936002016067504883e-01
2.212987393140792847e-01
-3.269338011741638184e-01
8.383640646934509277e-01
3.769461438059806824e-02
-1.172575354576110840e+00
-9.523515105247497559e-01
-4.270051717758178711e-01
-7.019672989845275879e-01
-2.659958004951477051e-01
-1.251932326704263687e-02
9.182848930358886719e-01
-6.050873398780822754e-01
1.032359451055526733e-01
5.084581971168518066e-01
3.112865984439849854e-01
-2.609297037124633789e-01
5.208504796028137207e-01
4.538417458534240723e-01
4.463290274143218994e-01
3.061339259147644043e-01
3.970804810523986816e-01
3.305857479572296143e-01
-8.035955429077148438e-01
-2.849822640419006348e-01
2.814247310161590576e-01
1.982625126838684082e-01
-6.660057306289672852e-01
8.618675917387008667e-02
1.229116693139076233e-01
7.254111766815185547e-01
-1.913035213947296143e-01
6.199114322662353516e-01
5.201242566108703613e-01
5.752946138381958008e-01
-2.302842289209365845e-01
-8.242257833480834961e-01
3.272636234760284424e-01
-1.450417842715978622e-02
2.073917388916015625e-01
2.483191043138504028e-01
3.227428197860717773e-01
4.351230859756469727e-01
6.131935715675354004e-01
-3.728839755058288574e-01
3.436269760131835938e-01
-3.927190899848937988e-01
-4.287608861923217773e-01
-4.061509668827056885e-01
2.158371955156326294e-01
-5.030106902122497559e-01
-1.420902162790298462e-01
-1.403527259826660156e-01
6.400616765022277832e-01
9.847065210342407227e-01
5.323434472084045410e-01
-8.452341705560684204e-02
-4.977424442768096924e-01
-3.095808327198028564e-01
-5.710205435752868652e-02
-8.154340982437133789e-01
3.864769637584686279e-01
2.442471981048583984e-01
3.700230419635772705e-01
6.772243231534957886e-02
5.126032978296279907e-02
-8.054515719413757324e-01
6.221355125308036804e-02
-3.829405605792999268e-01
-1.564788222312927246e-01
3.992725312709808350e-01
-7.454871386289596558e-02
1.567471027374267578e-01
-1.145032644271850586e+00
-1.263026334345340729e-02
2.699853293597698212e-02
-3.967917338013648987e-02
-1.061355397105216980e-01
4.048087000846862793e-01
-7.261195778846740723e-01
-6.380219459533691406e-01
-5.541636943817138672e-01
-2.294603586196899414e-01
6.136183440685272217e-02
-1.861077398061752319e-01
-1.080727100372314453e+00
3.276319801807403564e-01
5.650665983557701111e-02
4.887811243534088135e-01
2.132975608110427856e-01
1.304849833250045776e-01
4.572147727012634277e-01
2.151092886924743652e-01
3.765133619308471680e-01
-6.084541082382202148e-01
-3.847679495811462402e-01
4.594348371028900146e-02
-2.248778007924556732e-02
-4.265228807926177979e-01
-5.158092975616455078e-01
1.736485660076141357e-01
-5.847209095954895020e-01
-4.376016259193420410e-01
1.521937996149063110e-01
-1.202834844589233398e-01
2.674807310104370117e-01
1.141945794224739075e-01
4.675460755825042725e-01
-9.513649344444274902e-01
8.033175468444824219e-01
-2.945079207420349121e-01
-3.212721273303031921e-02
1.375720858573913574e+00
-3.017811775207519531e-01
-3.077322840690612793e-01
4.338532388210296631e-01
-9.058491587638854980e-01
-2.431398630142211914e-02
1.058582663536071777e+00
-2.413655668497085571e-01
3.551064729690551758e-01
-6.545199751853942871e-01
5.509074926376342773e-01
-5.273594260215759277e-01
-1.975290626287460327e-01
7.776981592178344727e-01
1.017150878906250000e+00
-2.393882870674133301e-01
8.292070627212524414e-01
3.375915884971618652e-01
-1.956532448530197144e-01
-2.408857792615890503e-01
4.962954521179199219e-01
-4.079430699348449707e-01
1.723902672529220581e-01
1.242987141013145447e-01
-7.364495396614074707e-01
-3.069881796836853027e-01
-3.997461795806884766e-01
-1.731463670730590820e-01
2.039902098476886749e-02
-3.910058438777923584e-01
-8.917021751403808594e-02
4.074118733406066895e-01
-5.195446610450744629e-01
9.949930906295776367e-01
1.192964076995849609e+00
1.232745572924613953e-01
2.761797010898590088e-01
-4.365985095500946045e-01
7.387687265872955322e-02
-8.819414675235748291e-02
5.962590500712394714e-02
-1.510889381170272827e-01
-3.251544535160064697e-01
-1.141375377774238586e-01
6.721845865249633789e-01
-2.148557752370834351e-01
-7.370873689651489258e-01
-2.820059359073638916e-01
7.352653890848159790e-03
-8.548876643180847168e-01
2.279529720544815063e-02
2.706371992826461792e-02
1.362366676330566406e-01
1.448687314987182617e-01
2.903537452220916748e-01
-6.010884046554565430e-01
-7.615759968757629395e-01
-3.327986970543861389e-02
-4.662582576274871826e-01
3.050677776336669922e-01
8.617348670959472656e-01
-4.412886127829551697e-02
-7.985930442810058594e-01
-3.026239871978759766e-01
6.359488964080810547e-01
-7.298392057418823242e-01
-2.175583839416503906e-01
-2.424140423536300659e-01
-1.620930135250091553e-01
4.273780584335327148e-01
-2.331604957580566406e-01
9.974542260169982910e-01
-2.486948221921920776e-01
-3.817681968212127686e-01
-2.683826386928558350e-01
-7.830989360809326172e-01
9.895191788673400879e-01
2.021094039082527161e-02
-7.281795740127563477e-01
-1.927188038825988770e-01
1.601251401007175446e-02
-1.126095294952392578e+00
-1.211671084165573120e-01
7.692500203847885132e-02
3.875812590122222900e-01
2.399706244468688965e-01
4.776920080184936523e-01
3.016853630542755127e-01
-3.576515316963195801e-01
-1.530958116054534912e-01
6.263040900230407715e-01
3.118771612644195557e-01
-2.262340039014816284e-01
-8.988001942634582520e-02
2.171538770198822021e-02
2.373216003179550171e-01
-2.984874844551086426e-01
-3.770553469657897949e-01
-4.987401366233825684e-01
2.900217473506927490e-01
4.056853353977203369e-01
4.850516021251678467e-01
-4.123499393463134766e-01
4.136472940444946289e-02
-7.124545574188232422e-01
3.939128518104553223e-01
6.855028271675109863e-01
2.992969155311584473e-01
-2.204915583133697510e-01
-9.762844443321228027e-01
3.889372348785400391e-01
-3.359539806842803955e-01
-4.027120396494865417e-02
-1.320872753858566284e-01
-8.612056970596313477e-01
-6.075667738914489746e-01
-3.026472032070159912e-01
7.314630597829818726e-02
-4.046243801712989807e-02
7.325499653816223145e-01
-6.421866416931152344e-01
-1.812139153480529785e-01
-9.391291737556457520e-01
1.282775849103927612e-01
3.042041659355163574e-01
2.866796255111694336e-01
7.153527736663818359e-01
7.431742548942565918e-02
9.255932569503784180e-01
-3.503828048706054688e-01
