-7.700936496257781982e-02
-2.958220541477203369e-01
-1.631565988063812256e-01
-1.552183181047439575e-01
-5.149947479367256165e-02
-2.388507425785064697e-01
2.007096558809280396e-01
-2.378653362393379211e-02
-1.775703281164169312e-01
7.207952439785003662e-02
1.991446316242218018e-02
-2.087227404117584229e-01
-1.449148505926132202e-01
6.913007795810699463e-02
-1.140864714980125427e-01
-1.271539330482482910e-01
2.159574814140796661e-02
1.045309454202651978e-01
-2.305038869380950928e-01
3.243532776832580566e-02
-2.743238210678100586e-01
-1.903973966836929321e-01
-9.851130098104476929e-02
1.413209736347198486e-01
1.430123150348663330e-01
-1.318960934877395630e-01
-1.522368788719177246e-01
-6.916574388742446899e-02
-1.139921471476554871e-01
-4.610513336956501007e-03
-1.897820681333541870e-01
-1.012943536043167114e-01
-1.321878284215927124e-01
-1.401870697736740112e-01
1.183608993887901306e-01
1.468273699283599854e-01
-6.655219942331314087e-02
-1.976247280836105347e-01
-2.397775202989578247e-01
1.758237630128860474e-01
-1.572147607803344727e-01
1.911308318376541138e-01
1.898656189441680908e-01
8.354546874761581421e-02
-6.072345748543739319e-02
9.885581582784652710e-02
-6.663608551025390625e-02
-1.147250980138778687e-01
5.413927882909774780e-02
-1.942102462053298950e-01
-1.547773182392120361e-01
-1.200643926858901978e-01
7.110621780157089233e-02
1.912536323070526123e-01
2.186533510684967041e-01
6.822706758975982666e-02
-8.198279142379760742e-02
-1.310043483972549438e-01
9.366743266582489014e-02
2.378593012690544128e-02
-8.440532535314559937e-02
-1.634002625942230225e-01
-1.984775960445404053e-01
-4.518375545740127563e-02
-1.468800939619541168e-02
-2.968941815197467804e-02
4.432043060660362244e-02
-4.052222892642021179e-02
-2.066210508346557617e-01
-1.530078053474426270e-01
-9.599725902080535889e-02
-2.634439766407012939e-01
-1.876967102289199829e-01
1.271338611841201782e-01
-8.223070949316024780e-02
-2.407402358949184418e-02
-1.267495602369308472e-01
5.814284458756446838e-02
-1.068074479699134827e-01
-1.203663572669029236e-01
-2.217999249696731567e-01
-1.729561388492584229e-01
-2.084671854972839355e-01
-9.608935564756393433e-02
-1.006717011332511902e-01
-2.076400369405746460e-01
-8.354068547487258911e-02
-5.099185556173324585e-02
-1.688265241682529449e-02
2.001801133155822754e-01
1.711763441562652588e-01
-1.686214655637741089e-01
-1.376501321792602539e-01
6.336269527673721313e-02
-4.640512913465499878e-02
-1.055210903286933899e-01
-1.652954220771789551e-01
-1.496700793504714966e-01
1.617089211940765381e-01
-3.620063513517379761e-02
-1.096238419413566589e-01
1.681283116340637207e-02
-2.595123052597045898e-01
-2.104786932468414307e-01
-2.677030116319656372e-02
-1.616024076938629150e-01
2.364065796136856079e-01
1.171989962458610535e-01
-1.354400068521499634e-01
2.255572825670242310e-01
-1.512452363967895508e-01
4.313425347208976746e-02
4.835350438952445984e-02
-1.165436729788780212e-01
-3.302789628505706787e-01
-3.105826377868652344e-01
-2.179546207189559937e-01
-1.320462524890899658e-01
-1.718515306711196899e-01
-1.366917937994003296e-01
-5.678343400359153748e-02
-1.175997927784919739e-01
-2.783806249499320984e-02
-7.056104391813278198e-02
-1.885747611522674561e-01
2.161135897040367126e-02
-2.734871208667755127e-01
-1.098511591553688049e-01
-2.959870994091033936e-01
6.499712169170379639e-02
1.189500913023948669e-01
2.608447968959808350e-01
-1.733645424246788025e-02
-1.516627222299575806e-01
-9.449341148138046265e-02
3.180169761180877686e-01
-1.193745955824851990e-01
-1.000820696353912354e-01
7.063595950603485107e-02
1.496763676404953003e-01
5.250583961606025696e-02
-9.693107008934020996e-02
-3.908889368176460266e-02
-1.720656305551528931e-01
-9.208281338214874268e-02
-2.570955082774162292e-02
-8.075755834579467773e-02
-2.293434143066406250e-01
2.261801622807979584e-03
4.893765435554087162e-04
-1.931930184364318848e-01
-5.862509086728096008e-02
-2.734568119049072266e-01
-9.519512206315994263e-02
3.505519405007362366e-02
-1.790876835584640503e-01
-9.564897976815700531e-03
1.724586039781570435e-01
-6.628047674894332886e-02
9.993249550461769104e-03
-1.523482799530029297e-01
1.148415580391883850e-01
-1.918596476316452026e-01
-9.845622628927230835e-02
-3.006054759025573730e-01
3.696225956082344055e-02
-1.750819981098175049e-01
-1.317398548126220703e-01
-1.480569094419479370e-01
-1.108139827847480774e-01
-1.093371137976646423e-01
-1.656486093997955322e-01
-1.782919019460678101e-01
5.949839204549789429e-02
1.266811937093734741e-01
-3.092787414789199829e-02
-2.735063731670379639e-01
-9.726684656925499439e-04
-6.457443535327911377e-02
-2.089118212461471558e-01
-8.968374133110046387e-02
-3.536894917488098145e-01
9.442634880542755127e-03
3.018197044730186462e-02
1.862069070339202881e-01
-7.091629505157470703e-02
-2.226335927844047546e-02
-8.083991706371307373e-03
-1.626718640327453613e-01
-1.133367121219635010e-01
-1.531238704919815063e-01
-2.162678390741348267e-01
-6.432096660137176514e-02
2.248209714889526367e-01
-1.677232533693313599e-01
-5.894804745912551880e-02
-1.671662479639053345e-01
-1.454637944698333740e-01
-2.685455679893493652e-01
1.991252005100250244e-01
-3.046926809474825859e-03
-7.679384946823120117e-02
-2.040801644325256348e-01
-1.773128658533096313e-01
-1.186922937631607056e-01
-2.020793035626411438e-02
1.963884569704532623e-02
-1.380902528762817383e-01
1.003804616630077362e-02
2.378179691731929779e-02
-1.188242658972740173e-01
-1.897969692945480347e-01
-1.719709187746047974e-01
-1.615389138460159302e-01
3.497587889432907104e-02
-1.356379091739654541e-01
-9.383089840412139893e-02
7.919078320264816284e-02
-2.386788278818130493e-01
2.011485546827316284e-01
-1.814528405666351318e-01
-8.114056289196014404e-02
-1.390073215588927269e-03
-2.541437745094299316e-01
7.732991129159927368e-02
