-7.557048648595809937e-02
-2.715335972607135773e-02
-7.021787017583847046e-02
-3.347008302807807922e-02
-1.172454357147216797e-01
1.766546070575714111e-02
-7.391605526208877563e-02
5.327411368489265442e-02
-1.429236382246017456e-01
-6.899776309728622437e-02
-1.006145104765892029e-01
-7.939830422401428223e-02
1.014699488878250122e-01
-1.019038483500480652e-01
1.996955722570419312e-01
1.739260703325271606e-01
1.356424540281295776e-01
7.568003237247467041e-02
-1.706801205873489380e-01
-1.540286242961883545e-01
-1.789648830890655518e-01
8.283025026321411133e-02
2.246003448963165283e-01
1.939350552856922150e-02
-2.093519419431686401e-01
4.028902575373649597e-02
8.992894738912582397e-02
-7.173720747232437134e-02
-7.906097173690795898e-02
-2.054125964641571045e-01
-2.078666239976882935e-01
-7.062754780054092407e-02
-1.474122330546379089e-02
-1.788136512041091919e-01
9.359014034271240234e-02
8.220905065536499023e-02
1.971282809972763062e-01
1.502972990274429321e-01
-2.486675232648849487e-02
1.798205822706222534e-02
5.962860770523548126e-03
-1.585857123136520386e-01
-1.134783253073692322e-01
2.293589338660240173e-02
-2.583305351436138153e-02
4.247489944100379944e-02
1.098568900488317013e-03
-2.908186614513397217e-02
-4.771453514695167542e-02
7.362141460180282593e-02
5.042370408773422241e-02
-1.957777589559555054e-01
-2.281603962182998657e-01
-7.733260095119476318e-02
1.470909267663955688e-01
3.729760646820068359e-02
1.079879030585289001e-01
-1.783125251531600952e-01
1.661534458398818970e-01
1.663008332252502441e-01
1.751658916473388672e-01
-1.156872063875198364e-01
-1.268417984247207642e-01
1.183308437466621399e-01
-2.289790511131286621e-01
6.354381795972585678e-03
-2.274601906538009644e-01
5.261041969060897827e-02
1.134948953986167908e-01
-2.482883781194686890e-01
8.586595766246318817e-03
-7.561705261468887329e-02
-1.066365465521812439e-01
-1.762385130859911442e-03
2.745831608772277832e-01
-1.840092539787292480e-01
-1.370451506227254868e-02
4.429577663540840149e-02
-1.258800029754638672e-01
2.865770757198333740e-01
-5.938501283526420593e-02
-1.573254019021987915e-01
1.357620954513549805e-01
-1.866955459117889404e-01
5.368386209011077881e-02
-1.410487592220306396e-01
1.235867738723754883e-01
4.777670279145240784e-02
-1.272940337657928467e-01
8.158989250659942627e-02
9.111099690198898315e-02
9.891050308942794800e-02
1.188649330288171768e-02
-1.065976098179817200e-01
9.201767295598983765e-02
-6.908989697694778442e-02
-6.515152752399444580e-02
1.155702471733093262e-01
9.263975918292999268e-02
5.980367586016654968e-02
6.929596513509750366e-02
-1.498306989669799805e-01
-1.244669780135154724e-02
5.460884049534797668e-02
1.509486436843872070e-01
5.786275118589401245e-02
-2.046970427036285400e-01
9.990590624511241913e-04
2.012370824813842773e-01
-9.553869068622589111e-02
4.041263833642005920e-02
5.991523340344429016e-02
2.787269093096256256e-02
-1.462924331426620483e-01
-7.383251190185546875e-02
1.024923101067543030e-01
-6.650195270776748657e-02
-1.475011855363845825e-01
5.510640889406204224e-02
-5.695166438817977905e-02
-8.583569526672363281e-02
9.687094390392303467e-02
1.208164170384407043e-01
-5.221352726221084595e-02
-1.638714969158172607e-01
4.578552767634391785e-02
-2.036712765693664551e-01
-7.206874340772628784e-02
-6.625923328101634979e-03
5.651975050568580627e-02
-1.738163679838180542e-01
8.035162836313247681e-02
4.887827485799789429e-02
-2.952258586883544922e-01
1.493677794933319092e-01
-6.584524642676115036e-03
-3.064149990677833557e-02
-1.311147864907979965e-02
1.740875244140625000e-01
1.746287452988326550e-03
1.064049080014228821e-01
-9.241713583469390869e-02
-1.171013638377189636e-01
-1.555344760417938232e-01
5.014395341277122498e-02
9.776149690151214600e-02
3.272839486598968506e-01
2.691256068646907806e-02
-7.672511041164398193e-02
1.122073531150817871e-01
-1.660397499799728394e-01
1.479782760143280029e-01
-1.798118464648723602e-02
-1.105156838893890381e-01
5.764422938227653503e-02
-2.712395414710044861e-02
-9.235517680644989014e-02
5.329129472374916077e-02
-4.546944797039031982e-02
9.500034153461456299e-02
9.132558852434158325e-02
-5.609741806983947754e-02
1.369349211454391479e-01
1.911363680846989155e-03
-1.262182891368865967e-01
4.098239168524742126e-02
7.856756448745727539e-02
-1.671914160251617432e-01
1.047223210334777832e-01
-4.958492517471313477e-02
5.330970883369445801e-02
1.079450547695159912e-01
5.756530165672302246e-02
6.626813858747482300e-02
8.808882534503936768e-02
7.523593306541442871e-02
1.308588832616806030e-01
-5.033260211348533630e-02
-1.670207381248474121e-01
-9.690051525831222534e-02
2.914908155798912048e-02
-5.058156326413154602e-02
-1.717269867658615112e-01
1.989693790674209595e-01
1.237386092543601990e-01
-2.020939290523529053e-01
-1.900343969464302063e-02
1.301293671131134033e-01
-1.418320089578628540e-01
-7.674750685691833496e-02
-1.281247586011886597e-01
-2.526074275374412537e-02
1.207927316427230835e-01
4.172534123063087463e-02
-1.202046722173690796e-01
1.526098400354385376e-01
-5.588568747043609619e-02
1.453024893999099731e-01
1.410514563322067261e-01
-1.057947576045989990e-01
1.753291934728622437e-01
1.653504818677902222e-01
1.554211378097534180e-01
-2.418443709611892700e-01
1.197931170463562012e-02
-8.114216476678848267e-02
-2.251081168651580811e-01
-1.070765107870101929e-01
8.981285244226455688e-02
8.041298389434814453e-02
1.129421666264533997e-01
2.751831337809562683e-02
-1.829755902290344238e-01
-1.212962567806243896e-01
-4.597309604287147522e-02
-2.452802956104278564e-01
3.398045897483825684e-02
-1.426089107990264893e-01
-2.074252068996429443e-01
3.018378652632236481e-02
2.935277484357357025e-02
7.019777782261371613e-03
2.121377438306808472e-01
9.854622185230255127e-02
-6.281121075153350830e-02
