-6.679113209247589111e-02
1.974367499351501465e-01
5.036415904760360718e-02
6.218972150236368179e-03
-2.118754386901855469e-01
3.638338297605514526e-02
-1.015606224536895752e-01
6.121974438428878784e-02
-5.193259567022323608e-02
-8.753706514835357666e-02
-2.107976377010345459e-01
-9.248391538858413696e-02
2.450536340475082397e-01
9.188342094421386719e-02
-5.399907380342483521e-02
-7.002543658018112183e-02
5.990851297974586487e-02
1.487832516431808472e-01
2.156277187168598175e-03
6.407338380813598633e-02
-8.631791919469833374e-02
9.019320458173751831e-02
8.074081502854824066e-03
-1.547575648874044418e-02
1.445693075656890869e-01
4.512287303805351257e-02
6.746127456426620483e-02
-1.470616459846496582e-01
8.299352601170539856e-03
3.292595967650413513e-02
-2.087919116020202637e-01
-1.592407673597335815e-01
1.182601787149906158e-02
5.757702887058258057e-02
-5.694193765521049500e-02
-2.979782521724700928e-01
-1.458024978637695312e-02
-1.072668135166168213e-01
7.215517014265060425e-02
1.171384453773498535e-01
4.631780460476875305e-02
-8.722975850105285645e-02
9.826405346393585205e-02
1.076082214713096619e-01
-5.165384709835052490e-02
1.389325559139251709e-01
-1.809579282999038696e-01
-7.724748551845550537e-02
1.256317198276519775e-01
-8.103758841753005981e-02
-3.043974563479423523e-02
7.521539926528930664e-02
-1.045434176921844482e-01
8.837341517210006714e-02
1.506030559539794922e-01
8.033622801303863525e-02
5.559207499027252197e-02
8.472823351621627808e-02
9.668040275573730469e-02
-1.486239433288574219e-01
-1.764256060123443604e-01
2.398814409971237183e-01
3.293433189392089844e-01
-6.004931032657623291e-02
-9.074930101633071899e-02
1.493467837572097778e-01
5.367600172758102417e-02
1.585717648267745972e-01
7.813545316457748413e-02
-1.012368798255920410e-01
-7.337418943643569946e-02
-2.000103145837783813e-01
1.425711363554000854e-01
3.289229422807693481e-02
-1.296825259923934937e-01
1.607246845960617065e-01
-2.078563868999481201e-01
4.057914018630981445e-02
-2.460498549044132233e-02
3.821447724476456642e-03
-5.863912403583526611e-02
1.128953099250793457e-01
2.464085258543491364e-02
-2.203370481729507446e-01
6.004846841096878052e-02
2.491870373487472534e-01
-4.459064453840255737e-02
1.145918816328048706e-01
-2.642742693424224854e-01
7.907521724700927734e-02
2.815878689289093018e-01
3.066452965140342712e-02
-2.281913459300994873e-01
1.495458930730819702e-01
4.931453242897987366e-02
-2.774614393711090088e-01
-1.549976468086242676e-01
2.299226075410842896e-01
1.969875544309616089e-01
-1.257406026124954224e-01
-8.238594979047775269e-03
4.854271560907363892e-02
-6.623011082410812378e-02
1.191305741667747498e-02
2.499669641256332397e-01
-2.787761949002742767e-02
-5.738551914691925049e-02
1.635656505823135376e-01
-8.678086102008819580e-02
-1.449544131755828857e-01
-4.646096006035804749e-02
-1.586747542023658752e-02
-7.854605093598365784e-03
2.598473429679870605e-01
-3.455437719821929932e-02
5.265964940190315247e-02
1.608598232269287109e-01
-4.070534557104110718e-02
-5.568929761648178101e-02
2.314822822809219360e-01
2.543294616043567657e-02
1.500194966793060303e-01
7.217458449304103851e-03
1.096422523260116577e-01
-7.823896594345569611e-03
-5.869401618838310242e-02
9.225891530513763428e-02
-1.875879466533660889e-01
-1.348681300878524780e-01
-3.155386447906494141e-02
3.254715502262115479e-01
-2.758479416370391846e-01
-1.446795463562011719e-01
-1.528105735778808594e-01
-1.386103034019470215e-01
-4.005012288689613342e-02
1.283920276910066605e-02
-3.325171768665313721e-02
-3.454863652586936951e-02
-3.090619109570980072e-02
-8.819329738616943359e-02
7.704504579305648804e-02
7.020016014575958252e-02
-3.022783063352108002e-02
-6.869904696941375732e-02
1.609657257795333862e-01
-6.297802925109863281e-02
1.014486514031887054e-02
-1.133732274174690247e-01
1.412925869226455688e-02
-1.225726678967475891e-01
-2.242626994848251343e-02
-8.132524043321609497e-02
-1.309319585561752319e-01
5.854451656341552734e-02
-1.033064126968383789e-01
2.927215397357940674e-01
-2.559833824634552002e-01
-2.915094792842864990e-02
2.831952879205346107e-03
5.835053697228431702e-02
7.301720231771469116e-02
-1.806083507835865021e-02
-1.098870784044265747e-01
2.745743095874786377e-02
3.639772534370422363e-01
3.051689825952053070e-02
5.515356734395027161e-02
-9.206962585449218750e-02
5.358912423253059387e-02
-6.192672997713088989e-02
-9.022915363311767578e-02
3.478875756263732910e-01
-1.028697341680526733e-01
-1.104628071188926697e-01
-1.167715340852737427e-01
1.749487034976482391e-02
6.138367205858230591e-02
-8.371735364198684692e-02
2.707133293151855469e-01
-1.671475358307361603e-02
-2.312541157007217407e-01
-1.923181302845478058e-02
-1.438516974449157715e-01
-5.141329020261764526e-02
-1.883242577314376831e-01
3.836447298526763916e-01
-7.852564007043838501e-02
1.844671554863452911e-02
3.392021358013153076e-02
-5.090422555804252625e-02
-1.053548753261566162e-01
1.473604887723922729e-01
-2.579668462276458740e-01
2.214898467063903809e-01
-1.292629688978195190e-01
2.517124414443969727e-01
-7.594829052686691284e-02
3.830736875534057617e-02
7.468719035387039185e-02
-1.553679406642913818e-01
8.116428554058074951e-02
-2.207516729831695557e-01
-1.252062171697616577e-01
2.723598666489124298e-02
1.057438701391220093e-01
8.261663466691970825e-02
6.546392105519771576e-03
4.973606392741203308e-02
-1.670477986335754395e-01
-9.267113357782363892e-02
-9.652411192655563354e-02
-4.860840999754145741e-05
2.264414280652999878e-01
7.840263843536376953e-02
3.433631360530853271e-02
-1.093972176313400269e-01
2.946654893457889557e-02
-1.868411302566528320e-01
-2.968071959912776947e-02
-2.195170223712921143e-01
2.666103094816207886e-02
6.679611653089523315e-02
-6.923039257526397705e-02
-1.229695826768875122e-01
