9.205771982669830322e-02
1.692339032888412476e-02
-8.916651457548141479e-02
-4.307337570935487747e-03
-6.244262307882308960e-02
1.901018172502517700e-01
1.970618963241577148e-01
1.003590077161788940e-01
-1.366659533232450485e-02
1.899838000535964966e-01
1.733798086643218994e-01
-3.116317093372344971e-02
-9.423485398292541504e-02
3.001604676246643066e-01
1.867686510086059570e-01
-2.276528030633926392e-01
6.740174442529678345e-02
-2.243146114051342010e-02
-9.336579591035842896e-02
-7.215591520071029663e-02
-1.867912337183952332e-02
1.301198825240135193e-02
-1.644808799028396606e-01
-2.284356392920017242e-02
-6.927172839641571045e-02
8.744831383228302002e-02
-5.998148024082183838e-02
1.257328987121582031e-01
-5.694567784667015076e-02
-5.294794961810112000e-02
-4.238376766443252563e-02
-9.437267482280731201e-02
-1.196948662400245667e-01
2.529686987400054932e-01
1.309545040130615234e-01
2.089933753013610840e-01
4.589338973164558411e-02
-2.246408350765705109e-02
2.292436314746737480e-03
1.048966050148010254e-01
-4.622010514140129089e-02
2.545128464698791504e-01
-7.925503887236118317e-03
-1.369367986917495728e-01
1.168549060821533203e-01
-1.250767032615840435e-03
2.943653613328933716e-02
2.238164991140365601e-01
-2.584777772426605225e-01
-1.046380400657653809e-01
4.543959721922874451e-02
4.818351566791534424e-02
-7.060848921537399292e-02
2.589766979217529297e-01
1.585259661078453064e-02
-1.041551083326339722e-01
-9.169504046440124512e-02
-2.656737901270389557e-02
-2.447433955967426300e-02
9.123595058917999268e-02
-3.060288354754447937e-02
2.399338483810424805e-01
1.111802309751510620e-01
-7.404330372810363770e-02
-1.491688638925552368e-01
-9.778716415166854858e-02
4.735968261957168579e-02
1.357577834278345108e-02
1.153310481458902359e-02
-1.443989947438240051e-02
8.349546790122985840e-02
-1.378133893013000488e-01
-1.094779372215270996e-01
1.846681907773017883e-02
-1.697089374065399170e-01
2.151597291231155396e-01
1.316443681716918945e-01
1.411277353763580322e-01
1.288000494241714478e-01
-5.259071663022041321e-02
2.609635591506958008e-01
3.759806752204895020e-01
-1.317482292652130127e-01
2.983338534832000732e-01
2.319983392953872681e-01
7.080524228513240814e-03
1.143987551331520081e-01
1.645661145448684692e-01
1.203978061676025391e-01
-2.025196254253387451e-01
1.316981166601181030e-01
-1.824683696031570435e-02
-3.701943159103393555e-02
6.220722198486328125e-02
-1.110449731349945068e-01
-7.146655768156051636e-02
1.795361191034317017e-01
2.232487350702285767e-01
-3.513597697019577026e-02
-2.164776623249053955e-02
1.713534742593765259e-01
-1.453729271888732910e-01
5.406041070818901062e-02
2.185691297054290771e-01
2.908893302083015442e-02
2.549958825111389160e-01
-2.137719690799713135e-01
8.583504706621170044e-02
-5.247887596487998962e-02
1.348982304334640503e-01
9.650432318449020386e-02
1.082823500037193298e-01
-2.803658321499824524e-02
-8.109687827527523041e-03
1.092129200696945190e-01
6.509131193161010742e-02
2.876433134078979492e-01
1.147172749042510986e-01
-1.387867778539657593e-01
2.957776188850402832e-02
2.143626809120178223e-01
-3.945930674672126770e-02
3.249702975153923035e-02
-6.557719409465789795e-02
2.610349953174591064e-01
-1.428806968033313751e-02
2.641164660453796387e-01
-2.851851284503936768e-02
1.670571565628051758e-01
3.703080415725708008e-01
5.573694407939910889e-02
-1.075682789087295532e-02
-2.975820302963256836e-01
1.538047790527343750e-01
1.170788779854774475e-01
9.477768093347549438e-02
-5.103038251399993896e-02
9.406742453575134277e-02
2.465475052595138550e-01
-2.680178172886371613e-02
2.103759795427322388e-01
2.568962797522544861e-02
-1.976474374532699585e-01
-1.355225741863250732e-01
-1.097990479320287704e-02
2.451522201299667358e-01
-1.081995293498039246e-01
9.233449399471282959e-02
2.885343134403228760e-01
-7.929874211549758911e-02
4.481415450572967529e-02
7.863381505012512207e-02
7.441733498126268387e-03
2.763304486870765686e-02
-7.483895123004913330e-02
4.363703075796365738e-03
-2.725676074624061584e-02
3.166839107871055603e-02
2.599884569644927979e-01
-7.520703598856925964e-03
2.219600677490234375e-01
-3.684202209115028381e-02
-5.190378054976463318e-03
3.710620105266571045e-01
2.677488029003143311e-01
-2.976340986788272858e-02
-9.553003311157226562e-02
-1.798015274107456207e-02
-6.726853549480438232e-02
1.286507099866867065e-01
-1.862072199583053589e-01
-1.415115743875503540e-01
-2.547816336154937744e-01
2.875772118568420410e-02
7.887168973684310913e-02
4.409340769052505493e-02
9.202052652835845947e-02
1.911920756101608276e-01
4.255115091800689697e-01
2.100429534912109375e-01
1.182100698351860046e-01
1.580859720706939697e-01
-3.555463626980781555e-02
1.783315539360046387e-01
-3.520062863826751709e-01
4.898615181446075439e-02
6.300529092550277710e-02
-1.222407519817352295e-01
-8.027178794145584106e-02
8.020650595426559448e-02
-2.837857417762279510e-02
3.075679540634155273e-01
2.827783823013305664e-01
1.032123640179634094e-01
-1.094400882720947266e-01
-1.108824759721755981e-01
4.014424085617065430e-01
-3.751466423273086548e-02
-1.017740443348884583e-01
2.455422729253768921e-01
8.288028836250305176e-02
-4.948195815086364746e-02
-1.392239034175872803e-01
2.176906354725360870e-02
5.405342206358909607e-02
1.950760185718536377e-01
2.358972840011119843e-02
-6.807375699281692505e-02
2.289604544639587402e-01
-1.351251546293497086e-02
4.314246587455272675e-03
2.131717512384057045e-03
2.224882096052169800e-01
-1.355843842029571533e-01
1.695083230733871460e-01
-1.061428114771842957e-01
-8.551181294023990631e-03
5.704086273908615112e-02
-1.430494152009487152e-02
-2.471218109130859375e-01
8.950376510620117188e-02
-1.021110638976097107e-01
-1.694346070289611816e-01
1.424901001155376434e-02
1.304943263530731201e-01
