-6.168016791343688965e-02
-1.664587706327438354e-01
-1.584078967571258545e-01
-1.630389839410781860e-01
-5.846395343542098999e-02
-1.747263073921203613e-01
1.999046951532363892e-01
-1.810295693576335907e-02
-9.301960468292236328e-02
1.129446104168891907e-01
-4.171335604041814804e-03
-2.980844378471374512e-01
-8.597384393215179443e-02
1.009727716445922852e-01
-1.039078161120414734e-01
-1.313834488391876221e-01
8.177874237298965454e-02
1.273104399442672729e-01
-1.599740982055664062e-01
4.293992742896080017e-02
-2.101252526044845581e-01
-2.039993107318878174e-01
-1.310478448867797852e-01
1.258513629436492920e-01
1.311317533254623413e-01
-1.164388507604598999e-01
-1.087880209088325500e-01
-3.660063073039054871e-02
-1.330306828022003174e-01
1.017519622109830379e-03
-1.146797984838485718e-01
-9.359411150217056274e-02
-2.329338341951370239e-01
-1.639209687709808350e-01
1.095416471362113953e-01
1.208421289920806885e-01
-6.664998829364776611e-02
-5.681905522942543030e-02
-2.491590231657028198e-01
1.598192006349563599e-01
-9.484577178955078125e-02
1.944840401411056519e-01
1.723940819501876831e-01
6.199068948626518250e-02
-1.319050043821334839e-01
9.221358597278594971e-02
-1.544965803623199463e-01
-1.072659865021705627e-01
6.063789129257202148e-02
-1.712629795074462891e-01
-1.777645051479339600e-01
-1.004039645195007324e-01
7.989496737718582153e-02
2.102333754301071167e-01
2.198375016450881958e-01
7.411379367113113403e-02
-1.010167300701141357e-01
-1.035688221454620361e-01
1.216469854116439819e-01
4.970030859112739563e-02
-2.510349452495574951e-02
-1.467234641313552856e-01
-2.197780162096023560e-01
-5.653055757284164429e-02
1.979682408273220062e-02
-4.555905237793922424e-03
7.819894701242446899e-02
-3.986603766679763794e-02
-1.235859394073486328e-01
-1.460571438074111938e-01
-9.444195777177810669e-02
-1.489564776420593262e-01
-1.995084285736083984e-01
1.238664165139198303e-01
-9.990007430315017700e-02
-1.785003021359443665e-02
-1.424865424633026123e-01
1.099912449717521667e-01
-9.662697464227676392e-02
-1.693884432315826416e-01
-8.955486863851547241e-02
-5.112933367490768433e-02
-2.102492004632949829e-01
-2.014560252428054810e-01
-1.210575103759765625e-01
-2.121097892522811890e-01
-2.294374406337738037e-01
-6.447494775056838989e-02
-2.769250981509685516e-02
1.997530609369277954e-01
1.742817461490631104e-01
-2.104898393154144287e-01
-1.109424903988838196e-01
7.248128950595855713e-02
-1.600653380155563354e-01
-1.126139014959335327e-01
-1.782374978065490723e-01
-1.845953166484832764e-01
1.889543682336807251e-01
-3.832725575193762779e-03
-3.464185073971748352e-02
3.238615021109580994e-02
-1.521551460027694702e-01
-2.317843884229660034e-01
-1.527372468262910843e-02
-7.538056373596191406e-02
2.483473569154739380e-01
8.656603842973709106e-02
-1.396983861923217773e-01
2.367662340402603149e-01
-1.186201348900794983e-01
1.786631904542446136e-02
3.405202180147171021e-02
-1.012148186564445496e-01
-2.819881737232208252e-01
-2.475220263004302979e-01
-1.678279638290405273e-01
-1.108737289905548096e-01
-1.334813684225082397e-01
-1.807318329811096191e-01
2.275289967656135559e-02
-1.078532710671424866e-01
-2.005546912550926208e-02
-9.474557638168334961e-02
-1.425502598285675049e-01
3.574639186263084412e-02
-2.320732027292251587e-01
-8.618866652250289917e-02
-3.089756965637207031e-01
2.367734163999557495e-02
1.017913147807121277e-01
2.763504683971405029e-01
-7.465141266584396362e-02
-1.784546971321105957e-01
-1.421666145324707031e-01
3.254947066307067871e-01
-1.618072241544723511e-01
-7.157719880342483521e-02
5.319827795028686523e-02
1.363405585289001465e-01
2.138342522084712982e-02
5.907528847455978394e-02
-7.721108198165893555e-02
-1.514474004507064819e-01
-1.463978141546249390e-01
-1.682416163384914398e-02
-2.290056794881820679e-01
-2.083903700113296509e-01
2.915291674435138702e-02
2.281568571925163269e-02
-1.488863825798034668e-01
-8.907722681760787964e-02
-2.283393144607543945e-01
-1.237079799175262451e-01
-3.142281249165534973e-02
-1.478907167911529541e-01
-1.571862213313579559e-02
1.660143435001373291e-01
-1.530346721410751343e-01
3.010157682001590729e-02
-1.108550205826759338e-01
1.436965167522430420e-01
3.435458242893218994e-02
-1.058459058403968811e-01
-1.928420215845108032e-01
1.694877818226814270e-02
-1.586199998855590820e-01
-1.460455656051635742e-01
-2.035996019840240479e-01
-5.352780595421791077e-02
-1.579980701208114624e-01
-1.977078169584274292e-01
-1.457079648971557617e-01
7.563159614801406860e-02
1.088794320821762085e-01
-9.767440706491470337e-02
-1.645745933055877686e-01
1.259729918092489243e-02
-9.078188240528106689e-02
-1.646465510129928589e-01
-1.565033793449401855e-01
-3.084803819656372070e-01
1.898457109928131104e-02
1.115163788199424744e-02
1.916030496358871460e-01
-8.955599367618560791e-02
-3.567916154861450195e-02
-1.225848030298948288e-02
-2.185144871473312378e-01
-1.166061535477638245e-01
-1.361181735992431641e-01
-1.661115735769271851e-01
-1.215583086013793945e-01
2.359401732683181763e-01
-3.777489066123962402e-02
-8.339713513851165771e-02
-1.509943157434463501e-01
-1.044446974992752075e-01
-8.559256792068481445e-02
1.994368880987167358e-01
-2.035078214248642325e-04
-1.996032297611236572e-01
-2.901739478111267090e-01
-2.054007351398468018e-01
-6.425608694553375244e-02
-1.969008333981037140e-02
-1.727652922272682190e-02
-1.546950042247772217e-01
6.054654717445373535e-02
-2.180965803563594818e-02
-1.294598132371902466e-01
-2.184030562639236450e-01
-9.898561984300613403e-02
-1.957414597272872925e-01
-3.141191601753234863e-02
-9.812479466199874878e-02
-1.078979969024658203e-01
1.288204491138458252e-01
-2.049313485622406006e-01
2.154156565666198730e-01
-1.743137240409851074e-01
-8.812268823385238647e-02
-7.267527282238006592e-02
-1.148145347833633423e-01
1.183255165815353394e-01
