3.17697604946,0.316187129542
0.120374803524,0.0791756992461
0.102701658313,0.0728285573772
0.081638306065,0.065250757162
0.0638629162684,0.0582316026324
0.0546838703565,0.0541130842408
0.0482647481258,0.0509649713407
0.0436306001502,0.0484932921827
0.0399556329008,0.046404276148
0.036942754616,0.0445753124775
0.0344836982898,0.0429576740018
0.0322914117191,0.0415470287437
0.0303427189239,0.0401632377878
0.0286290107586,0.038955051254
0.0270564334875,0.0378444325295
0.025627934665,0.036731734249
0.0243939235166,0.0357583921636
0.0232529670291,0.0348387202772
0.0222493404872,0.03401861483
0.0213153919438,0.0332353785168
0.0205178064236,0.0325263371575
0.0197254607163,0.0317993475241
0.0190371972596,0.0311645068112
0.0184198745672,0.0306690478523
0.0177832886955,0.0300331422535
0.0172449564736,0.0295232958975
0.0167192896566,0.028975520021
0.0162349703518,0.0284987583116
0.0157677817566,0.028062742023
0.0153181022732,0.0275541735231
0.0149376246904,0.0272174139332
0.0145252744493,0.0267462948279
0.0141698217456,0.0264075604908
0.0138033704134,0.0259662363795
0.013476352935,0.025652277132
0.0131528412516,0.0252607458562
0.0128576304036,0.0249544924824
0.0125666422129,0.0246193275088
0.0122854317597,0.0242603280407
0.0120212504757,0.0239592072205
0.0117863836844,0.0236967703386
0.0115266450826,0.023395768879
0.0112905700487,0.0230907346879
0.011085958156,0.0228304831195
0.010878889283,0.0225900959573
0.01068638133,0.0223408727266
0.0104803089256,0.02207302975
0.0103021539107,0.0218531278835
0.0101277830196,0.0216293375881
0.00995808717271,0.0214096947107
0.00979808220291,0.0212077240401
0.00963892033324,0.0209906903852
0.00947995086899,0.0207472374081
0.00934318581712,0.020567661355
0.00919145603548,0.0203604615119
0.0090684894647,0.0201990585541
0.00893524608837,0.0200286149047
0.00880543218373,0.0198171419499
0.00868378965679,0.0196575712704
0.0085686656661,0.0194878065609
0.00845614997233,0.0193419767893
0.00833894371317,0.0191804359725
0.00824109419918,0.0190025440766
0.00813394061843,0.0188619008113
0.00804020010983,0.0187190149562
0.0079441015987,0.0185177188308
0.00782619939127,0.0183348754188
0.00775911019591,0.0182931815682
0.0076680673068,0.0181079886563
0.0075775568941,0.0180000878463
0.00749324725621,0.0178379892663
0.007415584306,0.0177448000613
0.00733739766438,0.0176325002947
0.00726589164406,0.0175443064305
0.00718944187392,0.0174233173486
0.00711182545347,0.0172410600091
0.00704026740859,0.017098358064
0.0070100077719,0.0170519636595
0.00706398222828,0.0172824835259
0.00696439868625,0.0171104412002
0.00688506569422,0.0169658314786
0.00681127305143,0.0168482950219
0.00674266887945,0.016752790779
0.00667322097579,0.0166028431559
0.00660444531532,0.01648695888
0.00654226004117,0.0163895910722
0.00648256602872,0.0162726072769
0.00643111626123,0.0161901695072
0.00636648641521,0.0160677520122
0.00631631349097,0.0159833900572
0.00626145718124,0.0158889491518
0.00620603043353,0.0157832684228
0.00615550180519,0.0157000568986
0.00610693623603,0.0156110101641
0.00605764746433,0.015528269604
0.00601342790324,0.0154452245042
0.00596470622404,0.0153497167979
0.00591626081296,0.0152515683469
0.00587514758518,0.0152001481532
0.00582966261863,0.0151053615293
0.005788816532,0.0150259399205
0.00574898677005,0.014942384712
0.00570662482787,0.014881053663
0.00566718981863,0.0148096366232
0.00562962461845,0.0147255171294
0.00558932967251,0.014645308684
0.00555242249538,0.0145809992333
0.00551843549038,0.0145187151531
0.00548080362205,0.0144379992766
0.00544546528836,0.0143772408628
0.00541265652864,0.0143095595267
0.00537975695624,0.014259832917
0.00534729948849,0.0141918110749
0.00530914266128,0.0140995896887
0.00528263890155,0.0140605371358
0.00525154990319,0.0140012123418
0.00522007914842,0.0139338386973
0.00518943552306,0.0138648902153
0.00516270062944,0.0138280441141
0.00513224740571,0.0137569391343
0.00510279728041,0.0137011672836
0.00507842075313,0.0136576847173
0.00504892405443,0.0135993071774
0.0050232004025,0.013553257208
0.00499648019031,0.0134841008665
0.00497221397673,0.0134382023796
0.00494519220083,0.0133843573567
0.00492249768431,0.0133426303248
0.00489543352305,0.0132814419369
0.00487421449507,0.0132431084872
0.00485017588944,0.01318727209
0.00482693489903,0.013145314029
0.00480314975575,0.0130905695405
0.00478310596227,0.0130518240214
0.00475980781775,0.0130023076228
0.00474040820845,0.0129676257144
0.0047176151711,0.0129149906163
0.0046988041664,0.0128691821184
0.00467657876288,0.0128161898931
0.00465755285259,0.0127886961069
0.00463829275104,0.012740207513
0.00461865141988,0.0127054119162
0.00460043924977,0.0126672580634
0.00458197374828,0.0126279974909
0.00456333760812,0.0125857072533
0.00454500835622,0.0125490995881
0.00452745255971,0.0125091860333
0.00451123074308,0.0124821564328
0.00449336234233,0.0124380533176
0.00447695435723,0.0124034572247
0.00446047484365,0.0123698598531
0.00444410818527,0.0123350729787
0.00442730166324,0.012294743862
0.00441288763395,0.0122651882382
0.00439760356312,0.0122254217102
0.00438156785967,0.0121937448217
0.00436718145502,0.0121657411248
0.00435261552484,0.0121281945496
0.00433766551578,0.0120997832739
0.00432338508908,0.0120742489555
0.00430977150536,0.0120393068501
0.00429589661871,0.0120076610765
0.00428257260501,0.0119770812773
0.00426898330697,0.0119507494295
0.00425622437033,0.0119203433889
0.00424307226203,0.0118894378713
0.00423072446429,0.011861095691
0.00421806998711,0.0118346088129
0.00420575247117,0.0118084475922
0.00419340788358,0.0117819702253
0.0041813556265,0.0117544648441
0.00416969627695,0.0117284518376
0.00415809114202,0.0117041266407
0.00414683834679,0.0116775599978
0.00413550044177,0.0116514471127
0.00412440025902,0.0116268468584
0.00411342075531,0.0116017892346
0.00410257223557,0.0115767222393
0.00409196866021,0.0115494990663
0.00408149410796,0.0115289183363
0.00407126257269,0.0115062187746
0.00406110608164,0.0114840999187
0.00405113085435,0.0114602312067
0.00404135302233,0.0114385163324
0.00403170677819,0.0114164115745
0.00402227219311,0.0113951099396
0.0040128560875,0.0113731666905
0.00400361091088,0.0113519755396
0.00399447794625,0.0113308700646
0.00398557892477,0.0113106529257
0.00397678534937,0.0112905453541
0.0039680139409,0.0112699642195
0.00395943659023,0.0112499386363
0.0039509644972,0.011230755283
0.00394264988863,0.0112113155687
0.00393442202912,0.0111922382261
0.00392636225079,0.0111735960585
0.00391838177529,0.0111553433875
0.00391050774269,0.0111367908044
0.00390274153615,0.0111191229167
0.00389510694949,0.0111015220376
0.0038874988888,0.0110832291917
0.00388013287738,0.0110665683256
0.00387279748102,0.0110496058333
0.00386537555896,0.0110310276155
0.00385852960608,0.0110169624968
0.00385143867825,0.0110006100178
0.00385387924762,0.0110189849511
0.00385032582126,0.011018860247
0.00384247623952,0.0109991713252
0.00383503887788,0.0109811124101
0.00382782776578,0.0109637176152
0.00382083086733,0.0109468522744
0.00381399030448,0.0109304641199
0.00380733025158,0.0109145804425
0.00380076058209,0.0108989348344
0.00379431728215,0.0108836748172
0.00378795604847,0.010868682788
0.00378176842059,0.0108540379355
0.00377564563241,0.0108396514726
0.00376961557122,0.0108254244667
0.00376371196617,0.0108115605079
0.00375789010941,0.0107978884014
0.00375212251674,0.0107844407234
0.00374649191363,0.0107712439611
0.0037409073193,0.0107581814198
0.00373541365989,0.0107453466771
0.00373004614448,0.0107327089936
0.00372468186833,0.0107201637904
0.00371940614859,0.0107078370231
0.0037142381203,0.0106957816985
0.0037091271719,0.010683761508
0.0037040974632,0.0106719859381
0.00369917593998,0.0106605722423
0.00369426673351,0.0106491306593
0.00368941697307,0.0106377976103
0.00368467124863,0.0106268529315
0.00367995854467,0.010615813022
0.00367529394061,0.0106049176655
0.00367070908978,0.0105941358634
0.00366620019486,0.0105836496601
0.00366176764583,0.0105732915661
0.00365735402811,0.0105628769641
0.00365302902792,0.0105527484382
0.00364867765384,0.0105422425462
0.00364443559229,0.0105322707037
0.00363958335365,0.0105199424579
0.00363526227666,0.010511457859
0.00363039746953,0.0104983030324
0.00362619767475,0.0104881441599
0.00362209488521,0.0104782118782
0.00361813952477,0.0104687805462
0.00361425868105,0.0104595546756
0.00361042782824,0.0104505349562
0.00360662985549,0.0104416190443
0.0036039332088,0.0104368110915
0.00360225614277,0.0104372009693
0.00359813402101,0.0104272970435
0.00359258239405,0.0104107610241
0.00358877595427,0.0104009956412
0.00358720572549,0.0104009533621
0.00358465063109,0.0103981397202
0.00357865855185,0.0103784367093
0.00357760958213,0.0103801874007
0.00357200701037,0.0103633838822
0.00357135813538,0.0103676675441
0.003566947324,0.0103554686997
0.00356398769072,0.0103492799535
0.00356095182142,0.010342493208
0.00355776284996,0.0103349202167
0.00355512264214,0.010328909455
0.00355239024648,0.0103234965063
0.00354945213185,0.0103170407063
0.00354653681934,0.0103104985406
0.00354360376659,0.0103039873735
0.00354075881842,0.010297665809
0.00353790248701,0.0102912757517
0.00353512811998,0.0102851425472
0.00353235234725,0.0102787617681
0.00352965885759,0.010272747968
0.00352639200719,0.0102649327804
0.0035242500926,0.0102605398919
0.00352124447018,0.0102536040125
0.0035186748908,0.0102479728521
0.0035165787689,0.0102436567191
0.00351413458993,0.0102386456507
0.00351163681771,0.0102332192066
0.00350917447577,0.0102278993611
0.00350672533459,0.0102224105649
0.003504302683,0.010217109957
0.0035019308496,0.010211785158
0.00349956989085,0.0102065941348
0.0034972226611,0.0102013677591
0.00349491034867,0.0101963355235
0.00349264568795,0.0101913983992
0.00349040876317,0.0101864274242
0.00348819685169,0.010181594477
0.00348600767538,0.0101768600725
0.00348382932716,0.0101720636972
0.00348169225035,0.0101674243546
0.00347958212151,0.0101628250646
0.00347747297565,0.0101583115873
0.0034754085209,0.010153791288
0.00347337327621,0.0101493950642
0.00347133821051,0.0101449679089
0.00346934398549,0.0101405640657
0.00346737123982,0.0101362500835
0.00346542341867,0.0101320584159
0.0034634885269,0.0101278400078
0.00346158196335,0.0101236730668
0.0034596892845,0.0101195720548
0.00345771432403,0.0101151060982
0.00345598180356,0.010111601837
0.00345417739954,0.0101077764033
0.00345238175869,0.0101038531167
0.00345061345433,0.010100078347
0.00344886285238,0.0100962888042
0.00344712111328,0.0100925109233
0.00344539524376,0.0100886767934
0.00344359866504,0.010085232128
0.00344194550125,0.0100818175793
0.00344026999155,0.0100778873282
0.00343864281967,0.0100743970892
0.0034370446665,0.0100710401806
0.00343543905765,0.0100676140195
0.00343390085181,0.0100643520855
0.00343235136606,0.0100611286645
0.00343080168168,0.0100578668818
0.0034292893848,0.0100547828042
0.00342778397317,0.0100516388833
0.00342629717343,0.0100485177041
0.00342481196567,0.0100453968596
0.00342337479015,0.0100423544092
0.00342193073666,0.0100393567263
0.00342051915286,0.0100363605918
0.00341911095311,0.0100333991693
0.00341772678075,0.0100305435219
0.00341633616554,0.0100276349258
0.00341497694099,0.0100247984752
0.00341360919483,0.010021893782
0.00341226245364,0.0100189828809
0.00341094262913,0.0100162600022
0.00340964477218,0.0100135558838
0.00340835235111,0.0100108938146
0.00340708670556,0.0100082811114
0.00340581633282,0.0100056044845
0.00340455225596,0.0100029677182
0.00340329208848,0.0100004834385
0.00340213559102,0.00999838219141
0.00340093651903,0.0099959525367
0.00339975547322,0.00999355929671
0.00339858778461,0.00999112936261
0.00339742657161,0.0099887968594
0.00339628432048,0.00998645753425
0.00339515077067,0.00998413597408
0.00339403017788,0.00998182941985
0.00339292432691,0.00997956545034
0.00339181112431,0.00997735625715
0.00339072218048,0.00997519954108
0.00338963620161,0.00997304527555
0.00338858190225,0.00997095720086
0.00338751787713,0.00996885515633
0.00338647415847,0.00996674240741
0.00338543876787,0.00996468368103
0.00338441976492,0.00996262439003
0.00338340665912,0.0099605883297
0.00338241706559,0.00995861133269
0.00338142243054,0.00995660831977
0.00338044464952,0.00995464510925
0.00337946376676,0.00995269926498
0.00337851356016,0.00995075338869
0.00337758290334,0.00994888425921
0.00337663763057,0.00994700666924
0.00337571488926,0.00994511009485
0.00337479845548,0.00994330410613
0.00337390025888,0.00994152542844
0.00337300246683,0.00993978259503
0.00337210873258,0.0099380296102
0.00337124847065,0.00993630318844
0.00337037040008,0.00993459945312
0.00336951356367,0.00993293429201
0.00336866597718,0.00993123668304
0.00336782776867,0.00992963552126
0.00336699458203,0.00992798857333
0.00336617395442,0.0099263948825
0.00336536363538,0.00992479400884
0.00336455787619,0.00992322699167
0.00336376591222,0.00992166238429
0.00336297660833,0.00992016617383
0.00336220218524,0.00991866825498
0.00336143664681,0.00991714963748
0.00336066692835,0.0099156731274
0.00335991415777,0.00991419159982
0.00335917245102,0.00991276437708
0.00335842918939,0.00991133742209
0.00335769885278,0.00990993806045
0.00335698613926,0.00990853401599
0.00335626339875,0.00990712943312
0.00335556336358,0.00990576920449
0.00335486032418,0.00990440376045
0.00335416678208,0.00990305767918
0.00335348874069,0.00990174840263
0.00335280347572,0.00990041510959
0.00335213803191,0.0098991194769
0.00335147757723,0.00989785552956
0.00335082033416,0.00989659368061
0.00335017826874,0.00989534860419
0.00334953129932,0.0098941040982
0.00334889858714,0.00989286547701
0.00334826776088,0.00989166343934
0.00334764541039,0.00989049343334
0.00334703550179,0.00988929528976
0.00334642161979,0.00988815932942
0.00334582230062,0.00988700678281
0.00334523857819,0.00988587785687
0.00334463353502,0.00988472920144
0.00334406006004,0.00988363102078
0.0033434812729,0.00988253644609
0.00334290396495,0.00988143662398
0.00334235018163,0.0098803641944
0.00334178688863,0.00987930173578
0.00334122647255,0.00987823501928
0.00334068030425,0.00987717276439
0.00334013757092,0.00987614208425
0.00333960218704,0.00987510278064
0.00333906661835,0.0098740877409
0.0033385478222,0.00987309634511
0.00333802436217,0.00987209630839
0.00333750843201,0.00987110178103
0.0033369994715,0.00987010880199
0.00333649503955,0.00986914917885
0.00333599575533,0.0098681892181
0.00333550169889,0.0098672396678
0.00333501016357,0.00986631085398
0.00333453168205,0.00986539765436
0.0033340554568,0.00986450190539
0.00333358175121,0.00986358261143
0.00333311010036,0.00986268748238
0.00333264962901,0.00986180396576
0.00333218969026,0.00986094964901
0.00333174040861,0.0098601077596
0.00333128944985,0.00985924169654
0.00333084504309,0.00985839840141
0.0033304035831,0.00985754013236
0.00332996801735,0.00985673519899
0.0033295359186,0.00985591330973
0.00332911006772,0.00985511229665
0.0033286883925,0.00985430743604
0.00332827134844,0.00985351927229
0.00332785795981,0.00985275407147
0.00332744818588,0.00985199389397
0.0033270406173,0.00985121053818
0.00332664329326,0.00985047364957
0.00332624960211,0.00984971938888
0.00332585390352,0.00984896540758
0.00332546784193,0.00984823896433
0.00332508437787,0.00984749919735
0.00332470173016,0.00984678857203
0.00332432330033,0.00984606576385
0.00332394982324,0.00984537839831
0.00332358158848,0.00984469250543
0.0033232189111,0.00984399052686
0.00332285156255,0.00984331252403
0.00332249363928,0.0098426402692
0.00332214074951,0.00984197396028
0.0033217898148,0.00984133673774
0.00332144191052,0.00984067107202
0.00332109566516,0.00984001110482
0.00332075906845,0.0098393926979
0.0033204216561,0.00983873661608
0.00332008831901,0.00983812274062
0.0033197574543,0.00983750227024
0.00331943054989,0.00983688666311
0.00331910855311,0.00983629027614
0.00331878801589,0.0098357047973
0.00331847198759,0.00983508556383
0.00331815792088,0.0098345126491
0.00331784576774,0.00983392327907
0.00331753730206,0.00983332710457
0.00331723134004,0.00983275696053
0.00331692949985,0.00983219362388
0.00331662960671,0.00983162180346
0.00331633432579,0.00983109148219
0.00331604420426,0.00983053552336
0.0033157526479,0.00983000715205
0.00331547051755,0.00982945481665
0.00331518355597,0.00982893882901
0.00331490114404,0.00982841753284
0.00331462688337,0.00982791537535
0.00331434829786,0.00982738784805
0.00331407736521,0.00982688030344
0.00331380840871,0.009826382139
0.00331354350928,0.00982589928026
0.00331327701278,0.0098254120705
0.00331301671104,0.00982491064933
0.00331275626741,0.00982442340464
0.00331250101881,0.00982394748426
0.00331224820111,0.00982346590608
0.00331199654393,0.0098230149335
0.0033117486877,0.00982255149866
0.00331150163402,0.00982211102964
0.0033112598132,0.00982165540336
0.00331101963748,0.0098212194076
0.003310781646,0.00982079260575
0.00331054463386,0.00982034645276
0.00331030926682,0.00981992244779
0.00331007895729,0.00981948934786
0.0033098481872,0.00981906423112
0.00330962206936,0.00981865060166
0.00330939657433,0.00981823349721
0.00330917679676,0.00981781913142
0.00330895751831,0.00981740800489
0.00330873891071,0.00981701402343
0.00330852488041,0.00981661157275
0.00330831076717,0.00981620687817
0.00330809841034,0.00981582185486
0.00330788963474,0.00981543348753
0.00330768300191,0.00981504720112
0.0033074764644,0.00981466371159
0.00330727742185,0.00981429483509
0.00330707494941,0.00981392707035
0.00330687433452,0.00981354233518
0.00330667974049,0.00981320088613
0.00330648277668,0.00981282422727
0.00330629061064,0.00981246888696
0.00330610116871,0.00981210982427
0.00330591071906,0.00981176529021
0.00330572419261,0.00981142682431
0.00330553880776,0.00981106556137
0.00330535619578,0.00981073845469
0.0033051720653,0.00981040667684
0.00330499323609,0.00981007388618
0.00330481670608,0.00980973793776
0.00330463839637,0.00980941750458
0.00330446308071,0.00980910614016
0.0033042926967,0.00980877529655
0.0033041204988,0.0098084690806
0.00330395089186,0.00980814940413
0.00330378233266,0.00980784081912
0.0033036175344,0.00980754334014
0.00330345533366,0.00980725130939
0.00330329132848,0.00980695332109
0.00330313047016,0.00980666338
0.0033029713326,0.00980637460598
0.00330281180795,0.00980609846592
0.0033026568497,0.00980579767784
0.00330250337211,0.00980552134279
0.00330234944922,0.00980524916667
0.00330219691605,0.00980496459524
0.00330204749189,0.00980470282375
0.0033018966009,0.00980441944557
0.00330175106646,0.00980417063111
0.00330160416415,0.00980390031182
0.0033014592671,0.00980363484705
0.00330131816299,0.00980337610526
0.00330117473204,0.00980310739542
0.00330103506712,0.00980286337726
0.00330089782074,0.00980260694632
0.00330076056925,0.00980236464529
0.00330062546782,0.00980210793787
0.00330049092736,0.00980188245594
0.00330035804,0.00980162104242
0.00330022463095,0.00980138573213
0.00330009530298,0.00980115306156
0.00329996550645,0.00980091176461
0.00329983830597,0.00980067946075
0.00329971168612,0.00980044522439
0.00329958655348,0.00980023100856
0.00329946131824,0.00979999690317
0.00329933954272,0.00979977399402
0.00329921715602,0.00979955295043
0.00329909803331,0.00979934558563
0.00329897848787,0.00979911810136
0.0032988605657,0.0097989016911
0.00329874344461,0.00979869587463
0.00329862761573,0.0097984759137
0.00329851458446,0.00979827695701
0.00329839969636,0.00979806275573
0.00329828757458,0.00979785890086
0.00329817802995,0.00979765761876
0.00329806614463,0.00979745674413
0.00329795918442,0.00979726584046
0.00329784989008,0.00979706347571
0.00329774409693,0.0097968694492
0.0032976367831,0.00979667300999
0.00329753380283,0.00979649152141
0.00329743089678,0.00979629427893
0.0032973261179,0.00979609509523
0.00329722492825,0.00979592692456
0.00329712428575,0.00979573423683
0.00329702500167,0.00979556223901
0.00329692549931,0.00979537884414
0.00329682826559,0.00979520383698
0.00329673134474,0.00979502774135
0.00329663521698,0.00979485837161
0.00329654143279,0.00979468513106
0.00329644627564,0.00979451293533
0.00329635364833,0.00979435226764
0.00329626237653,0.00979418003699
0.00329616988238,0.0097940197651
0.00329607968888,0.00979385417886
0.00329598965836,0.00979369413108
0.00329590129913,0.00979353496223
0.00329581326878,0.00979337907338
0.00329572548217,0.00979322255007
0.00329564133353,0.00979306953959
0.00329555431381,0.00979291569092
0.00329547256915,0.00979276738944
0.00329538693913,0.00979262130859
0.00329530565868,0.00979247735522
0.00329522368702,0.00979231910314
0.0032951419038,0.00979217762651
0.00329506301205,0.00979203749739
0.00329498261199,0.00979189686768
0.00329490390432,0.0097917578998
0.00329482617453,0.00979161391442
0.00329474946629,0.00979147634062
0.00329467204283,0.00979133349319
0.00329459676577,0.00979120437987
0.00329452168589,0.00979107353778
0.0032944485094,0.00979093349888
0.00329437305481,0.00979079582321
0.00329430158527,0.00979066663131
0.00329422946234,0.00979053111223
0.00329415801461,0.00979042569234
0.00329408779071,0.0097902969952
0.00329401694617,0.00979016601341
0.00329394891014,0.00979003897228
0.00329387956954,0.00978991345619
0.00329381249394,0.00978978855419
0.00329374450594,0.00978966680996
0.00329367868108,0.00978955542669
0.00329361280237,0.00978943437804
0.00329354796631,0.00978931216523
0.0032934832816,0.00978919455083
0.00329341893957,0.00978907779499
0.00329335625138,0.00978897043969
0.00329329310116,0.00978885312798
0.00329323221449,0.0097887463402
0.00329316984353,0.00978862925258
0.0032931087233,0.00978852175176
0.00329304915213,0.00978841595643
0.00329298935249,0.00978830633976
0.00329292996103,0.00978820163
0.00329287041386,0.00978809733642
0.00329281363884,0.00978799577861
0.00329275510594,0.00978789098444
0.00329269889262,0.00978778778226
0.00329264253232,0.00978768405912
0.00329258622951,0.00978759501304
0.00329253206073,0.00978748900525
0.00329247696645,0.00978739157144
0.00329242195949,0.00978728987684
0.00329236889593,0.00978719636623
0.0032923153587,0.00978709807387
0.00329226249451,0.00978700371925
0.00329221073116,0.00978690665215
0.00329215939346,0.00978682154673
0.00329210751079,0.0097867253382
0.00329205720482,0.00978663485148
0.00329200670167,0.00978654188802
0.00329195736122,0.00978645620053
0.00329190792763,0.00978636713699
0.00329185913506,0.00978628317825
0.0032918101555,0.00978619311063
0.00329176279192,0.00978611552855
0.00329171464182,0.0097860214737
0.00329166821466,0.00978594444168
0.00329162056878,0.00978586909187
0.00329157445012,0.00978577799688
0.00329152815029,0.00978569817089
0.00329148334786,0.00978562456148
0.00329143818235,0.00978554192698
0.0032913940966,0.00978546808183
0.00329134943167,0.00978538352356
0.0032913059491,0.00978530721331
0.00329126269353,0.0097852293402
0.00329122047115,0.00978515546885
0.00329117751608,0.00978507508989
0.00329113629705,0.00978500450728
0.00329109439845,0.00978492729773
0.00329105337587,0.00978485630767
0.00329101294847,0.00978478442121
0.00329097254144,0.00978471085837
0.00329093295877,0.00978464109648
0.00329089310253,0.00978457473393
0.00329085439007,0.00978450437833
0.00329081521559,0.00978443534405
0.00329077720962,0.00978437474696
0.00329073917746,0.00978430372197
0.00329070130756,0.0097842374671
0.00329066427439,0.00978417058068
0.0032906275148,0.00978410430835
0.0032905907945,0.00978403834742
0.0032905552056,0.00978397964791
0.0032905191234,0.00978391620447
0.00329048364874,0.00978385183844
0.00329044838436,0.00978379116568
0.00329041380319,0.0097837221314
0.00329037989723,0.00978366815834
0.00329034503084,0.00978361152229
0.00329031173969,0.0097835439723
0.00329027830376,0.00978348165227
0.00329024509119,0.00978342667513
0.00329021233338,0.00978336832195
0.00329017982003,0.00978331545193
0.00329014794697,0.00978325470933
0.00329011642243,0.00978320185095
0.00329008403205,0.0097831504856
0.00329005350068,0.00978309210332
0.00329002234284,0.00978304169548
0.00328999238482,0.00978298791742
0.00328996197786,0.00978293293156
0.00328993145449,0.009782882125
0.00328990221096,0.00978281875141
0.00328987244648,0.00978277649556
0.00328984355729,0.0097827240068
0.00328981454732,0.0097826704965
0.00328978633916,0.00978262148565
0.0032897580073,0.00978257481765
0.00328973000287,0.00978252365894
0.00328970211558,0.00978247117309
0.0032896745739,0.00978242488927
0.00328964745931,0.00978237577365
0.00328962031708,0.00978232556663
0.00328959375765,0.00978228278109
0.00328956678277,0.00978223685233
0.00328954155266,0.00978218919772
0.00328951522242,0.00978214376664
0.00328948939496,0.00978209937457
0.00328946411755,0.00978205547726
0.00328943881323,0.0097820138355
0.00328941382832,0.00978196487704
0.00328938932144,0.0097819250368
0.00328936467558,0.00978188639565
0.00328934035279,0.00978184226842
0.00328931628901,0.00978180436941
0.00328929275638,0.0097817580594
0.00328926910806,0.00978171689203
0.00328924582209,0.00978167596913
0.00328922293702,0.00978163807886
0.00328920016982,0.00978159273218
0.00328917750958,0.00978156334895
0.00328915505088,0.00978152079042
0.0032891329487,0.00978148018767
0.00328911115575,0.00978144109831
0.00328908947122,0.0097814075154
0.00328906800787,0.00978136634221
0.00328904670605,0.00978133210738
0.0032890253904,0.00978129752912
0.00328900471941,0.00978125927213
0.00328898342923,0.00978122611123
0.0032889636117,0.00978118751373
0.00328894299528,0.00978115391335
0.00328892334728,0.00978111791774
0.00328890308156,0.00978108428244
0.00328888357617,0.00978105062968
0.00328886398711,0.0097810181469
0.00328884469491,0.00978098631313
0.00328882554313,0.00978095077735
0.00328880664747,0.00978091676661
0.0032887878886,0.00978088339907
0.00328876916101,0.00978085364914
0.00328875105915,0.00978082259826
0.00328873255421,0.00978078739136
0.00328871456804,0.00978075583989
0.0032886966379,0.00978072882281
0.00328867901262,0.00978069687553
0.00328866152122,0.00978066587122
0.00328864426265,0.00978063518705
0.00328862713795,0.00978060594935
0.00328860999653,0.00978057762259
0.00328859328292,0.00978054942098
0.00328857657441,0.00978051784623
0.00328855994521,0.00978048956022
0.00328854364416,0.00978046193195
0.00328852727762,0.00978043584328
0.00328851160812,0.00978040561022
0.00328849562211,0.00978038067115
0.00328847972778,0.00978034823493
0.00328846436605,0.00978032416315
0.00328844896139,0.00978029785329
0.00328843346506,0.00978027077508
0.0032884184533,0.00978024697397
0.00328840335496,0.00978022177296
0.00328838873029,0.00978019596078
0.00328837383422,0.0097801702068
0.00328835925902,0.00978014587599
0.00328834483589,0.00978011817788
0.00328833067178,0.00978009711253
0.00328831639126,0.00978006903315
0.00328830241851,0.00978004834324
0.00328828864149,0.00978002271731
0.00328827495614,0.00977999830502
0.00328826143523,0.00977997463779
0.00328824773314,0.0097799527779
0.0032882348416,0.00977992893895
0.00328822127194,0.00977990709653
0.00328820830255,0.00977988251834
0.00328819534479,0.00977986016951
0.00328818248672,0.00977983894991
0.00328816995898,0.00977981489268
0.00328815727771,0.00977979247691
0.0032881448562,0.00977977331786
0.00328813254673,0.00977975010464
0.00328812028602,0.00977972664987
0.00328810829888,0.00977971077373
0.00328809635685,0.00977968530788
0.0032880844512,0.00977966582286
0.00328807280166,0.00977965036873
0.003288061083,0.00977962746983
0.00328804951132,0.0097796090151
0.00328803817756,0.00977959230077
0.00328802699078,0.00977957097057
0.00328801567302,0.00977954849659
0.00328800470452,0.00977953177062
0.0032879937593,0.00977951530367
0.00328798291957,0.00977949477092
0.00328797211769,0.00977948016371
0.0032879616374,0.00977946011699
0.00328795101595,0.00977944236947
0.00328794051311,0.00977942515456
0.00328793037334,0.00977941018355
0.00328791996144,0.00977939188015
0.00328790975473,0.00977937637654
0.00328789983396,0.00977935817791
0.00328788981424,0.0097793417197
0.00328788009501,0.00977932684764
0.00328787026519,0.00977930832305
0.00328786062164,0.00977929324144
0.00328785121892,0.00977927645436
0.0032878417871,0.00977926354099
0.00328783245423,0.0097792430257
0.00328782312863,0.00977922898892
0.00328781405624,0.00977921117155
0.00328780476411,0.00977919651486
0.00328779594201,0.00977918141871
0.00328778699768,0.00977916523989
0.00328777823743,0.00977915278054
0.00328776937167,0.00977913757088
0.00328776083115,0.0097791199747
0.00328775224261,0.00977910597867
0.00328774376903,0.00977909092326
0.00328773548172,0.00977907849883
0.00328772726643,0.00977906519547
0.00328771873974,0.0097790479369
0.00328771081331,0.00977903383609
0.00328770267806,0.00977901880979
0.00328769466432,0.00977900671132
0.00328768686886,0.00977899453719
0.00328767910178,0.00977898084093
0.00328767130632,0.00977896797704
0.00328766370512,0.00977895484248
0.00328765607992,0.00977894089592
0.00328764861915,0.00977892898372
0.0032876410085,0.00977891494986
0.00328763374418,0.00977890367212
0.00328762651625,0.009778892537
0.00328761923447,0.00977887944609
0.00328761204291,0.00977886656765
0.0032876048499,0.00977885591274
0.00328759792828,0.00977884146851
0.00328759096446,0.00977883169544
0.00328758410906,0.00977881886065
0.00328757737079,0.00977880864812
0.0032875706398,0.00977879550774
0.00328756400122,0.0097787854902
0.00328755741066,0.00977877113328
0.00328755069204,0.00977876324905
0.00328754436487,0.00977875212557
0.00328753791546,0.0097787410632
0.00328753158101,0.00977872902004
0.0032875252451,0.00977871970099
0.00328751902707,0.00977870839706
0.00328751275083,0.00977869825147
0.0032875067518,0.00977868505579
0.00328750076442,0.00977867678739
0.0032874947814,0.00977866549219
0.00328748894026,0.00977865457535
0.00328748301836,0.00977864314627
0.00328747719323,0.00977863225271
0.0032874714525,0.00977862335276
0.00328746573286,0.00977861271531
0.00328746003725,0.0097786041908
0.00328745458901,0.00977859120467
0.00328744896033,0.00977858259575
0.00328744361977,0.00977857243561
0.00328743808714,0.00977856490063
0.00328743283608,0.0097785542137
0.0032874275661,0.00977854826197
0.00328742228448,0.00977853837248
0.00328741707417,0.00977852959477
0.00328741191988,0.00977851854695
0.0032874069344,0.00977851164935
0.00328740179903,0.00977850118361
0.00328739680117,0.00977849283372
0.003287391919,0.00977848382317
0.00328738697426,0.00977847746108
0.00328738207099,0.00977846891328
0.0032873773278,0.00977845970192
0.00328737251984,0.00977845211164
0.00328736781375,0.00977844270819
0.00328736314405,0.00977843643632
0.0032873585762,0.00977842904977
0.00328735395597,0.00977842009452
0.00328734946233,0.00977841237909
0.00328734496579,0.00977840501582
0.00328734045324,0.0097783962934
0.00328733600909,0.00977839007101
0.00328733180068,0.00977838148829
0.00328732745256,0.00977837504179
0.00328732320195,0.0097783673933
0.00328731901463,0.00977835805388
0.00328731477712,0.00977835301892
0.00328731065383,0.00977834495134
0.00328730668261,0.00977833826037
0.00328730256369,0.00977833139186
0.00328729854664,0.00977832217759
0.00328729457688,0.00977831661585
0.00328729064495,0.00977831056516
0.00328728679378,0.00977830354241
0.00328728288368,0.00977829700569
0.00328727903907,0.00977829132171
0.00328727531887,0.00977828444447
0.00328727151064,0.00977827737806
0.00328726777225,0.009778268839
0.00328726425869,0.00977826258168
0.00328726048683,0.00977825593436
0.00328725694781,0.00977824811707
0.00328725338695,0.00977824279398
0.0032872498603,0.00977823494468
0.00328724631981,0.00977822990972
0.00328724291612,0.00977822513087
0.0032872394906,0.00977821923443
0.00328723615821,0.0097782128054
0.00328723273851,0.00977820828848
0.00328722943232,0.00977820153639
0.00328722623235,0.00977819647815
0.00328722293561,0.00977819086111
0.00328721980841,0.00977818527608
0.00328721658443,0.00977818073006
0.00328721350597,0.00977817529056
0.00328721038895,0.00977816831728
0.00328720741236,0.00977816228697
0.00328720421312,0.00977815684746
0.00328720118414,0.0097781509714
0.00328719832469,0.00977814713551
0.00328719528261,0.00977814274665
0.00328719240788,0.00977813789796
0.00328718950987,0.00977813381178
0.00328718657038,0.00977812891069
0.00328718384335,0.00977812307246
0.00328718100209,0.00977811961784
0.00328717818629,0.0097781145334
0.00328717545053,0.00977810943441
0.00328717265802,0.00977810406475
0.00328717000521,0.00977809986216
0.00328716720396,0.00977809465548
0.00328716466174,0.00977809022006
0.00328716198783,0.00977808468742
0.00328715946525,0.009778081486
0.00328715688229,0.00977807739691
0.00328715433279,0.00977807301388
0.00328715177529,0.00977806973679
0.00328714932111,0.00977806577575
0.00328714685384,0.00977806157316
0.003287144356,0.00977805705625
0.00328714200223,0.00977805385774
0.00328713958952,0.00977804871509
0.00328713725612,0.00977804617432
0.00328713486088,0.00977804049326
0.00328713258787,0.00977803679998
0.00328713029594,0.00977803267015
0.00328712798582,0.00977802980051
0.00328712579358,0.00977802506532
0.00328712349801,0.00977802041743
0.00328712138435,0.00977801711997
0.00328711928305,0.00977801319677
0.00328711708644,0.00977800882829
0.00328711488401,0.00977800395631
0.00328711285547,0.00977799999237
0.00328711076727,0.00977799661632
0.00328710862377,0.00977799269313
0.00328710659596,0.0097779904434
0.00328710450121,0.00977798723616
0.00328710258545,0.0097779843898
0.00328710050235,0.00977798149979
0.00328709859168,0.00977797745145
0.003287096657,0.0097779737087
0.00328709468886,0.00977797017549
0.00328709273672,0.00977796629013
0.00328709080641,0.00977796271036
0.00328708891175,0.00977795893559
0.00328708708475,0.00977795562067
0.00328708524321,0.00977795175859
0.00328708334055,0.00977794835926
0.00328708158413,0.00977794572827
0.0032870796771,0.00977794282662
0.00328707803055,0.00977793998027
0.00328707620429,0.00977793737256
0.00328707450099,0.00977793425554
0.00328707281587,0.00977793214261
0.00328707110457,0.00977792946505
0.00328706943328,0.00977792658377
0.00328706777145,0.00977792308549
0.00328706609944,0.00977791986952
0.00328706438668,0.00977791693585
0.00328706277433,0.00977791354817
0.00328706125219,0.00977791112964
0.00328705963257,0.00977790812321
0.00328705809443,0.00977790513716
0.00328705643988,0.00977790205798
0.00328705487991,0.00977789888275
0.00328705339562,0.00977789565222
0.00328705189459,0.00977789269527
0.00328705039501,0.0097778897325
0.00328704890999,0.00977788730233
0.00328704745552,0.00977788467426
0.00328704596905,0.00977788232849
0.00328704460044,0.00977787978482
0.0032870431889,0.00977787628362
0.0032870418021,0.00977787260781
0.00328704040949,0.00977787033771
0.00328703905834,0.00977786791627
0.00328703765554,0.00977786595467
0.00328703633713,0.00977786420262
0.00328703504128,0.00977786179865
0.00328703371488,0.00977785939176
0.00328703232881,0.00977785795985
0.00328703099949,0.00977785684518
0.00328702976258,0.00977785566647
0.00328702850238,0.00977785359719
0.00328702721599,0.00977785250288
0.00328702596817,0.00977785098075
0.00328702471597,0.00977784898132
0.00328702347106,0.00977784695569
0.00328702228071,0.00977784545394
0.00328702109691,0.00977784302959
0.00328701989711,0.0097778412397
0.00328701872786,0.00977783922572
0.00328701749095,0.00977783779381
0.00328701637263,0.00977783656563
0.00328701516482,0.00977783442941
0.00328701402905,0.00977783252019
0.00328701293765,0.00977783032577
0.00328701186809,0.00977782808477
0.00328701074832,0.00977782595146
0.00328700968821,0.00977782390255
0.00328700861064,0.00977782253176
0.00328700752216,0.00977782180707
0.00328700653045,0.00977781991533
0.00328700547034,0.00977781845431
0.00328700447062,0.00977781667316
0.00328700346363,0.00977781554102
0.00328700242753,0.00977781401016
0.00328700143218,0.00977781296242
0.00328700040991,0.00977781174588
0.00328699948441,0.0097778111638
0.00328699850361,0.00977781006659
0.00328699753954,0.00977780887333
0.00328699662132,0.00977780856483
0.00328699567035,0.00977780809626
0.00328699471502,0.00977780804096
0.00328699388774,0.00977780735411
0.00328699290549,0.00977780634421
0.0032869920251,0.00977780528483
0.00328699107195,0.00977780511894
0.00328699017336,0.00977780428075
0.00328698928715,0.00977780304092
0.00328698847879,0.00977780233661
0.00328698756712,0.00977780080284
0.00328698682206,0.00977780017129
0.00328698597223,0.00977779894311
0.00328698509766,0.00977779794193
0.00328698429003,0.00977779729001
0.00328698347948,0.00977779625973
0.00328698267258,0.00977779517416
0.00328698194498,0.00977779479581
0.00328698116937,0.0097777944844
0.00328698033263,0.00977779377426
0.00328697961231,0.00977779378009
0.00328697887962,0.00977779360255
0.00328697814693,0.00977779254317
0.00328697737859,0.00977779226669
0.00328697667283,0.00977779144887
0.00328697598161,0.00977779024106
0.00328697521036,0.00977778904198
0.00328697455407,0.00977778747329
0.00328697388977,0.00977778580564
0.00328697315126,0.00977778419328
0.00328697242367,0.00977778302331
0.00328697176374,0.00977778169326
0.0032869710747,0.00977778040105
0.00328697040604,0.00977777895459
0.00328696976794,0.0097777780582
0.00328696912911,0.00977777650696
0.00328696848301,0.00977777534863
0.00328696782235,0.00977777423395
0.00328696715151,0.00977777388762
0.00328696653305,0.00977777286607
0.00328696591314,0.0097777721734
0.00328696528813,0.00977777154767
0.00328696466313,0.00977777057851
0.00328696409852,0.00977776954533
0.00328696345678,0.00977776859072
0.00328696287688,0.00977776793879
0.00328696226934,0.00977776767395
0.00328696163051,0.00977776713262
0.0032869611241,0.00977776696964
0.00328696050638,0.0097777666786
0.00328695999051,0.00977776608488
0.0032869594208,0.00977776504878
0.00328695885546,0.00977776410291
0.00328695828575,0.00977776350046
0.00328695780117,0.00977776294749
0.00328695727003,0.00977776215586
0.0032869566945,0.00977776093641
0.00328695619246,0.00977776015352
0.00328695566277,0.00977775883512
0.00328695515127,0.00977775779902
0.0032869546616,0.00977775789506
0.00328695416028,0.00977775788051
0.00328695368516,0.00977775801148
0.00328695312928,0.0097777575982
0.00328695261051,0.00977775774372
0.00328695219214,0.00977775819192
0.00328695169374,0.00977775855863
0.00328695118733,0.00977775944048
0.00328695076896,0.00977776070067
0.0032869502691,0.00977776120708
0.00328694990021,0.00977776207437
0.00328694948839,0.00977776308428
0.00328694900018,0.00977776414074
0.0032869485105,0.00977776522923
0.0032869480965,0.00977776643413
0.00328694769414,0.0097777674353
0.00328694725031,0.00977776846848
0.0032869467912,0.00977776905929
0.00328694634009,0.00977777007502
0.00328694596901,0.00977777132939
0.00328694546843,0.00977777266235
0.00328694507552,0.00977777417284
0.00328694466589,0.00977777553489
0.00328694426425,0.00977777720254
0.00328694383206,0.0097777789284
0.00328694340715,0.00977778062224
0.00328694303607,0.00977778275264
0.00328694261334,0.00977778482484
0.00328694216296,0.00977778653614
0.00328694179479,0.00977778827946
0.00328694134951,0.0097777903371
0.00328694093041,0.00977779234236
0.00328694055279,0.0097777942894
0.0032869401839,0.00977779571258
0.0032869397648,0.00977779658861
0.00328693939737,0.00977779763634
0.00328693903866,0.00977779875975
0.00328693860356,0.00977779972891
0.00328693828633,0.00977780089015
0.00328693793417,0.0097778019117
0.00328693758711,0.00977780235698
0.00328693723059,0.00977780258399
0.00328693683186,0.00977780342218
0.00328693652991,0.00977780480462
0.0032869361632,0.00977780582616
0.00328693581323,0.00977780660032
0.00328693541669,0.00977780727844
0.00328693508782,0.00977780784888
0.0032869347815,0.00977780827961
0.00328693448319,0.00977780888788
0.00328693418851,0.00977780927205
0.00328693382253,0.00977780961548
0.00328693351985,0.00977780990652
0.00328693326519,0.00977781035472
0.00328693293704,0.009777810378
0.00328693263727,0.00977781101537
0.00328693238771,0.00977781159454
0.00328693207484,0.00977781229303
0.00328693177871,0.00977781292459
0.00328693146585,0.0097778136289
0.00328693116098,0.00977781419642
0.00328693091142,0.00977781487163
0.00328693059273,0.00977781493857
0.00328693030096,0.00977781515685
0.0032869300303,0.00977781574766
0.00328692978728,0.00977781644324
0.0032869294977,0.00977781670226
0.00328692921976,0.0097778171883
0.00328692897456,0.00977781768015
0.00328692871844,0.0097778183117
0.00328692841358,0.00977781849215
0.00328692816838,0.00977781885304
0.00328692786206,0.00977781922847
0.00328692764742,0.00977781953698
0.00328692742623,0.00977781952824
0.00328692716939,0.00977781959809
0.00328692692347,0.00977781944966
0.00328692671101,0.00977781910915
0.00328692649346,0.00977781878028
0.00328692624898,0.00977781903348
0.00328692601252,0.009777819179
0.00328692577314,0.00977781917609
0.00328692552212,0.0097778193478
0.00328692535695,0.00977781914116
0.0032869251685,0.00977781908005
0.00328692491967,0.0097778187017
0.00328692475669,0.00977781851543
0.00328692453259,0.00977781830588
0.00328692428884,0.0097778180585
0.00328692417679,0.0097778180294
0.00328692396142,0.00977781790716
0.00328692377807,0.00977781769179
0.00328692361509,0.00977781760739
0.00328692338662,0.00977781759866
0.00328692324038,0.00977781765396
0.00328692303083,0.00977781767142
0.00328692284893,0.00977781813708
0.00328692263211,0.00977781825932
0.00328692242911,0.0097778183932
0.00328692231487,0.00977781871625
0.00328692210169,0.00977781885013
0.00328692201074,0.00977781881811
0.00328692180628,0.0097778188443
0.00328692166586,0.00977781899273
0.00328692151743,0.00977781921392
0.00328692132025,0.00977781936235
0.00328692116673,0.00977781969996
0.00328692099065,0.00977782034024
0.00328692088806,0.00977782091941
0.00328692077237,0.0097778216179
0.00328692059047,0.00977782256377
0.00328692044568,0.00977782341943
0.00328692027833,0.00977782412665
0.00328692016847,0.00977782506088
0.00328691997493,0.0097778260737
0.0032869198847,0.00977782707778
0.00328691977265,0.00977782827104
0.00328691965333,0.00977782951086
0.00328691957766,0.00977783094859
0.00328691945979,0.00977783222042
0.00328691932518,0.00977783376584
0.00328691918912,0.00977783513081
0.00328691904724,0.00977783663257
0.00328691893228,0.00977783802373
0.00328691885443,0.00977783940907
0.00328691870091,0.00977784068964
0.00328691863178,0.00977784204297
0.00328691852701,0.00977784320712
0.00328691847608,0.00977784434217
0.0032869183553,0.00977784569259
0.00328691822579,0.00977784694987
0.00328691813993,0.00977784807619
0.00328691797185,0.0097778492549
0.00328691786781,0.00977785056166
0.0032869177332,0.00977785187715
0.00328691770337,0.0097778533207
0.00328691758841,0.0097778545809
0.00328691747709,0.00977785562573
0.00328691740215,0.00977785661235
0.00328691727482,0.00977785760188
0.00328691714385,0.00977785853611
0.00328691706163,0.00977785934228
0.00328691694667,0.00977785996511
0.00328691685354,0.00977786062576
0.00328691674003,0.00977786121075
0.00328691667091,0.00977786166768
0.00328691657414,0.00977786203439
0.00328691650357,0.00977786252333
0.00328691640461,0.00977786288713
0.0032869163384,0.00977786316071
0.00328691624891,0.00977786349249
0.00328691617615,0.00977786387666
0.00328691609102,0.0097778641677
0.00328691599498,0.0097778642521
0.00328691594259,0.00977786446747
0.00328691585819,0.00977786467993
0.00328691585164,0.00977786501171
0.00328691577597,0.00977786513104
0.003286915645,0.0097778650641
0.00328691556715,0.00977786516596
0.00328691551331,0.00977786522999
0.00328691544055,0.00977786517469
0.00328691536706,0.00977786501753
0.0032869153154,0.00977786474687
0.00328691528193,0.00977786447038
0.00328691516843,0.00977786421427
0.00328691514515,0.00977786394651
0.00328691505711,0.0097778636351
0.00328691497998,0.00977786323929
0.00328691493196,0.00977786310832
0.00328691488685,0.00977786305593
0.00328691485993,0.00977786306466
0.0032869147828,0.00977786278818
0.00328691469113,0.00977786252915
0.00328691464383,0.00977786236326
0.003286914606,0.00977786233416
0.00328691455579,0.00977786245057
0.00328691457762,0.00977786247968
0.00328691451286,0.00977786255244
0.00328691438772,0.00977786244766
0.00328691430332,0.00977786229923
0.00328691432514,0.0097778622905
0.0032869142924,0.0097778621508
0.00328691426912,0.00977786202857
0.0032869142422,0.0097778619267
0.00328691414543,0.00977786187141
0.00328691409813,0.00977786192088
0.00328691408649,0.00977786197618
0.00328691402319,0.00977786196163
0.00328691399627,0.00977786207804
0.00328691397081,0.00977786219155
0.00328691391769,0.00977786228468
0.0032869138915,0.00977786224394
0.00328691386749,0.0097778625146
0.00328691378527,0.00977786258736
0.0032869138282,0.00977786297153
0.00328691374307,0.00977786312869
0.00328691372415,0.00977786343428
0.0032869137307,0.00977786387375
0.00328691370814,0.00977786414733
0.00328691368268,0.00977786456642
0.00328691360628,0.00977786495932
0.00328691360482,0.00977786544536
0.00328691357863,0.0097778660449
0.00328691354007,0.00977786641452
0.0032869135146,0.00977786701987
0.00328691352479,0.00977786752628
0.00328691344985,0.00977786791918
0.00328691342511,0.00977786836738
0.00328691343675,0.0097778686526
0.00328691341565,0.00977786891744
0.00328691334507,0.00977786922886
0.00328691333925,0.00977786952571
0.00328691325849,0.00977786954609
0.0032869132323,0.00977786979347
0.00328691320756,0.00977787004376
0.00328691315735,0.00977787019219
0.00328691314935,0.00977787049778
0.00328691312607,0.00977787073934
0.00328691310424,0.00977787099255
0.0032869131006,0.00977787126612
0.00328691308387,0.0097778715397
0.00328691303293,0.00977787177253
0.00328691304239,0.00977787205775
0.00328691300019,0.00977787217998
0.00328691302275,0.00977787245938
0.00328691298637,0.00977787270676
0.00328691296017,0.00977787291049
0.00328691293907,0.00977787300944
0.00328691288742,0.00977787306765
0.00328691289687,0.00977787312877
0.00328691282048,0.00977787323063
0.00328691281466,0.00977787343145
0.00328691283066,0.00977787362644
0.00328691281466,0.00977787375741
0.00328691279501,0.00977787391166
0.00328691279719,0.00977787415904
0.00328691276882,0.00977787426964
0.00328691277391,0.00977787432785
0.00328691273171,0.0097778744268
0.0032869126866,0.00977787456068
0.00328691270552,0.00977787465672
0.00328691265022,0.00977787471493
0.00328691265531,0.00977787475276
0.00328691261457,0.0097778748197
0.00328691261675,0.00977787497104
0.00328691259274,0.00977787508746
0.00328691259929,0.0097778751835
0.00328691260365,0.00977787525917
0.003286912568,0.00977787542797
0.00328691255418,0.00977787561133
0.00328691253526,0.00977787563461
0.00328691253962,0.00977787575684
0.00328691253162,0.00977787586744
0.00328691250688,0.00977787598968
0.00328691247851,0.00977787603042
0.00328691247487,0.00977787610318
0.00328691246687,0.009777876304
0.00328691245086,0.00977787629236
0.00328691245522,0.00977787643205
0.00328691241593,0.00977787649026
0.00328691238756,0.00977787646989
0.00328691240647,0.00977787660377
0.00328691238028,0.00977787670563
0.00328691239774,0.00977787679585
0.00328691236282,0.00977787698212
0.00328691236355,0.00977787716256
0.00328691237155,0.00977787726442
0.00328691234172,0.00977787743614
0.00328691232717,0.00977787752927
0.0032869123097,0.00977787770971
0.00328691234245,0.00977787774464
0.00328691229442,0.00977787775337
0.00328691227623,0.00977787781158
0.00328691225586,0.0097778778174
0.0032869122726,0.00977787793672
0.00328691223694,0.00977787796874
0.00328691229079,0.0097778780706
0.00328691226678,0.00977787806187
0.00328691225222,0.00977787822194
0.00328691228133,0.00977787829179
0.00328691223258,0.00977787824522
0.0032869122093,0.00977787818701
0.00328691223112,0.0097778783791
0.00328691225513,0.00977787825977
0.00328691222094,0.00977787820157
0.00328691221293,0.00977787824813
0.00328691220639,0.00977787831216
0.00328691219693,0.00977787818993
0.00328691216127,0.0097778782103
0.00328691213872,0.00977787819866
0.00328691215182,0.00977787810843
0.003286912154,0.00977787813754
0.00328691215618,0.00977787806478
0.00328691212562,0.00977787804732
0.00328691210161,0.00977787789889
0.00328691211034,0.00977787775919
0.00328691209797,0.00977787773299
0.00328691212198,0.0097778777068
0.00328691211325,0.00977787761658
0.00328691211325,0.00977787759039
0.00328691208633,0.00977787744778
0.00328691206523,0.00977787744487
0.00328691210525,0.00977787734882
0.00328691207542,0.00977787733136
0.00328691207033,0.00977787720913
0.00328691205286,0.00977787717711
0.00328691208706,0.00977787710144
0.00328691203831,0.00977787699376
0.00328691207324,0.00977787699376
0.00328691203467,0.00977787681331
0.00328691201939,0.00977787678421
0.00328691201139,0.00977787665615
0.00328691203904,0.00977787667653
0.00328691203613,0.00977787668817
0.00328691203758,0.00977787666488
0.00328691204923,0.00977787660086
0.00328691201212,0.00977787662996
0.00328691204559,0.00977787662705
0.00328691204268,0.00977787659212
0.00328691204195,0.00977787658921
0.00328691203395,0.00977787649026
0.00328691201576,0.00977787646407
0.00328691204049,0.00977787644078
0.00328691203467,0.00977787648735
0.00328691202449,0.00977787641459
0.00328691199757,0.00977787635056
0.00328691203467,0.00977787628362
0.00328691202158,0.00977787626616
0.00328691201503,0.00977787626907
0.00328691200921,0.00977787620504
0.00328691200557,0.00977787615848
0.00328691199975,0.00977787619049
0.00328691200193,0.00977787618176
0.00328691200921,0.00977787618467
0.00328691195537,0.00977787607699
0.00328691198956,0.00977787604788
0.00328691200702,0.00977787618758
0.00328691199538,0.00977787610027
0.00328691198592,0.00977787614684
0.003286911959,0.00977787612064
0.00328691198447,0.00977787614684
0.00328691197865,0.00977787617594
0.00328691197501,0.00977787624288
0.00328691197719,0.00977787623706
0.00328691201285,0.00977787632146
0.00328691196191,0.00977787621669
0.00328691198956,0.00977787626907
0.00328691199538,0.00977787633601
0.00328691197428,0.00977787635056
0.00328691196701,0.009777876304
0.00328691197865,0.0097778763884
0.00328691198883,0.00977787641459
0.00328691198156,0.0097778764728
0.00328691197938,0.00977787645534
0.00328691195609,0.00977787642332
0.00328691195755,0.00977787651354
0.00328691196264,0.00977787651354
0.00328691196701,0.0097778765019
0.00328691195537,0.00977787648444
0.003286911951,0.0097778765019
0.00328691195245,0.0097778765019
0.00328691197283,0.0097778765281
0.00328691193718,0.00977787646698
0.00328691193281,0.0097778764728
0.00328691197428,0.00977787651354
0.00328691195318,0.00977787645825
0.00328691194445,0.00977787642914
0.00328691198592,0.00977787651063
0.00328691193645,0.00977787640004
0.00328691194518,0.00977787642332
0.00328691195973,0.00977787645243
0.00328691193281,0.00977787641168
0.00328691194954,0.00977787637676
0.0032869119219,0.0097778763884
0.00328691194009,0.00977787636511
0.00328691192335,0.00977787623997
0.00328691189861,0.00977787624288
0.00328691188479,0.00977787625161
0.00328691193208,0.00977787622251
0.00328691194372,0.00977787629236
0.00328691194809,0.0097778762196
0.0032869119379,0.00977787625161
0.00328691192117,0.00977787619049
0.00328691192917,0.00977787631273
0.00328691191389,0.00977787624288
0.00328691190734,0.00977787623124
0.00328691189425,0.00977787613811
0.00328691191025,0.00977787615557
0.00328691191899,0.00977787620504
0.00328691190371,0.00977787612937
0.00328691188915,0.00977787619631
0.00328691189134,0.00977787617885
0.00328691192408,0.00977787631564
0.00328691189934,0.00977787626325
0.00328691192553,0.00977787628071
0.00328691188988,0.00977787632437
0.00328691188333,0.0097778763622
0.00328691190589,0.00977787633601
0.00328691190734,0.00977787633892
0.00328691190371,0.00977787635929
0.00328691190152,0.00977787636511
0.0032869119008,0.0097778763622
0.00328691188042,0.00977787647862
0.00328691190298,0.0097778763884
0.00328691191826,0.00977787643205
0.00328691192699,0.00977787650772
0.00328691188406,0.00977787645825
0.00328691189352,0.00977787643496
0.00328691192699,0.00977787653392
0.00328691189861,0.00977787651937
0.00328691188552,0.00977787645243
0.00328691190298,0.00977787655138
0.0032869119088,0.00977787652228
0.00328691189061,0.00977787649317
0.00328691189497,0.00977787645534
0.00328691190152,0.0097778764728
0.0032869119299,0.00977787654556
0.0032869119168,0.00977787661541
0.00328691188915,0.00977787652519
0.0032869118957,0.00977787650772
0.00328691188915,0.00977787653683
0.00328691189861,0.00977787662705
0.00328691190589,0.00977787658048
0.00328691188552,0.00977787658921
0.00328691189134,0.00977787659212
0.00328691188261,0.00977787657175
0.00328691187606,0.00977787662705
0.00328691194154,0.00977787665033
0.00328691189789,0.00977787653392
0.00328691188333,0.00977787654847
0.00328691191899,0.00977787666488
0.00328691188843,0.00977787662414
0.00328691188624,0.00977787656884
0.00328691190443,0.00977787656593
0.0032869118957,0.00977787665033
0.00328691190807,0.00977787663578
0.00328691188552,0.00977787657757
0.00328691189425,0.00977787660377
0.00328691189134,0.00977787658921
0.00328691188624,0.00977787658921
0.0032869118957,0.00977787662414
0.00328691188333,0.00977787663578
0.00328691189497,0.00977787665033
0.00328691189789,0.00977787662123
0.00328691186514,0.00977787652228
0.00328691185859,0.00977787659504
0.00328691189061,0.00977787650772
0.00328691185932,0.0097778766125
0.00328691187242,0.00977787656593
0.00328691189279,0.00977787659212
0.00328691188333,0.00977787663869
0.00328691188188,0.00977787653392
0.00328691191389,0.0097778766416
0.00328691188188,0.00977787662414
0.00328691187606,0.00977787663578
0.00328691188042,0.00977787659795
0.00328691187315,0.00977787653683
0.00328691188188,0.00977787654265
0.00328691188697,0.00977787659795
0.00328691187751,0.00977787662414
0.00328691186442,0.00977787651645
0.00328691188915,0.00977787658921
0.00328691187096,0.00977787660668
0.00328691189061,0.00977787660668
0.00328691187096,0.00977787661541
0.00328691188188,0.00977787657466
0.00328691184914,0.00977787653392
0.00328691186005,0.00977787660668
0.00328691188479,0.00977787664451
0.0032869118746,0.00977787657466
0.0032869118957,0.00977787663869
0.00328691189861,0.00977787660668
0.00328691189206,0.00977787654847
0.00328691190734,0.0097778766969
0.00328691189206,0.00977787669399
0.00328691188406,0.00977787662414
0.00328691190516,0.00977787660086
0.00328691186005,0.00977787663869
0.00328691188552,0.00977787661832
0.00328691190662,0.00977787658339
0.0032869118957,0.00977787662996
0.00328691187751,0.00977787665906
0.00328691188115,0.00977787658921
0.00328691188333,0.00977787662414
0.00328691190516,0.00977787661541
0.00328691191098,0.00977787659212
0.00328691189425,0.00977787659212
0.00328691190298,0.00977787668235
0.00328691187751,0.0097778766125
0.00328691188988,0.00977787657757
0.0032869118957,0.00977787668817
0.00328691192553,0.00977787669399
0.00328691188915,0.00977787662705
0.0032869118877,0.00977787665324
0.00328691191244,0.0097778765863
0.00328691187751,0.00977787658921
0.00328691189497,0.00977787662705
0.00328691190734,0.00977787664742
0.00328691188843,0.00977787660086
0.00328691186223,0.00977787659795
0.00328691186587,0.00977787662123
0.0032869118666,0.00977787663578
0.00328691188042,0.0097778766416
0.00328691190807,0.0097778766125
0.00328691187096,0.00977787663578
0.00328691188333,0.00977787659504
0.00328691188624,0.00977787659504
0.00328691188479,0.00977787658339
0.00328691189861,0.00977787660377
0.00328691188552,0.00977787651937
0.00328691192044,0.00977787660668
0.00328691188843,0.00977787663578
0.00328691191971,0.00977787662705
0.00328691189643,0.00977787659504
0.00328691188697,0.00977787664742
0.00328691189497,0.00977787660086
0.00328691189061,0.00977787662996
0.00328691188479,0.00977787655429
0.00328691189352,0.00977787656011
0.00328691189643,0.00977787658339
0.00328691187242,0.00977787660086
0.0032869118957,0.00977787659795
0.00328691188406,0.00977787657757
0.00328691189134,0.00977787658339
0.00328691189497,0.00977787658048
0.00328691187678,0.00977787655429
0.00328691188261,0.00977787653683
0.00328691188624,0.00977787658339
0.00328691190371,0.00977787655138
