-2.181310653686523438e-01
-1.250131279230117798e-01
-1.031160354614257812e-01
-1.117089483886957169e-02
-1.336811576038599014e-02
-1.349564641714096069e-01
1.199810579419136047e-01
-1.262283474206924438e-01
-1.633481383323669434e-01
-1.122972276061773300e-02
-1.097597368061542511e-02
-2.203818410634994507e-01
-1.551655530929565430e-01
-7.087974250316619873e-02
-1.489042788743972778e-01
-1.120614930987358093e-01
-1.403399407863616943e-01
-1.054011210799217224e-01
-1.905981898307800293e-01
8.894117921590805054e-02
1.161343883723020554e-02
-9.242416173219680786e-02
-6.280837208032608032e-02
1.717872023582458496e-01
1.181469708681106567e-01
-1.938191503286361694e-01
-1.323809176683425903e-01
-5.593238165602087975e-04
-1.694810390472412109e-01
7.157140225172042847e-02
-1.136002317070960999e-01
1.383233256638050079e-02
-1.772955209016799927e-01
-1.857793629169464111e-01
-1.620532479137182236e-03
1.549883037805557251e-01
-1.380784064531326294e-01
-1.295600235462188721e-01
-2.204388082027435303e-01
-2.802557870745658875e-02
-1.731056869029998779e-01
1.512689143419265747e-01
1.481444537639617920e-01
-1.638605818152427673e-02
-1.895006373524665833e-02
1.875256896018981934e-01
-9.713204950094223022e-02
-1.198365911841392517e-01
-4.325442761182785034e-02
-1.943492442369461060e-01
-1.437976956367492676e-01
-4.503636807203292847e-02
4.351398441940546036e-03
-2.242662757635116577e-02
1.551145017147064209e-01
5.197805538773536682e-02
-1.933915764093399048e-01
-1.366659402847290039e-01
5.486284196376800537e-02
9.849552810192108154e-02
-1.217181608080863953e-02
-1.197896823287010193e-01
-2.095185965299606323e-01
6.839313078671693802e-03
1.972429081797599792e-02
-1.359803229570388794e-02
-3.795427083969116211e-02
-1.577826961874961853e-02
3.353695850819349289e-03
-1.602247506380081177e-01
-1.327145397663116455e-01
-3.921096026897430420e-02
-1.630423516035079956e-01
1.265147775411605835e-01
-6.592825800180435181e-02
1.036596745252609253e-01
-2.154691815376281738e-01
3.609945997595787048e-02
-1.371969282627105713e-01
-1.232326403260231018e-01
-1.413451433181762695e-01
4.421967267990112305e-02
-1.565789580345153809e-01
-6.363881379365921021e-02
-2.832556515932083130e-02
-1.372326016426086426e-01
-1.269425153732299805e-01
-3.030154854059219360e-02
1.692990809679031372e-01
2.173655480146408081e-01
2.200675457715988159e-01
-6.399931013584136963e-02
-1.681180447340011597e-01
8.720418810844421387e-02
-3.896627947688102722e-02
-8.895191550254821777e-02
-1.552834957838058472e-01
-1.278930455446243286e-01
2.140610963106155396e-01
-1.534742414951324463e-01
-5.258045345544815063e-02
1.409784853458404541e-01
-1.703135669231414795e-01
-1.159389764070510864e-01
-2.081344649195671082e-02
-1.424486786127090454e-01
1.129103079438209534e-01
2.140441723167896271e-02
-6.156253442168235779e-02
2.245090454816818237e-01
-2.634924463927745819e-02
-1.063364520668983459e-01
2.168753743171691895e-01
-2.128130346536636353e-01
-1.608462631702423096e-01
-1.479962915182113647e-01
-2.946955263614654541e-01
-1.018254756927490234e-01
-1.177598088979721069e-01
-1.214311495423316956e-01
-3.485769405961036682e-02
-2.112700939178466797e-01
7.074096053838729858e-02
-1.034290641546249390e-01
-5.843109264969825745e-02
-1.141668409109115601e-01
-2.801848351955413818e-01
-5.462177842855453491e-02
-2.691293954849243164e-01
-3.646732494235038757e-02
1.021307036280632019e-01
2.805006206035614014e-01
-1.614166200160980225e-01
-1.813537180423736572e-01
-1.099914908409118652e-01
2.548784017562866211e-01
-1.417281180620193481e-01
-1.713012307882308960e-01
-1.267317309975624084e-02
-1.424293499439954758e-02
3.844228386878967285e-02
6.001657806336879730e-03
-8.550808578729629517e-02
-3.243157267570495605e-02
-7.660581916570663452e-02
5.181719362735748291e-02
-1.474165320396423340e-01
-1.093916147947311401e-01
1.028263270854949951e-01
1.030010506510734558e-01
-2.048411220312118530e-01
-1.448332816362380981e-01
-2.153001427650451660e-01
-1.482234448194503784e-01
2.778660878539085388e-02
-2.009174078702926636e-01
3.457075729966163635e-02
1.429786682128906250e-01
-1.866189688444137573e-01
-1.249741986393928528e-01
-8.325105905532836914e-02
6.192530319094657898e-02
-6.219878420233726501e-02
-2.199599891901016235e-01
-2.093193531036376953e-01
1.018927469849586487e-01
-1.806376129388809204e-01
-2.186570316553115845e-01
-1.384989917278289795e-01
-2.258199267089366913e-02
-4.726488515734672546e-02
8.512101322412490845e-02
-1.533454954624176025e-01
-1.523263379931449890e-02
-1.569614186882972717e-02
-1.309449076652526855e-01
-1.994571536779403687e-01
1.128606870770454407e-01
-2.907061390578746796e-02
-1.433622539043426514e-01
-1.705007553100585938e-01
-2.844536006450653076e-01
-5.076007917523384094e-02
1.076630409806966782e-02
1.780588030815124512e-01
-8.579049259424209595e-02
1.219925936311483383e-02
-1.411554813385009766e-01
-4.027382284402847290e-02
-1.515886485576629639e-01
-2.101022154092788696e-01
-2.586051225662231445e-01
-8.020437508821487427e-02
1.966382265090942383e-01
-9.145049750804901123e-02
2.217983081936836243e-02
-1.049045696854591370e-01
-1.280906200408935547e-01
-4.601446911692619324e-03
1.670322418212890625e-01
