-5.843655019998550415e-02
7.450000941753387451e-02
-1.380585432052612305e-01
2.864823117852210999e-02
-6.437244266271591187e-02
-4.506313428282737732e-02
-9.204992651939392090e-02
2.398180030286312103e-02
-1.467723995447158813e-01
-8.436830341815948486e-02
3.850888088345527649e-02
-4.304917156696319580e-02
2.138248085975646973e-02
-1.583922058343887329e-01
1.631414145231246948e-01
1.643488556146621704e-01
8.152928203344345093e-02
6.103872880339622498e-02
-9.519960731267929077e-02
-1.215445995330810547e-01
-8.623804152011871338e-02
6.830085813999176025e-02
1.912014037370681763e-01
-1.213655574247241020e-03
-3.826609626412391663e-02
-1.355849299579858780e-02
2.964064292609691620e-02
-1.547448486089706421e-01
-5.870506167411804199e-02
-2.050247639417648315e-01
-2.018928378820419312e-01
-9.315221756696701050e-02
-2.860805764794349670e-02
-2.277961820363998413e-01
1.453120708465576172e-01
1.716584563255310059e-01
2.300321012735366821e-01
1.099275872111320496e-01
-7.982950657606124878e-02
2.152616716921329498e-02
-7.178731728345155716e-03
-5.395980551838874817e-02
-1.925482787191867828e-02
-6.162957102060317993e-02
-7.887970656156539917e-02
6.823571026325225830e-02
-6.319703906774520874e-02
-7.207829505205154419e-03
1.966476440429687500e-03
1.816618442535400391e-01
7.649963255971670151e-03
-7.655183225870132446e-02
-9.507507085800170898e-02
-8.011464029550552368e-02
8.504690229892730713e-02
3.830971941351890564e-02
8.210583031177520752e-02
-3.938286378979682922e-02
1.116833165287971497e-01
-1.767015270888805389e-02
1.823001950979232788e-01
-2.490049228072166443e-02
-1.133734211325645447e-01
1.206150725483894348e-01
-2.302436232566833496e-01
-1.669604703783988953e-02
-1.596666574478149414e-01
-5.064569879323244095e-03
1.830548644065856934e-01
-1.977214366197586060e-01
-5.155771970748901367e-03
-9.644524194300174713e-03
-6.054232269525527954e-02
5.856763944029808044e-02
3.238370418548583984e-01
-6.042946875095367432e-02
3.454185277223587036e-02
2.953469194471836090e-02
1.531067118048667908e-02
1.679509431123733521e-01
-2.522190846502780914e-02
-1.178980097174644470e-01
8.899912983179092407e-02
-3.404861092567443848e-01
1.139919389970600605e-03
-1.323527991771697998e-01
5.586059764027595520e-02
5.575127527117729187e-02
-1.471824496984481812e-01
9.521894156932830811e-02
4.308795183897018433e-02
6.602209061384201050e-02
6.518559157848358154e-02
-2.071403115987777710e-01
7.908694446086883545e-02
-2.042693346738815308e-01
-3.798966482281684875e-02
1.769632697105407715e-01
9.522073715925216675e-02
-7.860799878835678101e-02
1.478576511144638062e-01
-2.137548178434371948e-01
-4.234810173511505127e-02
5.499017611145973206e-02
8.180374652147293091e-02
7.113012671470642090e-02
-1.148671135306358337e-01
3.340025246143341064e-02
1.970377564430236816e-01
-2.489640861749649048e-01
2.705982327461242676e-02
9.397706389427185059e-02
9.293146431446075439e-02
-1.611469835042953491e-01
-5.387540161609649658e-02
1.229514032602310181e-01
-2.015620172023773193e-01
-1.674188673496246338e-01
1.136559918522834778e-01
6.792180985212326050e-02
-4.259021580219268799e-02
-4.392923042178153992e-02
1.365094780921936035e-01
-1.012296751141548157e-01
-9.702208638191223145e-02
-4.447537288069725037e-02
-3.768467530608177185e-02
2.126681432127952576e-02
9.829731285572052002e-02
-2.392272278666496277e-02
-2.287634462118148804e-01
4.444197192788124084e-02
2.532319165766239166e-02
-2.506953477859497070e-01
1.559334844350814819e-01
-4.047541320323944092e-02
-5.552018433809280396e-02
3.827181458473205566e-02
1.161327734589576721e-01
-5.100521724671125412e-03
2.047711461782455444e-01
-5.046387389302253723e-02
-1.545006632804870605e-01
-1.843768358230590820e-01
-9.035669267177581787e-02
7.045449316501617432e-02
2.656620144844055176e-01
4.181928560137748718e-02
-4.819906875491142273e-02
6.779864430427551270e-02
-5.519137158989906311e-02
1.916493028402328491e-01
5.359945353120565414e-03
-1.206490397453308105e-01
6.993067264556884766e-02
-3.179686889052391052e-02
4.145729169249534607e-02
6.744150817394256592e-02
6.583046913146972656e-02
7.239520084112882614e-03
-2.126167342066764832e-02
-5.473266169428825378e-02
1.073061376810073853e-01
1.864903047680854797e-02
-1.368202269077301025e-01
-2.542512305080890656e-02
-9.253229014575481415e-03
-2.299861460924148560e-01
1.061010882258415222e-01
-1.065896824002265930e-01
5.548152700066566467e-02
1.898920685052871704e-01
1.098760813474655151e-01
3.142604231834411621e-02
2.303799986839294434e-02
1.022824719548225403e-01
1.553972661495208740e-01
-7.468581944704055786e-02
-2.765166945755481720e-02
-2.082364708185195923e-01
3.992674499750137329e-02
-4.779412969946861267e-02
-1.258636415004730225e-01
1.185213848948478699e-01
8.286891877651214600e-02
-1.041415855288505554e-01
-4.364039376378059387e-02
1.230008080601692200e-01
-1.633079051971435547e-01
-1.115977391600608826e-01
1.061692908406257629e-01
-1.803787797689437866e-02
1.937723159790039062e-01
1.785864830017089844e-01
-5.798259750008583069e-02
2.862542569637298584e-01
-2.262022905051708221e-02
1.177068054676055908e-01
1.695579588413238525e-01
-1.869808323681354523e-02
