1.682094186544418335e-01
1.969916373491287231e-01
2.523770332336425781e-01
1.674910932779312134e-01
2.208944261074066162e-01
1.831608861684799194e-01
2.984867691993713379e-01
1.599204391241073608e-01
3.206759318709373474e-02
1.636806577444076538e-01
2.805060148239135742e-01
1.917203366756439209e-01
2.175808995962142944e-01
-2.118145348504185677e-03
2.146826386451721191e-01
4.403904080390930176e-02
2.929402329027652740e-02
1.892825812101364136e-01
1.764478981494903564e-01
2.404781728982925415e-01
3.391198515892028809e-01
2.854701876640319824e-01
1.335777193307876587e-01
2.615750133991241455e-01
1.330249756574630737e-01
1.922744810581207275e-01
9.592450410127639771e-02
2.499757558107376099e-01
2.407488971948623657e-01
4.725853726267814636e-02
2.604215145111083984e-01
2.939097285270690918e-01
2.823333144187927246e-01
2.857849001884460449e-01
1.510513126850128174e-01
1.815191358327865601e-01
2.198430597782135010e-01
2.550748288631439209e-01
3.027327954769134521e-01
2.257845848798751831e-01
2.568962275981903076e-01
2.350142151117324829e-01
2.830196619033813477e-01
2.850712835788726807e-01
1.827263385057449341e-01
2.206079810857772827e-01
2.018183767795562744e-01
2.232780605554580688e-01
1.636778116226196289e-01
2.129246890544891357e-01
2.905009090900421143e-01
2.307071834802627563e-01
3.548326194286346436e-01
2.333878278732299805e-01
1.870995461940765381e-01
2.870651483535766602e-01
2.036436945199966431e-01
2.397534400224685669e-01
2.838332056999206543e-01
2.092326283454895020e-01
1.696255952119827271e-01
2.655884623527526855e-01
1.724562197923660278e-01
3.745645582675933838e-01
1.966668069362640381e-01
1.234514266252517700e-01
1.837597191333770752e-01
1.669103354215621948e-01
1.104878261685371399e-01
1.336721479892730713e-01
2.069532722234725952e-01
1.485323756933212280e-01
1.980118900537490845e-01
2.619007825851440430e-01
1.644641757011413574e-01
2.903413474559783936e-01
2.481202036142349243e-01
2.908357679843902588e-01
2.794206440448760986e-01
2.472571432590484619e-01
1.610647588968276978e-01
3.299978673458099365e-01
2.005610764026641846e-01
2.781721651554107666e-01
1.914462149143218994e-01
2.063013017177581787e-01
2.287337630987167358e-01
2.256875634193420410e-01
2.323585301637649536e-01
1.371358186006546021e-01
1.651897579431533813e-01
1.417293846607208252e-01
1.166587769985198975e-01
2.476374059915542603e-01
2.468110620975494385e-01
1.854584217071533203e-01
3.126874268054962158e-01
2.271025776863098145e-01
2.287505418062210083e-01
1.735714226961135864e-01
2.369926422834396362e-01
1.863743513822555542e-01
3.110939562320709229e-01
3.216360211372375488e-01
2.961430847644805908e-01
1.334019750356674194e-01
2.498504370450973511e-01
2.281399816274642944e-01
1.386431604623794556e-01
1.990578770637512207e-01
1.610430032014846802e-01
8.595180511474609375e-02
1.636283993721008301e-01
1.197250336408615112e-01
2.006639242172241211e-01
2.002365887165069580e-01
2.509936094284057617e-01
1.201114505529403687e-01
2.426277101039886475e-01
2.632470428943634033e-01
1.736117750406265259e-01
2.439685165882110596e-01
1.754630357027053833e-01
3.436772525310516357e-01
1.453519761562347412e-01
2.472778856754302979e-01
1.289497166872024536e-01
2.670036852359771729e-01
2.846941649913787842e-01
2.101292014122009277e-01
3.195253610610961914e-01
1.611997634172439575e-01
2.196375876665115356e-01
1.760302782058715820e-01
1.895042806863784790e-01
2.854558825492858887e-01
3.052548170089721680e-01
2.030626237392425537e-01
2.668748795986175537e-01
2.618858218193054199e-01
2.236533313989639282e-01
1.714958548545837402e-01
1.553966552019119263e-01
1.943321973085403442e-01
1.847654879093170166e-01
1.735022664070129395e-01
2.730769813060760498e-01
1.279239952564239502e-01
2.086257785558700562e-01
1.760592609643936157e-01
2.352407574653625488e-01
3.743040263652801514e-01
2.536462247371673584e-01
2.453497499227523804e-01
2.038459926843643188e-01
1.492083817720413208e-01
2.613015770912170410e-01
2.671846449375152588e-01
2.012781500816345215e-01
1.939840167760848999e-01
2.354758232831954956e-01
1.981181353330612183e-01
2.741790711879730225e-01
1.852159798145294189e-01
1.257167011499404907e-01
2.698534429073333740e-01
1.476032882928848267e-01
2.135307788848876953e-01
8.432325720787048340e-02
2.276858091354370117e-01
1.485020369291305542e-01
1.495894193649291992e-01
2.180532217025756836e-01
1.983587145805358887e-01
1.622249484062194824e-01
2.097389996051788330e-01
2.527906894683837891e-01
1.840000152587890625e-01
2.417845875024795532e-01
1.512937992811203003e-01
1.220955625176429749e-01
1.761557906866073608e-01
2.569594085216522217e-01
3.222905397415161133e-01
1.980205774307250977e-01
6.726030260324478149e-02
1.970554143190383911e-01
2.335272580385208130e-01
2.280379086732864380e-01
2.154255360364913940e-01
1.284201592206954956e-01
2.474479824304580688e-01
7.601296156644821167e-02
1.499125808477401733e-01
1.265213489532470703e-01
1.886077970266342163e-01
2.488092184066772461e-01
2.737627625465393066e-01
2.110067307949066162e-01
2.236482501029968262e-01
2.168003320693969727e-01
