1.86982015086,0.344384055119
0.0599313929328,0.0739912604098
0.0451069006289,0.0634436170687
0.0324102520943,0.0548914802261
0.0259157337365,0.0498887409805
0.0223780786415,0.04657177974
0.0200364858989,0.0442148048081
0.0182428649976,0.04227657835
0.0168248006958,0.04034114026
0.0155135289504,0.0386459217989
0.0143528338318,0.0373774662439
0.0132874520117,0.0356926872977
0.0123065106134,0.0345848915051
0.0114941133041,0.033160673629
0.0107529911256,0.0321995595878
0.0101343337519,0.0311649443756
0.00956587454421,0.0303579602856
0.00907839982538,0.029415156279
0.00862614223297,0.0287117157714
0.00822096874326,0.027868761064
0.00784574372083,0.0272966648859
0.00750058288686,0.0266252766713
0.00715990196113,0.0258629989519
0.00689331469912,0.0255011549045
0.00660331331746,0.024851425353
0.00633159949139,0.0242085817037
0.0061067173483,0.023765629332
0.00586532116504,0.0232520524412
0.00565355658764,0.0227935589093
0.00546849369784,0.0223885568092
0.00527585776726,0.0219328277046
0.00508683001899,0.0215045511519
0.00493572852793,0.0211234681134
0.00476604211071,0.0208063388563
0.00462211240738,0.0203759086668
0.00448669921243,0.0200495796656
0.00433887118415,0.019589212659
0.0042129409776,0.019376628907
0.00409908168731,0.0190266234044
0.00397035174756,0.0186393985932
0.00387606622171,0.0184096234821
0.00375780259783,0.018040780694
0.00366231781736,0.0178772393003
0.00356905610824,0.0175798366341
0.00346814716104,0.0172847694426
0.00338939981739,0.0171165518579
0.00330168405708,0.0167436461139
0.0032960741999,0.016898904214
0.00320723105833,0.0166066125676
0.00312578721932,0.0164370865939
0.00304305679056,0.0160835521121
0.00297160774862,0.0158845218917
0.00289671996725,0.0156664643117
0.00283437086109,0.0154599265748
0.00276589656496,0.0152740200865
0.00270580463584,0.0149081204552
0.0026473032427,0.0148850306665
0.00258903109752,0.014628173536
0.00253332701832,0.0144023484143
0.0024840585902,0.0142604009598
0.00243456680801,0.0141131139768
0.00238516360478,0.0139371261728
0.00234341201467,0.0137659415836
0.0022972884919,0.0136054003699
0.00225395291454,0.0135166454827
0.0022151901685,0.0132978796319
0.00217586261751,0.0131331537676
0.00213225218176,0.0130611148255
0.00209895594999,0.0128403249139
0.00205467839078,0.0127033527737
0.00202609689331,0.0125622226071
0.00199546108852,0.0124409692711
0.00195626929926,0.0123527617397
0.00192971765682,0.0121703097073
0.00189106188409,0.0120376174687
0.00186512950349,0.0119539982319
0.00184040119238,0.0118499227247
0.00180790764061,0.0117586873122
0.00178254039092,0.0116308328725
0.00175450624229,0.0115003967367
0.00173155930861,0.0113963853597
0.00170107248778,0.0112576966494
0.00167837113841,0.0111695730186
0.00165787294209,0.0110661838815
0.00162923841563,0.0109553775081
0.00161116598283,0.0108037093218
0.00158689985619,0.010779012437
0.0015682816218,0.0107014590089
0.00154556505222,0.0105911094608
0.00152411271483,0.010510394274
0.00150689298753,0.0104130793829
0.00148719828285,0.0103460866347
0.001468372202,0.0102663740487
0.00144701309364,0.0101705736437
0.00143353100684,0.0100827872258
0.00141112521669,0.00996785875905
0.00139659492124,0.00985911026801
0.00137719165905,0.00982495419739
0.00136054829891,0.00965154578007
0.00134793744401,0.00970455206407
0.00132980327307,0.00959453926334
0.00131460888388,0.00952985623444
0.00130193366476,0.00942930240126
0.00128607075512,0.00937005011656
0.00127128260374,0.00931278027274
0.00125583751815,0.00916418708366
0.00124477710178,0.00917485762766
0.00123055052136,0.00910566452949
0.00121605361492,0.00897726083349
0.00120595660483,0.00893362164061
0.0011924391265,0.00890822803922
0.00117567152884,0.00874303215242
0.00116722945932,0.00869223376358
0.0011579847469,0.00869037810626
0.00114592028021,0.00863074541703
0.00114078785591,0.00858078033489
0.00114133742518,0.00865442990616
0.00112926622442,0.00861973140709
0.00111623961584,0.00853777881275
0.00110420247474,0.00846246946894
0.00109332536049,0.00839194850123
0.00108171439424,0.00832761855127
0.00107116260588,0.00828905480303
0.00106138662231,0.00821755454381
0.00105211290665,0.00816820993496
0.00104202769508,0.00810579827375
0.00103348089615,0.00803613293538
0.00102259300893,0.0079845296641
0.00101500576784,0.00793426177115
0.00100398106133,0.00787830469781
0.000996993441368,0.00783138992265
0.000989052195291,0.00778437981935
0.000980040182185,0.00773399686441
0.000972159378944,0.00768017651426
0.000963736770245,0.00764083192626
0.000957071939956,0.00759992521489
0.000948759323728,0.00754418105207
0.000942069446864,0.00751475577272
0.000934242648873,0.00745207948494
0.00092713899885,0.00741202280769
0.000920024822153,0.00737918159575
0.000913052948817,0.007325014034
0.000906547387603,0.00729220052453
0.000899469136675,0.00723872861854
0.000893598151924,0.00719042914134
0.000887299413625,0.00716398325312
0.000880296393007,0.00712198706606
0.000874450708397,0.00707992901007
0.00086911432445,0.00706117260706
0.000862432416761,0.00699834321567
0.000856991781438,0.00697798057081
0.000852176888111,0.00695405136357
0.000845690157439,0.00691050293826
0.000840026254991,0.0068687662977
0.000835846101472,0.00684934473829
0.000829610111577,0.00679411201563
0.000824088565423,0.00675555042981
0.000820065533844,0.00674672599853
0.000814457818524,0.00670032889466
0.000809645804475,0.00667167822394
0.00080492908819,0.00663768591476
0.000800075166262,0.00660833787406
0.000795210814977,0.00657086350839
0.000791027774358,0.00655235450395
0.000785876234659,0.00651788774267
0.000781849690793,0.00647877064621
0.000776853520256,0.00644285254966
0.000772324917853,0.00641934928281
0.000769550873338,0.0063919709195
0.000764856056958,0.00637677048653
0.000760871839884,0.00634136527369
0.000757004137813,0.00632012752467
0.000752596630264,0.00628115864674
0.000748609816219,0.00626145428105
0.000745238607851,0.00623186048178
0.000740970349398,0.00620154063363
0.000737497052978,0.00617618586111
0.000734504379579,0.00616796058894
0.000730067941186,0.0061259627968
0.000726821255739,0.00610115874297
0.000723282048784,0.00607561412762
0.000720301456386,0.00606457283575
0.000716707910942,0.00603244563099
0.000713528884626,0.00600995346758
0.000710317608718,0.00598772129451
0.000706999127033,0.0059629374693
0.000703890031764,0.00594265809632
0.000700911472268,0.00592264396546
0.000698084840224,0.00590289677784
0.00069501630569,0.00587993178342
0.00069220950536,0.00586167727597
0.000689339856399,0.00584139208222
0.000686607611351,0.00582264996774
0.000683870827015,0.0058037519455
0.00068113867801,0.00578433215269
0.000678490416976,0.00576556631277
0.000675883973781,0.00574665507302
0.00067334651776,0.0057285813964
0.000670778448148,0.00571000274649
0.00066829751413,0.00569213723065
0.00066582099571,0.00567436932324
0.000663418570548,0.00565727653448
0.000661052189753,0.00563997197896
0.000658680826746,0.00562296901044
0.000656400724984,0.00560642561613
0.000654146416309,0.00558985138341
0.000651868413115,0.00557343696564
0.000649690030696,0.00555740702548
0.000647513219883,0.00554164482019
0.000645403836643,0.00552613505279
0.000643335110908,0.00551100343873
0.000641283077675,0.00549584190303
0.000639298157512,0.00548139098828
0.000637349682347,0.00546722391009
0.000635322307971,0.00545237505867
0.000633401976029,0.00543837314617
0.000631460194563,0.00542437743279
0.000629572414618,0.00541074533103
0.00062769382539,0.00539710193116
0.000625846714411,0.00538381042279
0.000624030108975,0.00537038056063
0.000622254192149,0.00535726114613
0.00062046353687,0.00534408720996
0.000618739215679,0.00533154110308
0.000617011314716,0.00531893344014
0.000615311750153,0.00530646096449
0.000613651875847,0.00529448236339
0.000612019597793,0.005282664283
0.00061040419132,0.00527067161165
0.000608817519606,0.00525895637984
0.000607248565575,0.00524744084832
0.000605696318235,0.00523613112164
0.000604185140764,0.00522514725162
0.000602692950724,0.00521436521522
0.00060120761882,0.00520343983371
0.000599754372524,0.00519286022463
0.000598322901533,0.00518234746996
0.000596904513804,0.00517197649606
0.000595511472875,0.00516182856809
0.000594143788931,0.005151732183
0.000592797866284,0.00514185396169
0.000591465259458,0.00513215061947
0.000590149726577,0.00512246323924
0.000588854282705,0.0051131275206
0.000587581482159,0.00510366616509
0.000586328923873,0.00509465511132
0.000585092027086,0.00508560135495
0.000583870500941,0.00507673332177
0.000582667408253,0.00506790512736
0.000581478389722,0.00505929502979
0.000580297104716,0.00505050358042
0.000579154242951,0.0050424334695
0.000578009525088,0.00503391922975
0.000576895783342,0.00502586577932
0.000575766963721,0.0050173016949
0.000574673583378,0.00500935646705
0.000573601177439,0.00500185669225
0.00057311899709,0.0050015051791
0.000572872250177,0.00500247543096
0.000571723785652,0.0049936584066
0.000570627001071,0.00498542197747
0.000569558688858,0.00497746584151
0.000568517774991,0.00496974307607
0.000567494937059,0.00496215243911
0.000566493722545,0.00495478736266
0.000565505134728,0.00494750675134
0.000564534664136,0.00494042688224
0.00056359029395,0.00493349580647
0.000562656515376,0.00492666428036
0.000561731470134,0.00491994552722
0.000560829432925,0.00491332615493
0.000559931238149,0.00490687667043
0.000559051107666,0.00490047748463
0.000558186411308,0.00489424267143
0.000557326242688,0.00488805969362
0.000556484402932,0.00488199827087
0.000555651761715,0.0048760114616
0.000554833220849,0.00487015947874
0.000554027747876,0.0048643479895
0.000553227528962,0.00485864993534
0.00055243619463,0.00485305844486
0.000551665204421,0.00484759029205
0.000550901466522,0.00484218361817
0.000550147712966,0.00483678068413
0.000549405175389,0.00483142980665
0.000548662827714,0.0048261571792
0.000547907704549,0.00482039687631
0.000547184859079,0.00481405276078
0.000546295620916,0.00480765584653
0.000545599020097,0.00480325287936
0.000544915901355,0.00479868324765
0.000544222785538,0.00479391301196
0.000543543916592,0.00478937254811
0.000542854603918,0.00478477923461
0.000542205447073,0.00478052385297
0.000541563025126,0.00477626024513
0.000540932385957,0.00477198877779
0.000540309236203,0.0047680169082
0.000539729937191,0.00476438237092
0.000539124288662,0.00476032979932
0.000538526078981,0.00475625482213
0.000537904247903,0.00475172885926
0.000537326873382,0.00474782236852
0.000536764366643,0.00474417955265
0.000536228457258,0.00474087359908
0.000535757934085,0.00473704468168
0.000534945941581,0.00473080415541
0.000534804926883,0.00473231711221
0.000534146814334,0.00472699021047
0.000533622550756,0.00472363003937
0.000533105394061,0.00472021569585
0.000532559323437,0.00471744951064
0.000532026624569,0.0047135869987
0.000531539041731,0.00471045656013
0.000531048755784,0.00470735121635
0.000530565448753,0.00470411155256
0.00053008100258,0.00470095771307
0.000529605716292,0.00469785562746
0.000529133769942,0.00469457983418
0.000528697126356,0.00469199405634
0.000528235191268,0.00468893074139
0.000527773688282,0.0046857309193
0.000527295925167,0.00468251941784
0.000526858815556,0.00467967621516
0.000526402403739,0.00467710435914
0.000525973012554,0.00467443102971
0.000525556701723,0.00467183414003
0.000525141317394,0.00466922591877
0.000524725450578,0.00466659705708
0.000524315582879,0.00466401702579
0.000523906750095,0.004661404129
0.000523505472574,0.00465888111066
0.000523105575212,0.00465634422435
0.000522711426129,0.00465386755677
0.00052232645894,0.00465143565525
0.000521943477906,0.00464902073873
0.000521563455186,0.00464661419537
0.000521190506788,0.00464425660612
0.000520821674854,0.00464195298409
0.000520452452656,0.00463965552917
0.000520091944509,0.00463744094595
0.00051973172649,0.00463516394811
0.000519379020989,0.00463295512163
0.000519032424017,0.0046308005054
0.000518656573877,0.00462802549446
0.000518342070063,0.00462620584731
0.000518004989135,0.00462439451221
0.000517672385467,0.00462240336929
0.000517349219808,0.00462048641639
0.000517024755391,0.00461854900786
0.00051670625362,0.00461660291476
0.000516392434565,0.00461472551106
0.000516081096248,0.00461283168697
0.000515777588589,0.00461102390982
0.000515468926369,0.00460913838906
0.000515168202128,0.00460732420615
0.000514870436746,0.00460553425801
0.000514574860154,0.00460378763528
0.000514283944631,0.00460203989205
0.000513994977155,0.00460028180532
0.000513710135874,0.00459857677197
0.000513427908209,0.00459687379916
0.00051314718612,0.00459519922588
0.000512871949377,0.00459355078201
0.000512599705053,0.00459191553964
0.000512330949823,0.00459035934327
0.000512066694591,0.00458880486694
0.000511805231145,0.00458727598743
0.000511547964834,0.00458575239027
0.000511295872911,0.0045842899679
0.000511044430368,0.00458284118795
0.000510797725929,0.00458141852141
0.000510550288436,0.00457998582133
0.000510308732828,0.00457857427828
0.000510065822345,0.00457719273545
0.000509827067981,0.0045758065331
0.00050959148366,0.00457443181367
0.000509359333046,0.0045730884478
0.000509127814712,0.00457172399329
0.00050889869508,0.00457041926857
0.000508673195145,0.00456911458896
0.000508451281257,0.00456783483678
0.000508228680701,0.00456654291484
0.000508013888611,0.00456530847587
0.000507798791932,0.00456406021549
0.000507583936178,0.0045628181324
0.000507374457538,0.00456163056224
0.000507165401268,0.00456043394806
0.000506959334689,0.00455924849375
0.000506757678068,0.0045581274273
0.000506556208438,0.00455699230952
0.000506357974518,0.00455588686309
0.000506160220539,0.00455476457428
0.000505967126355,0.00455368002731
0.0005057757141,0.00455259223672
0.000505585000701,0.00455152531213
0.000505397211509,0.00455047080322
0.000505212551343,0.00454940727359
0.000505027651889,0.00454835838173
0.000504846073181,0.00454733218794
0.00050466657367,0.00454629772285
0.000504487265516,0.00454529933631
0.000504312029625,0.00454429219535
0.000504138764791,0.00454332098889
0.000503965624921,0.00454234487261
0.000503797370584,0.00454142327653
0.000503627736907,0.00454046536761
0.00050346262824,0.00453953275864
0.000503296375064,0.00453858937253
0.000503133049006,0.00453768930311
0.000502972796858,0.00453678103659
0.000502811803653,0.00453589745448
0.00050265668242,0.00453503581084
0.000502499662252,0.00453416853998
0.000502345703171,0.00453331805766
0.000502192892145,0.00453248438425
0.000502043464348,0.00453165894141
0.000501892287411,0.00453082269087
0.000501745013116,0.00453000167763
0.000501600112602,0.00452920626994
0.000501453660218,0.00452838478232
0.00050131302396,0.00452761920023
0.000501170413736,0.00452684127231
0.00050103184949,0.00452607478655
0.000500893234948,0.00452533025964
0.000500757629015,0.00452456567291
0.000500622065101,0.00452383808151
0.00050048923531,0.00452310066466
0.000500357709825,0.00452239019651
0.000500226726945,0.00452165231545
0.0005000952302,0.00452094102657
0.000499969449629,0.00452023347316
0.0004998427391,0.00451954801829
0.000499717702132,0.00451884702634
0.000499593804489,0.00451816561254
0.000499471496823,0.00451748178748
0.000499351427425,0.0045168176337
0.000499229789875,0.00451616722276
0.000499113183014,0.00451551122824
0.000498995123598,0.00451487116516
0.000498879185307,0.00451421735779
0.000498763294399,0.00451360139705
0.000498650434747,0.00451297676773
0.000498535946917,0.00451236767403
0.000498425460773,0.00451176795905
0.00049831549577,0.00451117693447
0.000498206488828,0.00451057187747
0.000498098102889,0.00450999534369
0.000497991906377,0.00450943192554
0.000497886516041,0.00450885342725
0.000497781883405,0.0045082882978
0.000497677546537,0.0045077353614
0.00049757590732,0.00450715805637
0.000497474339045,0.00450661165523
0.000497374661609,0.00450606837985
0.000497275196631,0.00450553172413
0.000497175716919,0.00450498446589
0.000497080375681,0.00450445784372
0.000496983731045,0.00450394752697
0.000496888931229,0.00450344419951
0.000496794518313,0.00450291879388
0.000496702548753,0.00450242360675
0.000496608888625,0.0045019386147
0.000496518987165,0.00450143863709
0.000496428905262,0.00450094660919
0.000496339106485,0.0045004593354
0.00049625028696,0.00449997755932
0.000496164572633,0.00449949647154
0.000496076897889,0.00449903191766
0.00049599062877,0.00449856917985
0.000495905823027,0.00449812376464
0.000495821408913,0.00449766240636
0.000495739936196,0.00449721414334
0.000495656081421,0.00449679559824
0.000495575234345,0.00449634995457
0.000495495225732,0.00449593291414
0.000495414679972,0.00449551543861
0.000495334937204,0.00449509795726
0.000495257950479,0.00449467585277
0.000495180325288,0.00449428289139
0.000495103841786,0.00449387799308
0.000495028398745,0.00449347270187
0.000494953493308,0.00449307969102
0.000494878799873,0.00449268703233
0.000494805886228,0.00449229177175
0.000494732583502,0.00449191670486
0.000494662143774,0.00449153574882
0.000494590734797,0.0044911439647
0.00049452036983,0.00449078716629
0.000494451069517,0.00449039899686
0.000494382283523,0.00449004188413
0.000494314242951,0.00448967497068
0.000494246676953,0.00448932844592
0.000494179899488,0.00448896057205
0.000494114299636,0.0044886107964
0.000494049041845,0.00448825957283
0.00049398508927,0.00448790263472
0.000493920132794,0.0044875790496
0.000493857139281,0.00448721653229
0.000493793472197,0.00448689312616
0.000493732996529,0.00448655539803
0.000493671577533,0.00448622234835
0.000493609663226,0.00448588181025
0.000493550541978,0.00448557470227
0.000493490571989,0.00448524835228
0.000493431845734,0.00448491978605
0.000493373966128,0.00448462379427
0.000493315765652,0.00448430514225
0.00049325877917,0.00448400614987
0.000493201713653,0.00448370259692
0.000493144810025,0.00448340189032
0.000493089359225,0.0044831083098
0.000493034080137,0.00448281029239
0.000492978982766,0.00448251910129
0.000492926008337,0.00448224097345
0.000492872498671,0.00448195655626
0.000492819326155,0.00448168364092
0.000492766825482,0.00448140307126
0.000492714999109,0.00448112620215
0.000492664033936,0.00448085741373
0.000492613824281,0.00448060450872
0.000492562650652,0.004480325841
0.00049251342989,0.00448007871601
0.000492464241779,0.00447981200123
0.000492415491317,0.0044795599897
0.000492368210325,0.00447930705268
0.000492319535078,0.00447905755427
0.000492272031534,0.00447880216525
0.000492225989547,0.0044785556267
0.000492179558023,0.00447831377969
0.000492133836633,0.00447807645978
0.000492088189549,0.00447783182171
0.000492043653594,0.00447760558745
0.00049199934374,0.00447737552604
0.000491955486086,0.00447714023612
0.00049191233029,0.00447692065791
0.000491869330654,0.0044766898005
0.00049182648745,0.00447646201064
0.000491784170481,0.00447624135122
0.000491742721533,0.00447602815402
0.00049170136208,0.00447582157358
0.000491659959789,0.00447558583255
0.000491619893819,0.00447538264125
0.000491579859226,0.00447517163411
0.000491540091389,0.00447496198612
0.000491500709632,0.00447474754183
0.000491462133959,0.00447455334797
0.000491423491439,0.00447435463284
0.000491385363512,0.00447415329836
0.000491347824845,0.00447395717347
0.000491310210418,0.00447375680087
0.000491273926036,0.00447356926452
0.000491237237384,0.00447337370424
0.000491200718443,0.00447318420338
0.000491165256517,0.00447299140942
0.000491129965121,0.00447281497327
0.000491095185953,0.00447262682865
0.000491059878823,0.00447244201641
0.000491025600149,0.00447225659736
0.000490991855077,0.00447208601981
0.000490957933562,0.00447190115374
0.000490924317182,0.00447172839049
0.000490891068057,0.00447155293659
0.000490858692137,0.00447138060699
0.000490826038731,0.00447120134195
0.000490793655263,0.00447104667692
0.000490762234585,0.00447087484063
0.000490730732054,0.00447070860391
0.000490699627426,0.00447054800024
0.000490668898419,0.00447038328857
0.000490638171414,0.00447022731387
0.000490608067867,0.0044700654209
0.000490578269,0.00446990977216
0.000490548730977,0.00446975044179
0.000490519276991,0.00446960810659
0.000490490218999,0.00446944714058
0.000490461760091,0.00446930009639
0.000490433276991,0.00446914843633
0.000490404714583,0.0044690068753
0.000490376783637,0.00446885635465
0.000490349446954,0.00446871961904
0.000490321819598,0.00446857071365
0.00049029505617,0.00446843671089
0.000490267534678,0.00446828920249
0.000490241460739,0.00446815423493
0.000490215163427,0.0044680160514
0.000490189181528,0.00446787972032
0.000490163318136,0.00446774717566
0.000490138166788,0.00446761822823
0.000490112743955,0.00446747931855
0.000490087513117,0.00446735628211
0.000490063083453,0.00446722586639
0.000490038422413,0.00446710077085
0.000490014028946,0.00446696571016
0.00048999010869,0.0044668513583
0.000489966417626,0.00446671851241
0.000489942600598,0.00446660156449
0.000489919389474,0.00446648126381
0.000489896503586,0.0044663525041
0.000489873587412,0.00446623634925
0.000489851078873,0.0044661217762
0.000489828642822,0.00446600057476
0.000489806353016,0.00446589246712
0.000489784498131,0.00446576879913
0.000489762764664,0.00446565592865
0.000489741240835,0.0044655398131
0.000489720109454,0.00446542658901
0.000489698845649,0.00446531831112
0.000489678350368,0.00446520918631
0.000489657510207,0.0044650996002
0.000489637088049,0.00446499393147
0.000489616943742,0.00446489017777
0.000489596976331,0.00446477980877
0.000489577112694,0.00446467864822
0.000489557420588,0.00446457787184
0.000489537982412,0.0044644792215
0.000489518746963,0.0044643745845
0.000489499516789,0.00446427462302
0.000489480742726,0.00446418322681
0.000489462036785,0.00446407770942
0.000489443618244,0.00446399385401
0.00048942512758,0.00446388877754
0.000489407256555,0.00446380615613
0.000489389044014,0.00446370586869
0.000489371311869,0.00446361769864
0.000489353795001,0.0044635240105
0.000489336505325,0.00446343819785
0.000489319113876,0.00446334609005
0.000489302194637,0.00446326361271
0.000489285186268,0.00446316598245
0.000489268318233,0.00446308602259
0.000489251947238,0.00446300494223
0.000489235174518,0.00446290848049
0.000489219273459,0.00446284064528
0.000489202935933,0.00446275054856
0.000489187209496,0.00446267292136
0.000489171467052,0.00446259429591
0.000489155572996,0.00446251245303
0.000489140260106,0.00446243524348
0.000489124833439,0.00446236165444
0.000489109577029,0.00446227713401
0.000489094563272,0.00446220123122
0.000489079837644,0.00446212662355
0.000489064972044,0.00446205414046
0.000489050448778,0.00446197409328
0.000489036122508,0.00446190105285
0.000489021542217,0.00446182935557
0.000489007329452,0.00446176404366
0.000488993590443,0.00446169025527
0.000488979464262,0.00446161174332
0.000488965790646,0.00446154709352
0.000488952094202,0.00446147708863
0.000488938786475,0.00446141191496
0.000488925276386,0.00446133430087
0.000488912517085,0.00446127146424
0.000488899164338,0.00446120482957
0.000488886321273,0.00446113183862
0.000488873445829,0.00446107663447
0.000488860651785,0.00446100104018
0.00048884832122,0.00446094145009
0.000488835649321,0.00446087250457
0.000488823551677,0.00446081204282
0.000488811322066,0.00446075170184
0.000488799099367,0.00446068474121
0.000488787285758,0.0044606307536
0.000488775388931,0.0044605619405
0.000488763645171,0.00446050655009
0.000488752185265,0.00446044635464
0.000488740704532,0.00446037957154
0.000488729318295,0.00446032973268
0.000488718112319,0.0044602705515
0.000488706820852,0.00446020671661
0.000488695631884,0.00446015690977
0.000488684738684,0.00446009594889
0.000488674058943,0.00446004579571
0.00048866315401,0.00445998535724
0.000488652517015,0.00445993488102
0.000488642010987,0.00445988174761
0.000488631587996,0.00445982480014
0.000488621226759,0.00445977359632
0.000488611153833,0.00445971782319
0.000488600917743,0.00445967225969
0.000488590939221,0.00445961443038
0.000488581109039,0.00445956990588
0.000488571186361,0.00445950766589
0.000488561367274,0.00445946183172
0.000488551882245,0.004459415171
0.000488542124276,0.00445935875032
0.000488532785403,0.0044593145707
0.000488523470813,0.00445926537795
0.00048851423926,0.00445922256768
0.000488504931127,0.00445916876488
0.00048849604691,0.00445912510186
0.000488486855465,0.00445908040856
0.000488477922318,0.00445902949723
0.000488469266111,0.00445899269835
0.000488460406905,0.00445894267468
0.000488451861565,0.00445890193951
0.000488443131508,0.00445885440859
0.000488434700401,0.00445880922634
0.000488426456559,0.00445877100137
0.000488418035184,0.00445872888085
0.000488409859372,0.00445868850511
0.000488401690291,0.00445863667701
0.000488393660362,0.00445860214677
0.000488385554854,0.00445855758589
0.00048837772365,0.00445851686527
0.000488369887989,0.0044584788222
0.000488362025771,0.00445843544585
0.000488354360914,0.00445840265165
0.000488346768816,0.00445835749852
0.00048833922765,0.00445832429687
0.000488331772249,0.00445828079246
0.000488324390335,0.00445824561612
0.000488316981591,0.00445820230088
0.000488309815682,0.00445816741558
0.000488302755548,0.00445813219121
0.000488295440573,0.00445809241501
0.000488288584802,0.0044580613001
0.000488281594971,0.00445802279719
0.000488274657164,0.0044579939582
0.000488267775927,0.00445795228443
0.000488261044575,0.00445791750535
0.000488254343782,0.00445788440556
0.000488247601606,0.00445784943731
0.000488241030507,0.00445781919261
0.00048823457073,0.00445778671274
0.000488228007907,0.0044577577617
0.000488221693558,0.00445771928062
0.000488215273981,0.00445769122889
0.000488209096875,0.00445765569166
0.000488202891665,0.00445762706513
0.000488196708284,0.0044576001339
0.000488190581837,0.00445756434056
0.000488184758524,0.00445753711101
0.000488178677642,0.00445750519284
0.000488172703717,0.00445747442864
0.000488166957348,0.00445744554454
0.000488161217345,0.00445742262527
0.000488155375933,0.00445738697017
0.000488149773446,0.00445735746325
0.000488144160772,0.00445733451343
0.000488138577475,0.00445730784704
0.000488133041654,0.0044572768893
0.000488127602057,0.00445724839956
0.000488122207935,0.00445722180739
0.000488116807264,0.0044571972976
0.000488111599589,0.00445716648828
0.000488106308876,0.00445714670495
0.000488101095016,0.00445711525972
0.000488096011577,0.00445709222549
0.000488090825274,0.00445706360915
0.00048808587735,0.00445704354206
0.000488080868763,0.00445701324643
0.000488075825342,0.00445698694093
0.000488071073505,0.00445696648094
0.000488066136677,0.00445694000373
0.000488061328542,0.00445691575878
0.000488056662562,0.00445688640903
0.000488051966931,0.00445686855819
0.000488047249382,0.00445684311417
0.000488042687175,0.0044568182464
0.00048803807731,0.00445679635159
0.000488033688271,0.00445677390526
0.000488029126973,0.00445675113879
0.0004880246016,0.00445672108326
0.000488020317061,0.00445670410554
0.000488016013514,0.00445667906606
0.000488011614834,0.00445665908483
0.000488007404783,0.00445664009458
0.000488003186365,0.00445661260164
0.000487998902736,0.00445659353718
0.00048799486849,0.0044565751552
0.000487990767851,0.00445655006479
0.000487986618191,0.00445652855851
0.000487982719369,0.0044565106582
0.000487978737874,0.00445648915047
0.000487974765474,0.00445646839944
0.000487970786799,0.00445644766296
0.000487967031131,0.00445643018757
0.000487963120486,0.00445640576218
0.000487959362636,0.00445638942911
0.0004879556368,0.00445636869263
0.000487951933974,0.00445634938951
0.000487948185764,0.00445633313211
0.00048794459708,0.00445631016628
0.00048794096665,0.00445629511669
0.00048793735823,0.00445627692388
0.000487933866316,0.00445626073051
0.000487930327017,0.0044562385825
0.000487926830283,0.00445622189873
0.000487923510445,0.00445620397222
0.000487920059641,0.00445618645172
0.000487916658039,0.004456169279
0.000487913382494,0.00445615512435
0.000487909940239,0.00445613719348
0.000487906725721,0.00445611870091
0.000487903515477,0.00445610481256
0.00048790031351,0.0044560837312
0.000487897106814,0.00445606942667
0.000487893930585,0.00445605302521
0.000487890859404,0.00445603854751
0.000487887854069,0.00445602019172
0.000487884698578,0.0044560056238
0.000487881721529,0.0044559891583
0.000487878715467,0.00445597309736
0.000487875755971,0.00445595966739
0.000487872815393,0.00445594405464
0.000487869914105,0.00445593087497
0.000487867054289,0.00445591486641
0.000487864126353,0.0044559025846
0.000487861340844,0.00445588736329
0.000487858536599,0.00445587348659
0.000487855771098,0.00445585781417
0.000487853027153,0.00445584573754
0.000487850300851,0.00445582874236
0.000487847578916,0.00445581658132
0.000487845021235,0.00445580394444
0.000487842314942,0.00445578991057
0.000487839730613,0.00445577614882
0.000487837100718,0.004455764062
0.000487834585965,0.00445574869809
0.000487832080489,0.00445573831676
0.000487829550275,0.00445572188764
0.000487827127836,0.00445571292366
0.000487824635911,0.00445569756703
0.000487822153445,0.00445568711148
0.000487819777027,0.00445567366405
0.00048781737778,0.00445566292765
0.000487815025917,0.00445565098198
0.000487812650135,0.00445563808753
0.000487810376035,0.00445562747482
0.0004878080872,0.00445561343076
0.000487805795728,0.00445560507214
0.000487803549458,0.00445559191721
0.000487801345844,0.00445558226347
0.000487799108214,0.00445557021885
0.000487796945072,0.00445555986807
0.000487794748824,0.00445554751641
0.000487792618515,0.00445553773316
0.000487790467741,0.0044555282584
0.000487788405735,0.00445551624289
0.000487786315534,0.00445550732111
0.000487784231791,0.00445549531432
0.000487782222626,0.00445548692223
0.000487780227013,0.0044554753229
0.000487778181287,0.004455465723
0.000487776237242,0.00445545632538
0.000487774308658,0.00445544670802
0.00048777234324,0.00445543541282
0.000487770439213,0.00445542613015
0.00048776849726,0.0044554171589
0.000487766579772,0.00445540564542
0.000487764746867,0.00445539788489
0.000487762901412,0.00445538689673
0.000487761070508,0.0044553784508
0.000487759236967,0.00445536870538
0.000487757480641,0.00445535852487
0.000487755683298,0.00445535039762
0.000487753952075,0.00445534070313
0.000487752225126,0.00445533338789
0.000487750506363,0.00445532358863
0.000487748795877,0.00445531662845
0.000487747129228,0.00445530824072
0.000487745412102,0.0044553006388
0.000487743797021,0.0044552903084
0.000487742126097,0.00445528490527
0.000487740518747,0.00445527560514
0.000487738924676,0.00445526913973
0.000487737294497,0.00445526045369
0.00048773571616,0.0044552532112
0.000487734183753,0.00445524440147
0.000487732610145,0.0044552364343
0.000487731083467,0.004455229835
0.000487729637734,0.0044552204854
0.00048772809796,0.00445521448564
0.000487726604024,0.00445520599897
0.000487725169751,0.00445519966452
0.00048772368873,0.00445519087662
0.000487722256821,0.00445518454071
0.000487720805631,0.00445517724293
0.00048771940701,0.0044551698651
0.000487718035947,0.00445516347099
0.000487716658427,0.0044551562678
0.000487715300187,0.00445514897146
0.000487713936673,0.00445514222956
0.000487712599806,0.00445513694722
0.000487711274309,0.00445512902079
0.000487709939443,0.00445512284059
0.000487708653964,0.00445511591097
0.000487707365392,0.00445510930003
0.000487706128297,0.00445510470599
0.000487704831994,0.00445509845595
0.000487703568069,0.0044550933686
0.000487702337341,0.00445508641715
0.000487701100883,0.00445508206758
0.000487699902988,0.00445507508994
0.000487698657253,0.00445506932156
0.000487697476001,0.00445506284887
0.0004876962862,0.00445505656244
0.000487695147604,0.00445505230018
0.000487693991818,0.00445504639647
0.000487692853767,0.00445504100935
0.000487691725448,0.00445503514929
0.000487690635327,0.00445503034716
0.000487689522561,0.00445502388466
0.000487688419435,0.00445501835784
0.000487687341138,0.00445501320064
0.000487686305769,0.00445500791247
0.000487685246208,0.00445500266942
0.000487684187738,0.0044549962593
0.000487683208121,0.00445499267516
0.000487682130006,0.00445498713379
0.000487681140021,0.00445498416229
0.000487680147126,0.00445497810142
0.000487679148955,0.00445497339533
0.000487678150876,0.00445496826287
0.000487677195269,0.00445496272296
0.000487676230932,0.00445495913009
0.000487675275781,0.00445495399035
0.000487674334272,0.00445495114836
0.000487673386306,0.0044549462662
0.000487672462987,0.00445494261658
0.000487671547307,0.00445493767911
0.000487670595157,0.00445493312
0.00048766969403,0.00445492970757
0.00048766883383,0.00445492397412
0.000487667923426,0.00445491958671
0.00048766707132,0.0044549160084
0.000487666186109,0.00445491107239
0.000487665316723,0.00445490671409
0.000487664476441,0.00445490209822
0.000487663645072,0.00445489884878
0.0004876628067,0.00445489428384
0.000487661998704,0.00445489115664
0.000487661173247,0.00445488667901
0.000487660370527,0.00445488374244
0.000487659552709,0.00445487908
0.000487658765633,0.00445487685211
0.000487657962094,0.00445487254328
0.000487657177837,0.00445486957469
0.000487656445512,0.00445486560202
0.000487655684356,0.00445486265526
0.000487654926928,0.00445485923265
0.000487654177141,0.00445485568489
0.000487653432538,0.00445485237433
0.00048765269903,0.0044548498714
0.000487651983349,0.00445484615339
0.0004876512794,0.00445484345983
0.000487650570449,0.00445484036609
0.000487649842944,0.00445483738877
0.000487649179649,0.00445483362564
0.000487648478975,0.00445483073418
0.000487647819773,0.00445482693322
0.000487647178306,0.00445482481446
0.000487646529837,0.00445482127252
0.000487645856447,0.00445481784845
0.000487645248177,0.00445481541683
0.000487644585519,0.00445481180359
0.000487643962424,0.0044548090169
0.000487643333963,0.00445480569033
0.00048764271196,0.00445480281778
0.000487642085864,0.00445479960326
0.000487641502787,0.0044547967409
0.000487640883966,0.00445479411283
0.000487640297979,0.0044547906713
0.000487639716721,0.0044547877842
0.000487639148832,0.00445478456531
0.000487638576215,0.00445478084584
0.000487638004961,0.00445477782632
0.000487637459901,0.00445477551257
0.000487636903108,0.00445477192116
0.000487636368871,0.00445477012108
0.000487635811078,0.00445476619789
0.000487635296577,0.00445476417226
0.000487634781985,0.00445476216119
0.000487634259025,0.00445475940214
0.000487633737794,0.00445475692541
0.000487633211833,0.00445475480374
0.000487632716613,0.00445475285524
0.000487632209388,0.0044547500569
0.000487631723536,0.00445474754815
0.000487631219676,0.00445474515291
0.00048763073064,0.00445474278094
0.000487630251337,0.00445474052976
0.000487629769214,0.00445473724394
0.000487629271447,0.00445473509171
0.000487628810879,0.0044547328318
0.0004876283253,0.00445473044238
0.000487627870461,0.00445472809952
0.000487627407892,0.00445472559077
0.000487626962058,0.00445472288411
0.000487626513586,0.00445472050051
0.000487626057293,0.00445471848507
0.000487625639471,0.00445471590065
0.000487625213646,0.00445471373096
0.000487624775451,0.00445471197454
0.000487624362086,0.00445470980485
0.000487623925528,0.004454707478
0.000487623511526,0.00445470540872
0.000487623097888,0.0044547030222
0.000487622717719,0.00445470112463
0.000487622344554,0.00445469915139
0.000487621968932,0.00445469716942
0.000487621586672,0.00445469465776
0.000487621215052,0.00445469293481
0.000487620835702,0.00445469024125
0.000487620460081,0.0044546885445
0.000487620099284,0.00445468623366
0.000487619746582,0.00445468413964
0.000487619409614,0.00445468271791
0.000487619059641,0.00445468093967
0.000487618722036,0.00445467916434
0.000487618384977,0.0044546776131
0.00048761804901,0.00445467557001
0.000487617723411,0.0044546743331
0.000487617406907,0.00445467245445
0.000487617063845,0.0044546711928
0.000487616751707,0.00445466956735
0.000487616436385,0.004454668361
0.000487616131522,0.00445466691308
0.000487615824204,0.00445466572273
0.00048761552589,0.00445466416131
0.00048761521266,0.00445466309902
0.000487614895974,0.00445466130477
0.000487614576105,0.00445466021483
0.000487614286067,0.00445465860539
0.000487613983023,0.00445465782541
0.000487613664791,0.00445465660014
0.000487613391579,0.0044546558187
0.000487613073437,0.00445465486846
0.00048761279304,0.00445465406083
0.000487612493362,0.00445465353114
0.000487612212237,0.00445465284429
0.000487611887547,0.00445465184457
0.000487611596054,0.00445465134544
0.000487611314111,0.00445465050725
0.000487611024346,0.0044546496516
0.000487610759865,0.00445464930817
0.000487610494565,0.00445464894437
0.00048761020289,0.00445464801014
0.000487609950142,0.00445464790682
0.000487609678021,0.00445464743098
0.000487609415723,0.00445464713412
0.000487609162064,0.00445464616496
0.000487608909225,0.00445464553632
0.0004876086492,0.00445464501827
0.00048760838672,0.00445464447257
0.00048760812615,0.00445464344666
0.000487607883861,0.00445464276127
0.000487607644482,0.00445464204095
0.000487607380092,0.00445464098448
0.000487607151263,0.00445464057702
0.000487606923798,0.00445463971118
0.0004876066615,0.0044546391684
0.000487606441311,0.00445463838259
0.000487606213301,0.00445463830256
0.000487605992384,0.00445463783108
0.000487605776743,0.0044546378107
0.00048760554746,0.00445463736978
0.000487605336093,0.00445463726355
0.000487605129001,0.00445463700744
0.000487604923728,0.00445463682117
0.000487604700629,0.00445463659416
0.000487604496539,0.0044546364792
0.000487604283808,0.0044546365214
0.000487604069804,0.00445463647775
0.000487603851343,0.00445463626384
0.000487603669353,0.00445463617652
0.000487603473903,0.00445463634678
0.000487603276724,0.00445463608921
0.000487603071088,0.00445463565848
0.00048760290274,0.0044546355799
0.000487602724297,0.00445463536307
0.000487602539488,0.00445463485667
0.000487602366684,0.00445463430369
0.000487602202702,0.00445463400538
0.000487602024987,0.00445463368378
0.000487601845998,0.00445463351789
0.000487601698205,0.0044546330726
0.000487601517671,0.00445463253564
0.000487601358145,0.00445463226788
0.000487601194891,0.00445463165961
0.000487601034638,0.00445463151555
0.000487600891847,0.00445463116484
0.000487600720498,0.00445463069627
0.000487600574252,0.00445463046344
0.000487600419092,0.00445463003562
0.000487600244742,0.00445462980715
0.000487600093675,0.00445462984935
0.000487599929511,0.00445462964271
0.000487599763528,0.00445462962962
0.000487599604639,0.0044546294579
0.000487599453481,0.00445462915086
0.000487599286225,0.0044546289093
0.000487599144435,0.00445462843491
0.000487598983,0.00445462806092
0.000487598800555,0.0044546276069
0.00048759865922,0.00445462732023
0.000487598499512,0.00445462706266
0.00048759834981,0.00445462682401
0.000487598207837,0.00445462678763
0.000487598047766,0.00445462663483
0.000487597915708,0.00445462649368
0.000487597758365,0.00445462626667
0.000487597597294,0.00445462624339
0.000487597464598,0.00445462617063
0.000487597325719,0.00445462631324
0.000487597181109,0.00445462650387
0.000487597028587,0.00445462664647
0.000487596881885,0.00445462687931
0.000487596756375,0.00445462719654
0.000487596606035,0.00445462741191
0.000487596474977,0.00445462785137
0.000487596368384,0.00445462849748
0.000487596248422,0.00445462900097
0.00048759610836,0.00445462940115
0.000487595975028,0.00445462990901
0.000487595864251,0.00445463041106
0.000487595751565,0.00445463100623
0.000487595626055,0.0044546314617
0.000487595497088,0.00445463192154
0.000487595371942,0.00445463219221
0.000487595259256,0.0044546328616
0.00048759513711,0.00445463341166
0.000487594990409,0.00445463393989
0.000487594881906,0.00445463491342
0.0004875947855,0.00445463563083
0.000487594675269,0.00445463630458
0.000487594571769,0.00445463684155
0.000487594484366,0.00445463762589
0.000487594359129,0.00445463816868
0.000487594250262,0.00445463860378
0.000487594143851,0.00445463906362
0.000487594041715,0.00445463964716
0.00048759392912,0.00445464024815
0.00048759381707,0.00445464084187
0.000487593730577,0.00445464169024
0.000487593620164,0.0044546427438
0.000487593514117,0.00445464376098
0.000487593405796,0.00445464499498
0.000487593320395,0.00445464612712
0.00048759320689,0.00445464704098
0.000487593092839,0.00445464803925
0.000487592981608,0.0044546488687
0.000487592881109,0.00445464975492
0.000487592763238,0.00445465038065
0.00048759267429,0.0044546513207
0.000487592578429,0.00445465201628
0.000487592476475,0.00445465274679
0.000487592378704,0.00445465338125
0.000487592282752,0.00445465411613
0.000487592174522,0.0044546548379
0.000487592070749,0.00445465556404
0.000487591977071,0.00445465621742
0.000487591874844,0.00445465692173
0.000487591782894,0.004454657725
0.000487591683304,0.00445465832454
0.000487591581714,0.00445465895755
0.000487591493766,0.00445465957891
0.000487591382989,0.00445465997764
0.000487591296314,0.00445466058009
0.000487591213459,0.00445466100791
0.00048759111969,0.00445466143865
0.00048759104393,0.0044546619145
0.000487590960438,0.00445466218807
0.000487590869125,0.00445466253441
0.000487590790635,0.00445466280216
0.000487590709417,0.00445466307283
0.000487590615012,0.00445466311066
0.000487590554167,0.0044546633304
0.000487590486227,0.00445466364763
0.000487590404191,0.00445466394449
0.000487590326611,0.00445466417586
0.000487590250668,0.00445466425736
0.000487590174089,0.00445466433302
0.000487590103603,0.00445466457313
0.000487590006924,0.00445466459496
0.000487589949898,0.00445466470992
0.000487589875229,0.00445466483361
0.000487589789645,0.00445466483216
0.000487589713703,0.00445466505771
0.000487589649765,0.00445466521342
0.000487589576278,0.00445466537349
0.000487589509885,0.00445466564852
0.000487589426393,0.00445466557721
0.000487589347904,0.0044546658959
0.000487589284694,0.00445466605888
0.000487589226213,0.00445466640231
0.00048758915791,0.00445466659585
0.000487589082149,0.00445466678939
0.000487589018576,0.00445466704114
0.000487588945452,0.00445466712117
0.000487588876695,0.00445466739329
0.000487588809665,0.00445466758829
0.000487588736905,0.00445466770179
0.000487588669694,0.00445466793026
0.000487588613123,0.00445466832316
0.000487588570468,0.0044546688674
0.000487588502983,0.00445466918027
0.000487588436317,0.00445466966339
0.000487588380201,0.00445467001846
0.000487588325905,0.00445467045065
0.000487588276428,0.00445467074605
0.00048758820185,0.00445467100944
0.000487588131364,0.00445467119716
0.000487588075066,0.00445467133832
0.000487588021588,0.00445467150566
0.000487587966836,0.00445467159443
0.000487587899079,0.00445467147365
0.00048758784269,0.00445467165118
0.000487587796124,0.00445467179525
0.000487587734642,0.00445467190148
0.000487587696534,0.00445467195241
0.000487587625594,0.00445467193204
0.000487587585667,0.00445467200334
0.000487587513817,0.00445467184036
0.000487587468615,0.00445467189711
0.000487587416501,0.00445467180689
0.000487587347652,0.004454671852
0.000487587307543,0.0044546719233
0.000487587267435,0.00445467211975
0.000487587213502,0.00445467224781
0.000487587169209,0.00445467245736
0.000487587133921,0.00445467285317
0.000487587082898,0.00445467318787
0.000487587034695,0.0044546735764
0.000487586994677,0.00445467394893
0.000487586925283,0.00445467424433
0.00048758689727,0.00445467476675
0.000487586851978,0.00445467513491
0.00048758680814,0.00445467547688
0.000487586782037,0.00445467608079
0.000487586737927,0.00445467638201
0.000487586708732,0.00445467680256
0.000487586683539,0.00445467715326
0.000487586647614,0.00445467767859
0.000487586618419,0.00445467794925
0.000487586619147,0.00445467823884
0.000487586593135,0.00445467852842
0.000487586575582,0.0044546787467
0.0004875865342,0.0044546788049
0.000487586507643,0.00445467900718
0.000487586482177,0.00445467905665
0.000487586453346,0.00445467907994
0.000487586431063,0.0044546791818
0.000487586397594,0.00445467941317
0.000487586356849,0.00445467936515
0.000487586340751,0.00445467956015
0.000487586315649,0.00445467961545
0.000487586286545,0.0044546797144
0.000487586257441,0.00445467994869
0.000487586236795,0.00445468023972
0.000487586200688,0.00445468038088
0.000487586172858,0.00445468050893
0.000487586159034,0.00445468076941
0.000487586131112,0.00445468114631
0.000487586112467,0.00445468153484
0.000487586074905,0.00445468174876
0.000487586053441,0.00445468214166
0.000487586011604,0.00445468249382
0.000487585994142,0.00445468288526
0.000487585974588,0.00445468319376
0.000487585942392,0.0044546835139
0.000487585924566,0.00445468398975
0.000487585901828,0.00445468438702
0.000487585859992,0.00445468461112
0.000487585838255,0.00445468502003
0.000487585819155,0.00445468535036
0.000487585798692,0.0044546856705
0.000487585759402,0.0044546859499
0.000487585743758,0.00445468635007
0.000487585715837,0.0044546865538
0.000487585701376,0.00445468681719
0.00048758565672,0.00445468693215
0.000487585637347,0.00445468727412
0.000487585623705,0.00445468750695
0.000487585600604,0.00445468779799
0.000487585576957,0.00445468814432
0.000487585549672,0.00445468838152
0.000487585534938,0.00445468865219
0.000487585497285,0.00445468883554
0.000487585472092,0.00445468914695
0.000487585449719,0.00445468940597
0.00048758544126,0.00445468979742
0.000487585414521,0.00445468988473
0.000487585392329,0.00445469003898
0.000487585379778,0.00445469013648
0.000487585355859,0.0044546901976
0.000487585325664,0.00445469022379
0.000487585316023,0.00445469026308
0.000487585283918,0.0044546903664
0.000487585270275,0.00445469047554
0.00048758525154,0.00445469048864
0.000487585231167,0.00445469050173
0.000487585215706,0.00445469063998
0.00048758520943,0.00445469079423
0.000487585184146,0.00445469082333
0.000487585159499,0.004454690899
0.00048758514713,0.00445469106926
0.000487585147948,0.00445469125989
0.000487585136307,0.00445469143306
0.000487585113115,0.00445469147671
0.000487585093106,0.00445469160477
0.00048758507719,0.00445469170809
0.000487585049723,0.00445469170954
0.000487585054816,0.00445469180413
0.000487585059091,0.0044546920908
0.000487585047904,0.00445469217229
0.000487585042356,0.00445469236147
0.000487585036353,0.0044546925943
0.000487585027258,0.00445469269762
0.000487585023438,0.0044546928053
0.000487585011888,0.00445469293336
0.000487584997063,0.00445469309925
0.000487584985967,0.00445469328552
0.000487584996972,0.00445469354163
0.000487584981329,0.00445469363622
0.000487584980146,0.00445469384867
0.000487584958501,0.00445469403203
0.000487584948223,0.004454694163
0.000487584949678,0.00445469443075
0.000487584947768,0.00445469457918
0.000487584929215,0.00445469465922
0.000487584913299,0.00445469484985
0.000487584912753,0.00445469502592
0.000487584893108,0.00445469511906
0.000487584880739,0.00445469520637
0.000487584875282,0.00445469526894
0.000487584867005,0.0044546953417
0.000487584868188,0.00445469551341
0.000487584847633,0.00445469563856
0.000487584849907,0.00445469576516
0.000487584841903,0.00445469593251
0.000487584834536,0.00445469613041
0.000487584834354,0.00445469622064
0.000487584824623,0.00445469641127
0.000487584801704,0.00445469637052
0.000487584798248,0.00445469647238
0.000487584786242,0.00445469652041
0.000487584784605,0.00445469665865
0.00048758477933,0.00445469669794
0.000487584766051,0.00445469665137
0.000487584751409,0.00445469663537
0.000487584749953,0.00445469670813
0.000487584746043,0.00445469675324
0.00048758474004,0.00445469684346
0.000487584734128,0.00445469690167
0.000487584721122,0.0044546969264
0.000487584722759,0.00445469703409
0.000487584699749,0.0044546969264
0.000487584703933,0.0044546970239
0.000487584686562,0.0044546969817
0.000487584678922,0.00445469694096
0.000487584669463,0.00445469699625
0.000487584661096,0.00445469694241
0.000487584659732,0.0044546969948
0.000487584649727,0.00445469693659
0.000487584642724,0.00445469704428
0.000487584634993,0.00445469697152
0.000487584640905,0.00445469710539
0.000487584629082,0.00445469704864
0.000487584616621,0.00445469707629
0.000487584610164,0.00445469710394
0.000487584613438,0.00445469723199
0.00048758460689,0.0044546971767
0.000487584593884,0.00445469729893
0.000487584594885,0.0044546973324
0.000487584587518,0.0044546973877
0.000487584579514,0.00445469745464
0.00048758458006,0.00445469758997
0.00048758458006,0.00445469768893
0.000487584582515,0.00445469787956
0.000487584574603,0.00445469786355
0.000487584577058,0.00445469798287
0.000487584575876,0.0044546980731
0.000487584575603,0.00445469815604
0.000487584563962,0.00445469821716
0.000487584549137,0.00445469820697
0.000487584550683,0.00445469833503
0.000487584554139,0.004454698482
0.000487584549592,0.00445469851984
0.000487584550774,0.00445469859987
0.000487584543043,0.00445469862025
0.000487584546136,0.00445469870319
0.000487584534585,0.00445469874685
0.000487584532129,0.00445469885453
0.000487584536495,0.00445469888509
0.000487584534221,0.0044546989724
0.000487584533312,0.00445469903934
0.000487584525581,0.00445469903207
0.000487584532584,0.00445469914994
0.000487584519033,0.00445469925326
0.000487584517305,0.00445469928673
0.000487584506209,0.00445469944098
0.000487584513849,0.00445469949191
0.000487584502116,0.00445469952392
0.000487584507027,0.00445469960978
0.000487584508755,0.00445469958649
0.000487584500479,0.00445469961414
0.000487584501934,0.00445469978004
0.000487584501388,0.00445469982369
0.000487584495204,0.00445469982515
0.000487584495932,0.00445469986298
0.000487584496659,0.00445470004488
0.000487584485199,0.00445470001287
0.000487584488928,0.00445470006234
0.00048758447856,0.00445470011327
0.000487584479106,0.00445470012637
0.000487584461371,0.00445470011909
0.000487584484381,0.00445470023842
0.000487584469647,0.00445470023114
0.000487584467101,0.00445470025734
0.000487584473012,0.00445470029663
0.000487584470466,0.00445470034465
0.000487584462826,0.00445470029954
0.000487584465645,0.00445470032282
0.00048758446701,0.00445470040722
0.000487584466555,0.00445470041013
0.000487584458278,0.00445470050909
0.000487584456278,0.00445470053237
0.000487584456641,0.00445470059494
0.000487584448729,0.00445470065024
0.00048758444409,0.00445470072009
0.000487584449183,0.00445470079576
0.000487584435905,0.00445470085833
0.00048758444409,0.00445470105915
0.000487584445273,0.00445470107079
0.000487584433995,0.0044547010446
0.000487584437997,0.00445470112027
0.000487584431903,0.00445470120467
0.000487584431266,0.00445470126433
0.00048758443063,0.00445470125269
0.000487584429993,0.00445470128034
0.00048758443254,0.00445470137201
0.000487584437633,0.00445470148989
0.000487584414259,0.00445470148697
0.000487584423809,0.00445470161503
0.000487584427083,0.00445470174018
0.000487584427265,0.00445470180275
0.000487584420625,0.00445470194391
0.000487584418806,0.00445470197737
0.000487584418079,0.00445470206614
0.000487584410439,0.00445470214327
0.000487584414714,0.00445470217819
0.000487584408711,0.00445470224658
0.000487584410894,0.00445470230916
0.000487584403891,0.00445470236446
0.00048758441153,0.00445470242557
0.000487584403345,0.00445470242703
0.000487584411712,0.00445470250706
0.000487584405801,0.00445470252016
0.00048758440862,0.0044547026293
0.00048758440762,0.00445470255509
0.000487584400798,0.00445470265404
0.00048758440289,0.00445470270643
0.000487584411167,0.00445470271225
0.000487584410348,0.00445470272098
0.000487584408711,0.00445470275299
0.000487584412804,0.00445470280974
0.000487584409348,0.00445470280683
0.000487584406892,0.00445470285922
0.000487584410621,0.00445470290579
0.000487584412531,0.00445470286068
0.000487584413349,0.00445470298582
0.000487584409893,0.00445470294508
0.000487584414168,0.00445470298291
0.000487584408984,0.00445470297418
0.000487584422081,0.00445470302511
0.00048758440953,0.00445470295963
0.000487584415259,0.00445470296836
0.000487584405073,0.00445470291888
0.000487584407983,0.0044547029669
0.000487584412349,0.00445470307022
0.000487584398434,0.00445470297564
0.000487584407074,0.00445470297418
0.00048758440571,0.00445470296982
0.000487584396706,0.00445470296982
0.000487584398979,0.00445470302075
0.000487584398252,0.00445470295817
0.000487584395705,0.00445470299164
0.000487584395978,0.00445470300911
0.000487584388247,0.00445470301638
0.000487584393795,0.00445470296982
0.000487584387156,0.00445470291743
0.000487584392704,0.0044547029669
0.000487584388247,0.00445470298146
0.000487584379971,0.00445470302511
0.000487584386883,0.00445470299455
0.000487584388247,0.00445470298582
0.000487584389066,0.00445470298
0.000487584388611,0.00445470291452
0.000487584390703,0.00445470299455
0.000487584393613,0.00445470291743
0.000487584387247,0.00445470288978
0.000487584389703,0.00445470289269
0.000487584386701,0.0044547028956
0.000487584385701,0.00445470289269
0.000487584385337,0.00445470281848
0.000487584389248,0.00445470287814
0.000487584386246,0.00445470286068
0.000487584387065,0.00445470285194
0.000487584387156,0.00445470287086
0.000487584385519,0.00445470280101
0.000487584392249,0.00445470286068
0.000487584388247,0.00445470282575
0.000487584389157,0.00445470284758
0.000487584395341,0.00445470285049
0.000487584397433,0.00445470287814
0.000487584390885,0.00445470288832
0.000487584389248,0.00445470287086
0.000487584397524,0.00445470287959
0.000487584387793,0.00445470280101
0.000487584383518,0.00445470280974
0.000487584386883,0.00445470282139
0.000487584394796,0.00445470284321
0.000487584390521,0.00445470287959
0.000487584390066,0.00445470285485
0.000487584388065,0.00445470280683
0.00048758439325,0.00445470286359
0.000487584399252,0.00445470292616
0.000487584389339,0.00445470286359
0.000487584392522,0.00445470287523
0.000487584387702,0.00445470292907
0.000487584389157,0.00445470290724
0.000487584391522,0.0044547028956
0.000487584395614,0.00445470285049
0.000487584392613,0.00445470287232
0.000487584393341,0.00445470284467
0.000487584386792,0.00445470289851
0.000487584387338,0.00445470285631
0.000487584379516,0.00445470273116
0.000487584375151,0.00445470274426
0.000487584378243,0.00445470279519
0.00048758437988,0.00445470279665
0.000487584377515,0.00445470279519
0.000487584376242,0.00445470273989
0.000487584371695,0.00445470271807
0.000487584371604,0.00445470281411
0.000487584378152,0.00445470283012
0.00048758437224,0.00445470281993
0.000487584367966,0.0044547028403
0.000487584374241,0.00445470289851
0.000487584366601,0.00445470277627
0.000487584377606,0.00445470287814
0.00048758437415,0.00445470294944
0.000487584374514,0.0044547029378
0.000487584376333,0.00445470294362
0.000487584377697,0.00445470292034
0.00048758437506,0.00445470295963
0.000487584372331,0.00445470294944
0.000487584374878,0.00445470297127
0.000487584378789,0.00445470298873
0.000487584375151,0.00445470307604
0.000487584379516,0.00445470308623
0.000487584381244,0.00445470314735
0.000487584366965,0.00445470311388
0.000487584377152,0.00445470313716
0.00048758437224,0.00445470317063
0.000487584367693,0.00445470313862
0.000487584368602,0.00445470316336
0.000487584373877,0.00445470316336
0.000487584374696,0.00445470317354
0.000487584375151,0.00445470321574
0.000487584371513,0.00445470319682
0.000487584374878,0.00445470320556
0.000487584374969,0.00445470323175
0.000487584372604,0.00445470321865
0.000487584373059,0.00445470324339
0.000487584377242,0.00445470320119
0.00048758437697,0.00445470324921
0.000487584370057,0.0044547032041
0.000487584374241,0.00445470322011
0.000487584369785,0.0044547032332
0.000487584367056,0.00445470321574
0.000487584372877,0.00445470319974
0.000487584366601,0.00445470322593
0.000487584363327,0.00445470317063
0.000487584364237,0.00445470318082
0.000487584364419,0.00445470316336
