1.024665534496307373e-01
-9.523870050907135010e-02
1.427464187145233154e-01
-1.072748973965644836e-01
1.553862690925598145e-01
5.343521013855934143e-03
-1.841793954372406006e-01
-8.273888379335403442e-02
-9.315739572048187256e-02
3.199399635195732117e-02
-2.050792053341865540e-02
-1.128082629293203354e-02
-2.328043431043624878e-02
-8.584786206483840942e-02
5.448583140969276428e-02
3.673925995826721191e-02
1.540763229131698608e-01
-2.167015224695205688e-01
-1.428923569619655609e-02
-6.457173824310302734e-02
-2.455496191978454590e-01
9.613108634948730469e-02
3.232160955667495728e-02
-2.856138162314891815e-02
4.556292295455932617e-02
-1.166000403463840485e-02
-9.002441540360450745e-03
1.293017864227294922e-01
1.050537079572677612e-01
2.493335492908954620e-02
1.141058504581451416e-01
2.756808400154113770e-01
-6.986491382122039795e-03
1.469297260046005249e-01
3.772720694541931152e-02
2.754315547645092010e-02
1.314641386270523071e-01
2.960594594478607178e-01
-4.966179281473159790e-02
1.321439743041992188e-01
-5.313686281442642212e-02
8.471071720123291016e-02
8.308696001768112183e-02
-1.468179821968078613e-01
1.574022695422172546e-02
1.040055677294731140e-01
9.247644245624542236e-02
-6.676533818244934082e-02
2.009641826152801514e-01
6.398782879114151001e-02
9.211855381727218628e-02
9.461540728807449341e-02
1.275837123394012451e-01
6.729061901569366455e-02
-1.407442688941955566e-01
1.212275866419076920e-02
1.001970991492271423e-01
3.838313370943069458e-02
8.494694530963897705e-02
-4.758855700492858887e-02
-4.061437770724296570e-02
-2.214075624942779541e-02
8.190688095055520535e-04
-4.742922261357307434e-02
1.142599955201148987e-01
2.799538522958755493e-02
-1.749933958053588867e-01
1.395011879503726959e-02
-1.124137863516807556e-01
-1.393889337778091431e-01
1.171265169978141785e-01
-3.400914371013641357e-02
1.512828022241592407e-01
1.305562406778335571e-01
8.617759495973587036e-02
-1.442264467477798462e-01
-1.220961064100265503e-01
-3.316079452633857727e-02
1.855486445128917694e-02
9.623654931783676147e-02
-5.164304748177528381e-02
-1.654107421636581421e-01
-9.913481771945953369e-03
-9.461817145347595215e-02
1.603265553712844849e-01
1.160448417067527771e-01
8.006217330694198608e-02
6.549488008022308350e-02
5.138033255934715271e-02
1.555642783641815186e-01
-4.499383270740509033e-02
2.048322372138500214e-02
-6.831460446119308472e-02
-4.724895954132080078e-02
1.804535537958145142e-01
7.739011198282241821e-03
-8.500389754772186279e-02
1.674607694149017334e-01
6.782381329685449600e-03
-8.811286836862564087e-02
