-1.304301247000694275e-02
2.210986986756324768e-02
-1.257590651512145996e-01
1.137545630335807800e-01
7.393944263458251953e-02
5.037600174546241760e-02
-4.916222766041755676e-02
-3.132545575499534607e-02
-4.657586663961410522e-02
-1.807155609130859375e-01
-2.432434819638729095e-02
-4.590924829244613647e-02
1.821798272430896759e-02
3.819391131401062012e-02
-7.090775668621063232e-02
-1.830250322818756104e-01
1.506101489067077637e-01
8.981134742498397827e-03
1.759556084871292114e-01
2.193784527480602264e-02
1.080016866326332092e-01
-6.824879348278045654e-02
9.209948033094406128e-02
4.858269169926643372e-02
-1.480947621166706085e-02
-6.789267063140869141e-02
8.869139477610588074e-03
-6.681630760431289673e-02
-1.389069110155105591e-01
-4.412928968667984009e-02
8.844906091690063477e-02
3.454792313277721405e-03
2.625814080238342285e-02
-7.884233444929122925e-02
-2.151544764637947083e-02
9.259095788002014160e-02
-1.622084677219390869e-01
9.436266124248504639e-02
2.146478369832038879e-02
1.589776426553726196e-01
-3.893252089619636536e-02
-7.641657441854476929e-02
-2.132387645542621613e-02
1.306371986865997314e-01
-6.799837201833724976e-02
-2.231546118855476379e-02
1.326399482786655426e-02
-1.027395352721214294e-01
8.804795891046524048e-02
-9.429197013378143311e-02
2.011404186487197876e-01
7.565370202064514160e-02
-1.026670336723327637e-01
-7.669771462678909302e-02
4.493656009435653687e-02
-2.220109291374683380e-02
-1.002525612711906433e-01
-1.623858362436294556e-01
9.052771329879760742e-02
-3.303629159927368164e-01
8.261880278587341309e-02
3.203875198960304260e-02
1.411025673151016235e-01
-1.475159525871276855e-01
-1.463084667921066284e-01
1.484783142805099487e-01
-1.222248002886772156e-01
3.025295026600360870e-02
7.159300148487091064e-02
1.917224526405334473e-01
5.286457017064094543e-03
-4.118521884083747864e-02
-2.907284907996654510e-02
-3.950677439570426941e-02
-5.815362185239791870e-02
-7.103830575942993164e-03
1.510703861713409424e-01
1.232946291565895081e-01
-9.869650006294250488e-02
3.813688829541206360e-02
4.043021425604820251e-02
4.237288236618041992e-02
-1.130119040608406067e-01
1.294569075107574463e-01
-6.661843508481979370e-02
1.783074289560317993e-01
3.511469811201095581e-02
-5.987038835883140564e-02
1.522533688694238663e-02
-7.235875725746154785e-02
-3.645624965429306030e-02
2.398575888946652412e-03
3.263384103775024414e-02
6.685986183583736420e-03
2.219929732382297516e-02
1.182555779814720154e-01
3.449329361319541931e-02
-8.295477926731109619e-02
1.704222261905670166e-01
-9.869267046451568604e-02
