-5.591601133346557617e-02
-7.471112161874771118e-02
-5.062432214617729187e-02
-1.910584867000579834e-01
-1.152991205453872681e-01
1.062916889786720276e-01
-6.455048173666000366e-02
1.373910605907440186e-01
-2.803869731724262238e-02
-5.350799113512039185e-02
-9.491632133722305298e-02
-8.971107192337512970e-03
-9.942699968814849854e-02
-7.639510184526443481e-02
-4.480246454477310181e-02
9.760168194770812988e-02
-7.840796560049057007e-02
-7.777687907218933105e-02
1.495915800333023071e-01
-2.554870024323463440e-02
2.383356541395187378e-02
-1.021481975913047791e-01
7.069361209869384766e-02
-2.526153251528739929e-02
-3.030034899711608887e-01
-3.706160560250282288e-02
-6.619123369455337524e-02
-9.612578898668289185e-02
6.844254583120346069e-02
1.778484694659709930e-02
-4.354611039161682129e-02
-9.983748197555541992e-02
1.560640335083007812e-01
-6.803574797231703997e-05
2.289208471775054932e-01
-1.362270563840866089e-01
-1.108027473092079163e-01
1.018940806388854980e-01
-6.225918605923652649e-02
7.104034721851348877e-02
2.187605947256088257e-01
-1.265247911214828491e-01
-6.105625536292791367e-03
4.653959069401025772e-03
-1.608758978545665741e-02
-8.426940441131591797e-02
-6.429847329854965210e-02
-5.796131119132041931e-02
-1.285184472799301147e-01
-1.574688591063022614e-02
-1.740133017301559448e-01
-1.520286500453948975e-02
7.508256286382675171e-02
-2.463698387145996094e-02
1.479775309562683105e-01
1.466914266347885132e-01
1.172006577253341675e-01
-4.113726690411567688e-02
1.137750968337059021e-01
-1.181588992476463318e-01
-5.671551823616027832e-02
-9.102710336446762085e-02
1.348182559013366699e-01
8.302351087331771851e-02
2.042198777198791504e-01
-1.681914180517196655e-01
-1.179315708577632904e-02
-6.260647624731063843e-02
1.326421052217483521e-01
2.373927831649780273e-02
-9.582325071096420288e-02
-1.785958111286163330e-01
4.798894003033638000e-02
9.881339967250823975e-02
4.749065637588500977e-02
-4.584180191159248352e-02
-8.175645768642425537e-02
-6.042568944394588470e-03
-7.915467023849487305e-03
1.707518100738525391e-01
-1.090755388140678406e-01
1.377802342176437378e-01
-2.149419039487838745e-01
1.811957918107509613e-02
2.351382933557033539e-02
-1.108926068991422653e-02
-1.702243238687515259e-01
1.380799561738967896e-01
6.244447454810142517e-02
3.363496437668800354e-02
-1.469958871603012085e-01
-4.554958269000053406e-02
1.367392763495445251e-02
2.497815340757369995e-01
1.913830786943435669e-01
-1.260151416063308716e-01
-1.329112797975540161e-01
8.799923956394195557e-02
1.160022895783185959e-02
-1.094155833125114441e-01
