-1.034645140171051025e-01
9.823512285947799683e-02
1.371195614337921143e-01
-1.261104643344879150e-01
-7.714165002107620239e-02
2.734496258199214935e-02
1.349507179111242294e-02
1.335335224866867065e-01
6.166588887572288513e-02
-1.690551638603210449e-01
2.610636651515960693e-01
1.568968594074249268e-01
-4.020199552178382874e-02
-4.739282652735710144e-02
1.090325415134429932e-01
1.195301413536071777e-01
1.074202284216880798e-01
7.147838175296783447e-02
3.249792382121086121e-02
7.184931891970336437e-04
9.047247469425201416e-02
7.906214892864227295e-02
1.218331828713417053e-01
7.342733442783355713e-02
-6.822805106639862061e-02
-8.193018287420272827e-02
9.097415208816528320e-02
-2.968627214431762695e-02
-1.707125455141067505e-02
-5.779220908880233765e-02
2.502949209883809090e-03
-1.078324317932128906e-01
1.526256203651428223e-01
2.123041637241840363e-02
1.089444532990455627e-01
-1.587997935712337494e-02
-1.227556020021438599e-01
-4.936515912413597107e-02
-3.729551658034324646e-02
1.175723038613796234e-02
-5.788751691579818726e-02
1.408927049487829208e-02
-4.352913796901702881e-02
-9.313539415597915649e-02
6.196466460824012756e-02
1.569970846176147461e-01
-1.850758641958236694e-01
2.324697226285934448e-01
-1.035540699958801270e-01
8.202097564935684204e-02
4.559560865163803101e-02
-8.320163935422897339e-02
-7.510987669229507446e-02
2.143601179122924805e-01
8.819223195314407349e-02
2.808692753314971924e-01
-1.530636008828878403e-02
2.502935752272605896e-02
-2.991991303861141205e-02
1.161765083670616150e-01
-1.814644485712051392e-01
-1.172661930322647095e-01
-1.237194687128067017e-01
-1.786390095949172974e-01
-9.994172304868698120e-02
-1.806269884109497070e-01
1.567947417497634888e-01
1.051153615117073059e-01
5.101141706109046936e-02
-1.759248226881027222e-01
6.381309358403086662e-04
2.116749137639999390e-01
1.999356150627136230e-01
1.316329985857009888e-01
-3.012653626501560211e-02
3.717390820384025574e-02
-2.416276931762695312e-02
1.088099628686904907e-01
-5.959827080368995667e-02
1.546534597873687744e-01
1.915152668952941895e-01
-1.720375567674636841e-02
-1.579363793134689331e-01
1.978319287300109863e-01
-8.522050082683563232e-02
-1.239864453673362732e-01
1.407796740531921387e-01
9.673739969730377197e-02
1.074581071734428406e-01
3.036789000034332275e-01
-1.361222714185714722e-01
1.683213114738464355e-01
-3.686598688364028931e-02
5.502071976661682129e-02
-7.388560473918914795e-02
1.434953212738037109e-01
2.156128138303756714e-01
-2.753190230578184128e-03
-1.493434607982635498e-01
2.347725033760070801e-01
