1.622779816389083862e-01
-7.987310737371444702e-02
8.465203642845153809e-02
1.130667254328727722e-01
1.216852068901062012e-01
-2.286036163568496704e-01
-9.322407096624374390e-02
1.795466095209121704e-01
-1.584575325250625610e-02
3.774015232920646667e-02
1.217102557420730591e-01
-5.224897339940071106e-02
1.914214044809341431e-01
1.619083136320114136e-01
1.210084110498428345e-01
7.400617003440856934e-02
-8.544624596834182739e-02
9.205748885869979858e-02
4.497970640659332275e-02
1.696392595767974854e-01
2.969520911574363708e-02
3.274991735816001892e-02
-2.125337596226017922e-05
8.542578667402267456e-02
-1.223853379487991333e-01
-2.057717591524124146e-01
2.821490541100502014e-02
1.013228073716163635e-01
1.240985319018363953e-01
-1.192479357123374939e-01
-5.899798870086669922e-02
1.081852987408638000e-01
5.857622623443603516e-02
2.411694265902042389e-02
2.450890094041824341e-01
-6.745663471519947052e-03
-4.887279123067855835e-02
6.925310194492340088e-02
-6.352631747722625732e-02
7.089752703905105591e-02
-2.403545379638671875e-01
9.232251346111297607e-02
1.056536212563514709e-01
-9.887491911649703979e-02
6.145800650119781494e-02
-6.306780502200126648e-03
7.618703879415988922e-03
1.775623671710491180e-02
2.016051439568400383e-03
-2.333199083805084229e-01
-9.570095688104629517e-02
-8.542011678218841553e-02
1.794515401124954224e-01
-1.044082865118980408e-01
-3.026680275797843933e-02
-6.224251352250576019e-03
-1.119729280471801758e-01
1.364017724990844727e-01
-4.261245951056480408e-02
1.814562231302261353e-01
-1.177741438150405884e-01
-5.609083920717239380e-02
-5.915381386876106262e-02
7.329589128494262695e-02
7.968921214342117310e-02
2.448403537273406982e-01
1.750451177358627319e-01
-5.507064610719680786e-02
-8.013068884611129761e-02
-2.323998697102069855e-02
1.266537159681320190e-01
3.368638083338737488e-02
-1.698039285838603973e-02
-5.952451750636100769e-02
-1.194862648844718933e-01
-1.465024501085281372e-01
5.652831867337226868e-02
-5.473094806075096130e-02
2.015709429979324341e-01
-1.691346019506454468e-01
9.699189662933349609e-02
9.839182347059249878e-02
7.562902569770812988e-02
-1.817081421613693237e-01
-2.700343541800975800e-02
9.319829940795898438e-02
1.899430342018604279e-02
6.919810175895690918e-02
1.817690432071685791e-01
-7.793266326189041138e-02
-7.614079862833023071e-02
-7.170373201370239258e-02
2.556597888469696045e-01
-3.120425157248973846e-02
6.356462836265563965e-02
-1.669495366513729095e-02
-5.513400584459304810e-02
1.836832463741302490e-01
2.475547231733798981e-02
2.496740594506263733e-02
