7.696440070867538452e-02
-4.905974864959716797e-02
-2.004492562264204025e-03
-5.492199957370758057e-02
6.043720245361328125e-02
-1.461761295795440674e-01
-8.498078584671020508e-02
1.267302036285400391e-01
1.677703261375427246e-01
1.206141524016857147e-02
4.974351823329925537e-02
-2.858023904263973236e-02
7.827311009168624878e-02
1.197474896907806396e-01
1.406135410070419312e-01
-9.481161087751388550e-02
-1.528793722391128540e-01
-2.786840125918388367e-02
-1.117265895009040833e-01
1.977486349642276764e-02
-9.627456218004226685e-02
-9.809144586324691772e-02
3.181589022278785706e-02
-7.614512741565704346e-02
1.513028331100940704e-02
-9.895769506692886353e-02
2.276403456926345825e-02
-1.845377534627914429e-01
-8.047623187303543091e-02
2.829788438975811005e-02
-8.276268094778060913e-02
-8.783935010433197021e-02
8.181075565516948700e-03
-1.506983637809753418e-01
9.980744682252407074e-03
-9.137857705354690552e-02
-7.608185708522796631e-02
-4.925231263041496277e-02
4.981135204434394836e-02
5.526534840464591980e-02
-1.985978186130523682e-01
-9.191299229860305786e-02
-1.837437599897384644e-02
-1.634335890412330627e-02
-3.078548051416873932e-02
-1.194842979311943054e-01
-3.422888368368148804e-02
-9.063080698251724243e-02
-1.539573669433593750e-01
-4.422309622168540955e-02
1.779388450086116791e-02
-2.561881439760327339e-03
-1.061414554715156555e-01
4.707626998424530029e-02
4.325095936655998230e-02
-1.942279376089572906e-02
-2.887373268604278564e-01
4.184873774647712708e-02
-2.588947489857673645e-02
-1.051163300871849060e-01
-1.993188560009002686e-01
-7.796978950500488281e-02
-2.170990854501724243e-01
-2.139513753354549408e-02
-4.893141239881515503e-02
3.219265863299369812e-02
-6.183570623397827148e-02
7.380972057580947876e-02
-1.776398867368698120e-01
-5.879813432693481445e-02
-1.799515783786773682e-01
-5.578380078077316284e-02
-1.592350900173187256e-01
-7.139552384614944458e-02
-8.095429092645645142e-02
-1.321002095937728882e-01
4.219381138682365417e-02
-1.847087591886520386e-01
-7.764074951410293579e-02
-7.704512774944305420e-02
-1.480407565832138062e-01
-1.914876103401184082e-01
-3.250561654567718506e-02
-6.008037924766540527e-02
-1.138986423611640930e-01
-7.186726480722427368e-02
-4.800562933087348938e-02
6.641043722629547119e-02
-1.688151620328426361e-02
-7.175125926733016968e-02
-4.550633020699024200e-03
-1.604668200016021729e-01
-1.418113559484481812e-01
-2.382920831441879272e-01
-1.475608646869659424e-01
-1.060539260506629944e-01
-6.486365944147109985e-02
-3.966168034821748734e-03
-2.238303236663341522e-02
-2.456221282482147217e-01
