1.178327053785324097e-01
2.097904235124588013e-01
-7.887232303619384766e-02
9.658716619014739990e-02
2.325041294097900391e-01
-2.464303560554981232e-02
4.604393988847732544e-02
-1.986264586448669434e-01
1.217453852295875549e-01
-1.180997565388679504e-01
1.861594058573246002e-02
-6.127207726240158081e-02
4.359254986047744751e-02
6.868464872241020203e-03
-9.432581067085266113e-02
-4.837590083479881287e-02
2.763371355831623077e-02
-1.455499678850173950e-01
1.677499264478683472e-01
1.061303988099098206e-01
6.813206523656845093e-02
2.191096693277359009e-01
-2.636057510972023010e-02
1.167550161480903625e-01
-6.912578642368316650e-02
2.302405424416065216e-02
-1.203756127506494522e-02
-1.682044938206672668e-02
8.644134551286697388e-02
-7.252443581819534302e-02
-2.339235991239547729e-01
-2.166159264743328094e-02
8.283925056457519531e-02
-6.230505183339118958e-02
7.747124880552291870e-02
7.052056491374969482e-02
1.965183168649673462e-01
-2.258606255054473877e-03
1.322776824235916138e-01
-1.304419338703155518e-01
1.265349984169006348e-01
-1.195867955684661865e-01
-4.897626861929893494e-02
-2.302027493715286255e-02
-2.331157028675079346e-02
-9.744652546942234039e-03
5.449453834444284439e-03
-2.752820029854774475e-02
1.747705489397048950e-01
-1.219001188874244690e-01
1.522391941398382187e-02
7.791408151388168335e-02
5.001636967062950134e-02
-1.202693954110145569e-01
-1.450209319591522217e-01
3.296291828155517578e-02
-6.787095218896865845e-02
2.161446362733840942e-01
-1.238451004028320312e-01
-1.664235256612300873e-02
-9.561492502689361572e-02
-1.469817906618118286e-01
-9.135052561759948730e-02
3.166852518916130066e-03
5.748808756470680237e-02
-1.753156259655952454e-02
-1.842536628246307373e-01
2.754800021648406982e-01
-6.243101879954338074e-02
2.564362995326519012e-02
-6.932123750448226929e-02
5.252925306558609009e-02
-4.544448852539062500e-02
8.711628615856170654e-03
3.988524898886680603e-02
1.006857864558696747e-02
2.144445292651653290e-02
1.759375818073749542e-02
-8.805316686630249023e-02
-1.659045182168483734e-02
4.805968329310417175e-02
4.075146839022636414e-02
1.303017437458038330e-01
-1.259709708392620087e-02
-7.474330812692642212e-02
-3.820759057998657227e-02
2.690826728940010071e-02
1.075565069913864136e-01
1.489812284708023071e-01
1.112953573465347290e-01
-1.086485236883163452e-01
4.163641482591629028e-02
-8.743905276060104370e-02
8.194289356470108032e-02
-4.957803338766098022e-02
-4.462573304772377014e-02
1.808250322937965393e-02
-1.630389243364334106e-01
-6.783670932054519653e-02
2.592566795647144318e-02
