1.061710063368082047e-02
-1.505683828145265579e-02
1.356137096881866455e-01
1.197354495525360107e-01
-3.242363035678863525e-01
5.461921170353889465e-02
1.425549536943435669e-01
-6.410895287990570068e-02
-9.469559043645858765e-02
-4.550069104880094528e-03
-5.688693374395370483e-03
-5.318849906325340271e-02
5.435257032513618469e-02
-3.553348407149314880e-02
-4.023799300193786621e-02
7.742814719676971436e-03
3.107558563351631165e-02
3.670188039541244507e-02
-1.141654048115015030e-02
6.996656302362680435e-03
1.625412702560424805e-01
1.033511236310005188e-01
-8.362973481416702271e-02
-4.421792924404144287e-02
3.715512529015541077e-02
1.737137436866760254e-01
2.046218514442443848e-01
1.462957561016082764e-01
8.458849787712097168e-02
1.203926280140876770e-01
-2.690618298947811127e-02
2.192656695842742920e-02
-2.723832800984382629e-02
-2.990199066698551178e-02
9.894197434186935425e-02
-9.633699432015419006e-03
-1.372996568679809570e-01
1.182576641440391541e-01
5.964247882366180420e-02
-1.109765395522117615e-01
-6.621906906366348267e-02
-8.174818754196166992e-02
-4.371168836951255798e-02
-7.352457940578460693e-02
3.756409883499145508e-02
-1.427163835614919662e-02
5.635168775916099548e-02
4.155285656452178955e-02
-6.900749355554580688e-02
-4.606175422668457031e-02
-1.296061277389526367e-01
-5.660380795598030090e-02
2.090191841125488281e-01
4.415811970829963684e-02
1.755082905292510986e-01
7.124072406440973282e-03
-2.104790359735488892e-01
-3.738871309906244278e-04
-7.655396312475204468e-02
-3.179277107119560242e-02
-3.616850078105926514e-02
-2.582430243492126465e-01
-1.913789957761764526e-01
-6.709166616201400757e-02
1.802466809749603271e-01
-1.558435857295989990e-01
-4.807185009121894836e-02
-1.258890628814697266e-01
1.925303786993026733e-01
-1.794216185808181763e-01
4.142336547374725342e-02
6.171863153576850891e-02
1.710073440335690975e-03
-9.698606282472610474e-02
-1.405575498938560486e-02
-2.679973840713500977e-01
7.775635272264480591e-02
2.538790926337242126e-02
-1.397474706172943115e-01
-4.919402301311492920e-02
-3.539320826530456543e-02
1.411195844411849976e-01
1.698628813028335571e-01
3.098948299884796143e-01
-1.534608304500579834e-01
-1.465515345335006714e-01
-2.505182102322578430e-02
9.791474044322967529e-02
8.765069395303726196e-02
2.009318321943283081e-01
6.601765751838684082e-02
1.649270504713058472e-01
-1.957233436405658722e-02
-3.987956792116165161e-02
5.830141529440879822e-02
-9.057285636663436890e-02
-7.023464143276214600e-02
1.656157821416854858e-01
-6.516513973474502563e-02
4.153852909803390503e-02
