-1.277538090944290161e-01
-2.350043803453445435e-01
1.625698804855346680e-02
-5.303973704576492310e-02
-1.120671778917312622e-01
-3.700274601578712463e-02
-9.849939495325088501e-02
1.199843361973762512e-01
1.386201679706573486e-01
2.342492528259754181e-02
-2.526704370975494385e-01
-5.824947729706764221e-02
7.561849057674407959e-02
3.596004843711853027e-02
-2.564225718379020691e-02
1.216331943869590759e-01
-6.261522322893142700e-02
3.405017405748367310e-02
-1.109151840209960938e-01
-4.272443950176239014e-01
6.354530900716781616e-02
-9.657240658998489380e-02
-1.137001588940620422e-01
6.221147254109382629e-02
-1.254159659147262573e-01
-1.194662749767303467e-01
1.636600047349929810e-01
1.148982346057891846e-01
-3.100998885929584503e-02
3.221590816974639893e-02
1.496561914682388306e-01
-6.973880529403686523e-02
-3.311220183968544006e-02
-1.140510737895965576e-01
4.287851229310035706e-02
2.501001060009002686e-01
9.497299790382385254e-02
8.536846190690994263e-02
8.979332633316516876e-03
-3.066443605348467827e-03
9.968432039022445679e-02
4.858547076582908630e-02
-6.020395830273628235e-02
8.872582018375396729e-02
4.151821136474609375e-02
9.488800168037414551e-02
-1.328171044588088989e-02
4.146108031272888184e-02
9.301090985536575317e-02
1.656554788351058960e-01
-8.368582464754581451e-03
-1.208756268024444580e-01
1.401497572660446167e-01
-1.185580193996429443e-01
2.618037164211273193e-02
1.778395026922225952e-01
5.513753369450569153e-02
6.251975893974304199e-02
2.134821265935897827e-01
-9.356251358985900879e-02
7.344143092632293701e-02
-8.143534511327743530e-02
2.249024063348770142e-01
-3.269075416028499603e-03
2.003847155719995499e-03
3.793161828070878983e-03
-1.165884453803300858e-02
7.439331617206335068e-03
1.471671974286437035e-03
1.244048327207565308e-01
-3.087487444281578064e-02
-3.470997884869575500e-02
1.738583445549011230e-01
8.125172555446624756e-02
-1.857608258724212646e-01
-2.189365178346633911e-01
-4.169787466526031494e-02
1.067116111516952515e-01
2.763983607292175293e-02
-2.855315618216991425e-02
1.079347282648086548e-01
9.518067538738250732e-02
2.483356371521949768e-02
6.321389228105545044e-02
-1.342438459396362305e-01
1.179890036582946777e-01
-1.744408346712589264e-02
3.292615758255124092e-03
-4.729440808296203613e-02
-2.292242133989930153e-03
-1.339918822050094604e-01
-5.743554979562759399e-02
2.693213336169719696e-02
-5.765860434621572495e-03
-5.982558429241180420e-02
7.928352802991867065e-02
9.236960858106613159e-02
1.209808606654405594e-02
-6.061730533838272095e-02
-6.844818592071533203e-02
