2.517640404403209686e-02
-1.315667480230331421e-02
-1.598489843308925629e-02
1.733748167753219604e-01
1.677741259336471558e-01
8.934040367603302002e-02
4.126740992069244385e-02
7.882364839315414429e-02
1.414489597082138062e-01
1.888894438743591309e-01
6.136958673596382141e-02
2.240473963320255280e-02
9.381256997585296631e-03
2.442866191267967224e-02
-6.314567476511001587e-02
-9.927470237016677856e-03
-5.348360538482666016e-02
-9.138169139623641968e-02
9.505683928728103638e-02
-2.868901565670967102e-02
-1.637942194938659668e-01
-9.209010004997253418e-02
-4.213772714138031006e-02
-9.127742797136306763e-02
-7.745229452848434448e-02
1.393729299306869507e-01
-1.232797726988792419e-01
7.416480779647827148e-02
8.237949758768081665e-02
5.069989711046218872e-03
4.782915487885475159e-02
-6.291318684816360474e-02
7.459058891981840134e-03
-4.494054988026618958e-02
8.746977150440216064e-02
9.165254980325698853e-02
-7.437960803508758545e-02
2.188310921192169189e-01
1.980265974998474121e-02
8.441761136054992676e-02
-7.254226505756378174e-02
4.295471310615539551e-02
8.261534571647644043e-02
-1.000780165195465088e-01
-9.158859029412269592e-04
1.087857931852340698e-01
-5.641219392418861389e-02
1.544871926307678223e-01
5.232153087854385376e-02
4.491978883743286133e-02
-7.278726249933242798e-02
8.296798914670944214e-02
-6.771723181009292603e-02
8.816559612751007080e-02
-3.796006366610527039e-02
-1.618936844170093536e-02
3.191165253520011902e-02
-9.461183845996856689e-02
1.110465899109840393e-01
5.463596060872077942e-02
-1.015525013208389282e-01
-2.500817738473415375e-02
6.870569288730621338e-02
1.186935454607009888e-01
2.549195885658264160e-01
-8.162700384855270386e-02
-1.048539876937866211e-01
1.110972370952367783e-02
3.341982886195182800e-02
-4.454043507575988770e-02
1.047713309526443481e-02
-5.875247716903686523e-02
2.590119540691375732e-01
2.491033226251602173e-01
6.488487124443054199e-02
4.022888373583555222e-03
1.580023020505905151e-01
2.604956179857254028e-02
-4.848505835980176926e-03
-6.172966957092285156e-02
-2.035463228821754456e-02
7.698335498571395874e-02
1.364976167678833008e-01
-1.687209606170654297e-01
-1.329515427350997925e-01
2.484955266118049622e-02
2.432439029216766357e-01
1.968838274478912354e-01
1.322995424270629883e-01
-2.359188944101333618e-01
-8.282739669084548950e-02
3.474244847893714905e-02
-1.407873481512069702e-01
1.218994557857513428e-01
-8.623495697975158691e-02
-2.719792537391185760e-02
-1.056564226746559143e-01
1.901659369468688965e-01
8.960185945034027100e-02
9.028804488480091095e-03
