-1.013266444206237793e-01
2.364743500947952271e-01
7.397591322660446167e-02
-6.887230277061462402e-02
9.065706282854080200e-02
-9.025221318006515503e-02
1.103935092687606812e-01
1.226932927966117859e-01
1.833733543753623962e-02
-3.690498694777488708e-02
-6.517994403839111328e-02
6.479240953922271729e-02
-8.726473897695541382e-03
1.033834889531135559e-01
9.504272788763046265e-02
9.426265209913253784e-02
-3.942978754639625549e-02
-5.919112265110015869e-02
1.882367581129074097e-01
5.992658808827400208e-02
4.904001578688621521e-02
9.047737694345414639e-05
4.571708291769027710e-02
-9.861221909523010254e-02
2.802213840186595917e-02
-4.878453165292739868e-02
2.767382264137268066e-01
2.296411246061325073e-02
-8.132817596197128296e-02
1.068325415253639221e-01
1.405085772275924683e-01
4.368605092167854309e-02
2.485935240983963013e-01
-5.303616076707839966e-02
2.089542336761951447e-02
1.516514271497726440e-01
1.493325084447860718e-01
-8.505105972290039062e-02
8.759140223264694214e-02
-5.037609860301017761e-02
-1.950252242386341095e-02
1.209824308753013611e-01
-1.324919611215591431e-01
1.422416567802429199e-01
-5.419621989130973816e-02
3.079136833548545837e-03
-6.474744528532028198e-02
2.885739877820014954e-02
7.044792920351028442e-02
6.052169483155012131e-03
8.577084541320800781e-02
-8.872772753238677979e-02
-6.746470462530851364e-03
-4.059530794620513916e-02
-5.021824501454830170e-03
-3.901019692420959473e-03
4.281589016318321228e-02
1.510620675981044769e-02
-7.014209777116775513e-02
-7.585355639457702637e-02
6.367931514978408813e-02
1.072726398706436157e-02
-1.131472513079643250e-01
-3.823910653591156006e-02
-7.498017698526382446e-02
-4.254267737269401550e-02
-3.878193348646163940e-02
1.510991901159286499e-01
1.072211749851703644e-02
-1.838193647563457489e-02
4.628664255142211914e-02
-9.380212426185607910e-02
-2.123457640409469604e-01
-2.311529032886028290e-02
-9.188754111528396606e-02
1.183890402317047119e-01
-3.660648167133331299e-01
-1.260688453912734985e-01
3.042664937674999237e-02
5.454903934150934219e-03
-3.897490352392196655e-02
9.094631299376487732e-03
2.916987240314483643e-02
3.731941804289817810e-02
-4.236916452646255493e-02
-8.564331382513046265e-02
-5.879084765911102295e-02
-3.103457577526569366e-02
5.757421627640724182e-02
2.032636702060699463e-01
-8.456399291753768921e-02
-8.453439921140670776e-02
1.653326861560344696e-02
-2.829313836991786957e-02
2.267721891403198242e-01
-7.130923867225646973e-02
8.496110141277313232e-02
-1.863894984126091003e-02
-3.073840402066707611e-02
2.252694964408874512e-02
