-1.748113147914409637e-02
-2.441496774554252625e-02
-6.457903236150741577e-02
6.044382229447364807e-02
-1.043237075209617615e-01
-5.146323889493942261e-02
-3.383342176675796509e-02
1.021784096956253052e-01
8.060640655457973480e-03
1.849302276968955994e-02
-8.252201974391937256e-02
-8.321834728121757507e-03
-5.467187240719795227e-02
-1.598255825228989124e-03
1.615589261054992676e-01
-4.886112362146377563e-02
-1.074577197432518005e-01
4.512405395507812500e-02
-2.576310373842716217e-02
1.867148429155349731e-01
4.960477352142333984e-02
-1.529726386070251465e-01
-2.295415848493576050e-02
-3.953393548727035522e-02
-2.537447959184646606e-02
-3.414193913340568542e-02
-5.629147589206695557e-02
1.815423667430877686e-01
3.462293418124318123e-03
7.064868509769439697e-02
-6.140553206205368042e-02
4.243548214435577393e-02
-1.566129550337791443e-02
-1.029383987188339233e-01
1.715158484876155853e-02
1.240365281701087952e-01
1.670190095901489258e-01
-1.307110637426376343e-01
-8.942831307649612427e-03
-6.656866520643234253e-02
-1.310429871082305908e-01
9.686165302991867065e-02
-1.097065359354019165e-01
-6.040400266647338867e-02
4.626116529107093811e-02
4.429189860820770264e-02
-1.352639310061931610e-02
9.399865753948688507e-03
-6.814891099929809570e-02
9.016304463148117065e-02
7.005915790796279907e-02
9.752380847930908203e-02
8.958542346954345703e-02
-1.125335618853569031e-01
8.340748399496078491e-02
1.344375014305114746e-01
-6.127928569912910461e-02
-1.111558228731155396e-01
-3.725927695631980896e-02
-3.795019164681434631e-02
-8.438964933156967163e-02
5.023563653230667114e-02
1.005566418170928955e-01
7.336568087339401245e-02
-1.092061176896095276e-01
4.110237956047058105e-02
1.969303786754608154e-01
5.767256766557693481e-02
1.534171868115663528e-02
-1.408464163541793823e-01
-2.940974198281764984e-02
-6.980787031352519989e-03
3.220751881599426270e-02
1.375956088304519653e-01
-8.116877079010009766e-02
7.214477751404047012e-03
1.441003084182739258e-01
1.564606577157974243e-01
-2.829432301223278046e-02
-2.202094160020351410e-02
-3.689904883503913879e-02
-8.063319325447082520e-02
-1.013980954885482788e-01
-8.966433256864547729e-02
-2.976726554334163666e-02
-3.259201068431138992e-03
6.078223511576652527e-02
2.682038024067878723e-02
-2.004568576812744141e-01
2.288779318332672119e-01
9.904123842716217041e-02
-3.459886461496353149e-02
7.676797360181808472e-02
-5.597803741693496704e-02
-1.297423541545867920e-01
1.113657876849174500e-01
-2.419737167656421661e-02
1.505847722291946411e-01
-3.467716649174690247e-02
-7.014675438404083252e-02
