-3.392251208424568176e-02
-5.078592151403427124e-02
2.503407597541809082e-01
-4.074351117014884949e-02
9.680894203484058380e-03
-8.279601484537124634e-02
-7.016044110059738159e-02
-7.756069302558898926e-03
1.041249185800552368e-01
-3.035080619156360626e-02
1.131933927536010742e-01
-5.778969451785087585e-02
1.048834398388862610e-01
6.980693340301513672e-02
-1.922077238559722900e-01
4.250577837228775024e-02
9.541238099336624146e-02
3.097327239811420441e-02
-6.303001195192337036e-02
3.089031949639320374e-02
2.453719265758991241e-03
-1.808598637580871582e-01
2.137404493987560272e-02
-1.331541128456592560e-02
-2.073847800493240356e-01
-5.786583200097084045e-02
-1.000173017382621765e-02
-5.728717660531401634e-04
-1.177240759134292603e-01
2.369003742933273315e-02
-1.620320230722427368e-02
1.418918073177337646e-01
-1.126335840672254562e-02
-6.676376610994338989e-02
1.745554208755493164e-01
1.329097002744674683e-01
7.231824845075607300e-02
6.004264950752258301e-02
-2.604825049638748169e-02
-7.557615637779235840e-03
2.429142780601978302e-02
6.924535334110260010e-02
4.702246189117431641e-02
2.122411690652370453e-02
-2.776188962161540985e-02
-4.650659393519163132e-03
-9.688363969326019287e-02
2.187889516353607178e-01
2.218247950077056885e-01
-1.433326154947280884e-01
5.657017603516578674e-02
-1.246011182665824890e-01
1.746794879436492920e-01
-3.367424756288528442e-02
1.357348412275314331e-01
4.884508624672889709e-02
-1.019407138228416443e-01
-2.506175311282277107e-03
-1.648331284523010254e-01
1.584926545619964600e-01
8.930085599422454834e-02
-6.691736727952957153e-02
-1.494486071169376373e-02
1.216890886425971985e-01
-1.907898634672164917e-01
2.000581240281462669e-03
1.150769367814064026e-01
-1.568454802036285400e-01
-1.180869489908218384e-01
8.425604552030563354e-02
-1.572142839431762695e-01
-2.339364727959036827e-03
3.067752346396446228e-02
9.543723613023757935e-02
7.002826780080795288e-02
-1.753919422626495361e-01
-1.170798465609550476e-01
-1.311850547790527344e-01
3.949295356869697571e-02
-9.430614858865737915e-02
2.752803266048431396e-02
-1.358311623334884644e-01
1.368986368179321289e-01
-2.517992444336414337e-02
1.801165193319320679e-02
2.704605646431446075e-02
-4.151280038058757782e-03
2.840669080615043640e-02
8.462206274271011353e-02
1.207480654120445251e-01
7.230434566736221313e-02
-2.775266952812671661e-02
1.131641641259193420e-01
-1.729728877544403076e-01
-1.099649965763092041e-01
6.023576855659484863e-02
7.510188966989517212e-03
1.327196955680847168e-01
8.169559389352798462e-02
6.273156404495239258e-02
