-9.543595835566520691e-03
-1.748226135969161987e-01
5.941425450146198273e-03
1.105287298560142517e-02
-1.416535079479217529e-01
2.583603262901306152e-01
1.036999523639678955e-01
8.853783458471298218e-02
8.629553765058517456e-02
1.102493852376937866e-01
-4.745135456323623657e-02
-1.127314493060112000e-01
4.604316651821136475e-01
9.854599833488464355e-02
-9.429780393838882446e-02
1.028994694352149963e-01
-7.750932872295379639e-02
1.114240102469921112e-02
-2.733152918517589569e-02
-1.599544435739517212e-01
2.440002746880054474e-02
-1.002262011170387268e-01
-5.875673145055770874e-02
-6.471986323595046997e-02
-1.326133012771606445e-01
-4.853593558073043823e-02
2.452188730239868164e-02
-7.490205578505992889e-03
-4.694068804383277893e-02
-2.705306001007556915e-02
1.972307860851287842e-01
-9.894880652427673340e-02
-2.380603179335594177e-02
6.903529912233352661e-02
1.289253961294889450e-02
3.496475983411073685e-03
1.688676327466964722e-02
-1.205771882086992264e-02
-2.923546358942985535e-03
2.076590359210968018e-01
-6.060219928622245789e-02
2.162325195968151093e-02
-2.535078823566436768e-01
-2.597896195948123932e-02
2.638407051563262939e-02
-1.232292354106903076e-01
-5.478339269757270813e-02
-1.017652302980422974e-01
-9.916074573993682861e-02
1.624145172536373138e-02
-2.550094723701477051e-01
-4.429436847567558289e-02
-3.114880807697772980e-02
-1.532347798347473145e-01
-7.151798158884048462e-02
-8.472378365695476532e-03
-1.289194375276565552e-01
-6.709460169076919556e-02
-7.608251273632049561e-02
1.188085749745368958e-01
-5.887208133935928345e-02
-2.230476401746273041e-02
1.576176285743713379e-01
1.778525672852993011e-02
2.974387258291244507e-02
-2.141617536544799805e-01
1.821442395448684692e-01
-4.022036865353584290e-02
5.479850247502326965e-02
-4.305749014019966125e-02
-1.479290127754211426e-01
9.369860589504241943e-02
-9.355168044567108154e-02
1.137884557247161865e-01
2.153179794549942017e-01
2.218364328145980835e-01
-3.748884424567222595e-02
5.534453317523002625e-02
-9.415914118289947510e-02
1.221509724855422974e-01
-1.982611976563930511e-02
-2.117667198181152344e-01
-4.563697054982185364e-02
-5.951520521193742752e-03
-1.953487843275070190e-01
-1.568653881549835205e-01
-5.191746726632118225e-02
-1.356523782014846802e-01
3.051186166703701019e-02
6.101029459387063980e-03
-5.558394268155097961e-02
1.198857948184013367e-01
1.757616996765136719e-01
-9.526291489601135254e-02
2.975048683583736420e-02
3.550818189978599548e-02
-6.694820523262023926e-02
4.826064780354499817e-02
8.750370144844055176e-02
-6.094950065016746521e-02
