[1.         1.         1.         1.         1.         1.
 1.         1.         1.         1.         1.         1.
 1.         1.         1.         1.         1.         1.
 1.         1.         1.         0.99999999 1.         1.
 1.         0.99999999 0.99999998 0.99999984 0.99999689 0.99999639
 0.99999452 0.99995435 0.99996596 0.99998807 0.99998815 0.99997782
 0.99990938 0.97828913 0.99976191 0.99990479 0.99992009 0.99990386
 0.99985227 0.99972501 0.99940367 0.99856966 0.99647372 0.99145084
 0.97823156 0.93300734 0.77085199 0.67404576 0.73286437 0.74690826
 0.7826915  0.85019096 0.89183608 0.90101393 0.87380104 0.75333343
 0.61523359 0.88640822 0.96246913 0.98240945 0.98960185 0.99276086
 0.99428106 0.99497967 0.99515916 0.99489886 0.99412386 0.9925589
 0.98952378 0.98336406 0.97039538 0.94937156 0.94713609 0.96661959
 0.97997114 0.98666818]
