2.100437507033348083e-02
-3.762323409318923950e-02
5.519041791558265686e-02
-1.326604485511779785e-01
-1.347983330488204956e-01
-1.103103309869766235e-01
-6.193290278315544128e-02
-2.033001184463500977e-01
1.136608188971877098e-03
-7.018973678350448608e-02
1.027198508381843567e-01
2.517754435539245605e-01
2.017301619052886963e-01
7.660421729087829590e-02
8.486231416463851929e-02
-4.465360939502716064e-02
1.089291349053382874e-01
1.761192381381988525e-01
2.312365546822547913e-02
-7.293979823589324951e-02
-5.384155735373497009e-02
2.595329843461513519e-02
-6.494980305433273315e-02
-7.225327193737030029e-02
1.340053081512451172e-01
-8.614641427993774414e-02
-7.519858330488204956e-02
-6.178931146860122681e-02
-2.204651013016700745e-03
5.678600072860717773e-01
6.435260921716690063e-02
1.513654291629791260e-01
-8.120553195476531982e-02
1.264096349477767944e-01
1.908128559589385986e-01
8.785122074186801910e-03
1.322879791259765625e-01
4.219075664877891541e-02
-1.046587377786636353e-01
-6.768637895584106445e-02
-2.204044535756111145e-02
2.242896519601345062e-02
7.904204726219177246e-02
7.797223329544067383e-02
1.822016574442386627e-02
2.643450796604156494e-01
-9.072431921958923340e-02
-3.981913253664970398e-02
-1.386374384164810181e-01
9.223643690347671509e-02
2.573378980159759521e-01
9.810093790292739868e-02
-5.119696725159883499e-03
5.836492031812667847e-02
-7.740587741136550903e-02
-1.437153667211532593e-01
-9.355314075946807861e-02
-1.021054312586784363e-01
-4.744443669915199280e-02
-5.753379315137863159e-02
-2.055943608283996582e-01
1.689864248037338257e-01
-3.874134644865989685e-02
-7.218290865421295166e-02
2.616768516600131989e-02
-1.699789911508560181e-01
-9.467796981334686279e-02
3.638786077499389648e-02
9.867321699857711792e-02
2.361474931240081787e-01
-1.113748475909233093e-01
1.273071393370628357e-02
-1.906351372599601746e-02
-4.404013603925704956e-02
1.557413488626480103e-01
1.415117830038070679e-01
1.599200367927551270e-01
-6.326283514499664307e-02
8.865986764430999756e-02
1.975890807807445526e-02
1.699899584054946899e-01
-1.089265346527099609e-01
-2.847221121191978455e-02
-2.638728544116020203e-02
5.772891268134117126e-02
-1.943344175815582275e-01
1.579051464796066284e-01
-9.092807769775390625e-02
-9.701223671436309814e-02
1.534253126010298729e-03
3.718580678105354309e-02
4.321212321519851685e-02
8.549384772777557373e-02
-9.494710713624954224e-02
-2.374136634171009064e-02
-1.244419887661933899e-01
2.044835388660430908e-01
3.645014390349388123e-02
9.485937654972076416e-02
-2.312932908535003662e-01
1.818856596946716309e-02
1.207077428698539734e-01
-1.243718564510345459e-01
-1.191336736083030701e-01
3.337898477911949158e-02
9.332666546106338501e-02
-4.186331480741500854e-02
2.490547299385070801e-01
-1.298212539404630661e-02
2.251963317394256592e-02
2.860632538795471191e-02
-1.566304266452789307e-01
1.077889427542686462e-01
-1.635674983263015747e-01
8.174304664134979248e-02
2.510214783251285553e-02
9.423628449440002441e-02
7.360017299652099609e-02
6.089302524924278259e-02
1.890563368797302246e-01
-5.320231430232524872e-03
-2.173561006784439087e-01
4.534957930445671082e-02
-2.315526902675628662e-01
1.599413454532623291e-01
6.045016646385192871e-02
-2.112542688846588135e-01
3.846839070320129395e-02
-1.788731068372726440e-01
-8.710943162441253662e-02
1.731609106063842773e-01
7.048296928405761719e-02
2.169185429811477661e-01
2.931924462318420410e-01
2.946778759360313416e-02
-1.131580211222171783e-02
1.193259805440902710e-01
1.923902183771133423e-01
-1.478879945352673531e-03
-9.926080703735351562e-02
4.491201043128967285e-02
1.094742864370346069e-01
-1.237852871417999268e-01
3.482136130332946777e-02
6.510136276483535767e-02
-8.556786179542541504e-02
2.957427501678466797e-02
6.572798639535903931e-02
1.344117969274520874e-01
3.098479658365249634e-02
1.112699359655380249e-01
-3.401253744959831238e-02
6.946599483489990234e-02
2.279837280511856079e-01
2.288834936916828156e-02
3.645144402980804443e-02
-3.670894727110862732e-02
7.083884440362453461e-03
-5.070025473833084106e-02
-5.233229696750640869e-02
2.191633172333240509e-02
-1.427606642246246338e-01
-1.212337687611579895e-01
7.078237831592559814e-02
-1.290204077959060669e-01
-1.548563968390226364e-02
4.844966903328895569e-02
3.941557556390762329e-02
1.273768208920955658e-02
2.937529422342777252e-02
1.201794762164354324e-02
9.281784296035766602e-02
1.113146543502807617e-01
-6.949193775653839111e-02
3.151538968086242676e-02
1.793149299919605255e-02
1.000012680888175964e-01
-1.731082051992416382e-02
1.394008379429578781e-02
-8.647149056196212769e-02
1.245822012424468994e-01
1.457244306802749634e-01
4.301977902650833130e-02
-1.475881133228540421e-02
3.167683482170104980e-01
6.631535291671752930e-02
-1.407881677150726318e-01
9.265142679214477539e-02
-4.928230866789817810e-02
8.703634887933731079e-02
-5.709059908986091614e-02
-3.143835067749023438e-02
2.140307128429412842e-01
1.738659888505935669e-01
-6.088805571198463440e-02
-1.133195310831069946e-01
5.345190316438674927e-02
-3.488127887248992920e-02
2.225425690412521362e-01
-4.252434894442558289e-02
