5.808757990598678589e-02
5.105045437812805176e-02
-9.089681319892406464e-03
7.364918291568756104e-02
2.525547891855239868e-02
-7.796723395586013794e-02
-1.151363104581832886e-01
-1.303364634513854980e-01
7.817161828279495239e-02
4.672529548406600952e-02
-1.454015374183654785e-01
1.346129775047302246e-01
-2.651704847812652588e-02
-1.190669015049934387e-01
-7.037255913019180298e-02
-3.666143864393234253e-02
-4.635429009795188904e-02
-3.609383106231689453e-02
1.061846241354942322e-01
-8.136639744043350220e-02
-1.422597914934158325e-01
-2.476626932621002197e-01
2.373620681464672089e-02
-5.328111350536346436e-02
3.438376635313034058e-02
-4.198794811964035034e-02
1.062686294317245483e-01
-3.684673458337783813e-02
-4.382961988449096680e-02
1.312171518802642822e-01
1.060241833329200745e-01
-1.473105400800704956e-01
-1.713857986032962799e-02
3.943014144897460938e-02
-1.524848788976669312e-01
3.387594968080520630e-02
7.531601935625076294e-02
4.421158507466316223e-02
1.046444624662399292e-01
-5.607117712497711182e-02
5.137533321976661682e-02
-1.260126233100891113e-01
-2.310195006430149078e-03
-1.541512161493301392e-01
-5.301640182733535767e-02
1.209206879138946533e-01
-1.392531394958496094e-01
2.389547824859619141e-01
-3.103178553283214569e-02
-1.610881090164184570e-02
-1.100818440318107605e-01
2.991274297237396240e-01
-1.313803046941757202e-01
-9.920816123485565186e-02
8.246589452028274536e-02
-8.408339321613311768e-02
1.870432309806346893e-02
9.569057077169418335e-02
-1.850807964801788330e-01
4.110217094421386719e-03
-2.025241404771804810e-01
-8.119489997625350952e-02
6.141554936766624451e-02
-1.431965380907058716e-01
2.229459285736083984e-01
3.515036404132843018e-02
-1.110635101795196533e-01
-1.244292780756950378e-01
-1.377481222152709961e-01
1.183812618255615234e-01
-4.955668002367019653e-02
-1.163848564028739929e-01
-1.408071070909500122e-01
-3.022801247425377369e-04
1.322182714939117432e-01
1.379316151142120361e-01
-2.808582186698913574e-01
-1.107156574726104736e-01
-1.441409587860107422e-01
-9.320849180221557617e-02
-6.847175955772399902e-02
3.612069040536880493e-02
1.736329346895217896e-01
7.281292229890823364e-02
-7.645580172538757324e-02
-5.850176885724067688e-02
-7.267582416534423828e-02
1.747137904167175293e-01
-5.180452391505241394e-02
1.196482032537460327e-02
2.289335131645202637e-01
7.802904397249221802e-02
2.201552391052246094e-01
8.045939356088638306e-02
-1.794561296701431274e-01
4.344830289483070374e-02
-1.321287155151367188e-01
2.059100270271301270e-01
5.909034237265586853e-02
-3.543698787689208984e-02
-8.574900031089782715e-02
5.627966672182083130e-02
2.579276449978351593e-02
-2.290893942117691040e-01
7.709142565727233887e-02
-2.725669369101524353e-02
-1.280612647533416748e-01
1.083455681800842285e-01
-1.770808733999729156e-02
-9.892899543046951294e-03
2.591112628579139709e-02
-1.391518563032150269e-01
8.287163823843002319e-02
-2.514070644974708557e-02
3.894314542412757874e-02
-8.838488161563873291e-02
-7.216618210077285767e-02
4.818687215447425842e-02
5.418508779257535934e-03
-1.094669178128242493e-01
5.207848269492387772e-03
-9.317573904991149902e-02
2.384810335934162140e-02
-6.191400438547134399e-02
1.306291222572326660e-01
-4.591530561447143555e-02
-1.177702620625495911e-01
-1.031152978539466858e-01
1.375420987606048584e-01
-4.893936961889266968e-02
-2.900338768959045410e-01
2.061106264591217041e-01
9.733159095048904419e-02
-1.222087517380714417e-01
-5.733682587742805481e-02
7.548897713422775269e-02
-2.084544748067855835e-01
1.492553949356079102e-01
-4.521780461072921753e-02
-1.918055266141891479e-01
-1.892555207014083862e-01
-4.981070291250944138e-03
-6.111870333552360535e-02
1.380572939524427056e-04
-9.663793444633483887e-02
-1.614595204591751099e-01
-1.129371151328086853e-01
2.454020641744136810e-02
1.286983937025070190e-01
-3.710958734154701233e-02
-8.566024154424667358e-02
-4.520467296242713928e-02
2.594661898910999298e-02
7.579805701971054077e-02
-5.775684490799903870e-02
-5.507720634341239929e-03
7.402343302965164185e-02
-1.332393288612365723e-01
1.015520989894866943e-01
-5.839015170931816101e-02
-6.150005385279655457e-02
-1.205825135111808777e-01
3.280587121844291687e-02
1.494302004575729370e-01
4.745412617921829224e-02
1.044313684105873108e-01
-2.305074967443943024e-02
2.115278132259845734e-02
1.731103472411632538e-02
-3.914130851626396179e-02
4.404599964618682861e-02
-8.016034960746765137e-02
-7.797114551067352295e-02
9.775537252426147461e-02
-4.184029996395111084e-02
1.309439539909362793e-02
2.114362828433513641e-02
3.428496886044740677e-03
5.598108691629022360e-05
3.091336414217948914e-02
1.266757212579250336e-02
7.997854053974151611e-02
-3.460036590695381165e-02
-1.471923738718032837e-01
4.525005444884300232e-02
-2.495558559894561768e-02
-2.967091090977191925e-02
-7.742398977279663086e-02
-2.160697802901268005e-02
2.171501331031322479e-02
1.747313328087329865e-02
-5.268435925245285034e-02
-2.646347694098949432e-02
-1.189338695257902145e-02
-1.507815569639205933e-01
-5.802998691797256470e-02
1.842544376850128174e-01
-2.448430657386779785e-01
-4.729015380144119263e-02
7.626300305128097534e-02
