-1.116776689887046814e-01
-6.870207190513610840e-02
5.855860188603401184e-02
-2.577158436179161072e-02
9.488069918006658554e-04
1.949863880872726440e-01
2.333568222820758820e-02
4.257427901029586792e-02
-1.068251058459281921e-01
3.176635876297950745e-02
-3.045135177671909332e-03
-1.752385944128036499e-01
2.294645458459854126e-02
2.170356214046478271e-01
-3.907520323991775513e-02
-2.018689215183258057e-01
-7.183063775300979614e-02
1.875405013561248779e-02
-3.023442998528480530e-02
1.332270354032516479e-01
-7.616610080003738403e-02
-5.241587013006210327e-02
-1.284608431160449982e-02
1.715561896562576294e-01
-5.000580102205276489e-02
4.572974145412445068e-02
1.177026852965354919e-01
4.429135471582412720e-02
-8.745623379945755005e-02
2.067068777978420258e-02
3.313341736793518066e-01
-1.159602254629135132e-01
6.504296511411666870e-02
-7.744492590427398682e-02
1.445209830999374390e-01
-2.155368775129318237e-01
-9.251327253878116608e-03
3.011515364050865173e-03
1.018882691860198975e-01
-6.299138069152832031e-02
1.142723411321640015e-01
-5.223249644041061401e-02
-7.925698161125183105e-02
2.454834803938865662e-02
-1.463027894496917725e-01
-9.735813736915588379e-02
-2.957547307014465332e-01
-2.816257998347282410e-02
2.948112487792968750e-01
-1.907027512788772583e-01
-2.152673155069351196e-01
-8.316074311733245850e-02
4.574161767959594727e-02
9.777385275810956955e-04
4.464887827634811401e-02
-9.252554923295974731e-02
5.444753915071487427e-02
-1.178720444440841675e-01
-4.446216300129890442e-02
1.834030076861381531e-02
4.040984064340591431e-02
-1.988440454006195068e-01
2.178081423044204712e-01
-4.152424335479736328e-01
-5.832579731941223145e-02
-5.071816965937614441e-02
5.836864188313484192e-02
1.293686479330062866e-01
3.382379934191703796e-02
-1.196362972259521484e-01
6.016574054956436157e-02
1.157320961356163025e-01
5.167078226804733276e-02
-1.672961115837097168e-01
-9.730114042758941650e-02
1.660954020917415619e-02
2.112128585577011108e-01
-6.684271991252899170e-02
-4.689247347414493561e-03
5.348988994956016541e-02
-1.197920087724924088e-02
1.893250793218612671e-01
-2.568922645878046751e-04
-1.433719843626022339e-01
1.007499545812606812e-01
-2.457504719495773315e-02
-4.664700012654066086e-03
1.357273310422897339e-01
-8.165269345045089722e-02
-9.842877835035324097e-02
-7.675679773092269897e-02
-5.938623100519180298e-02
-7.948861271142959595e-02
-1.778925061225891113e-01
-1.094491630792617798e-01
-2.303114347159862518e-02
-3.218100965023040771e-02
5.811671167612075806e-02
2.183976816013455391e-03
7.455017417669296265e-02
-2.467374317348003387e-02
1.145814359188079834e-01
2.842568419873714447e-02
-1.045975089073181152e-01
4.636334627866744995e-02
-2.023135721683502197e-01
9.140670299530029297e-02
-9.397118538618087769e-02
-8.262144029140472412e-02
1.173418387770652771e-02
-1.615650951862335205e-01
-1.078987494111061096e-01
-1.018626913428306580e-01
1.503794733434915543e-02
-2.539941295981407166e-02
-3.140027448534965515e-02
-1.283010095357894897e-01
1.523054242134094238e-01
-1.821479052305221558e-01
1.400348991155624390e-01
-5.440518260002136230e-03
1.642223596572875977e-01
-3.122545033693313599e-02
1.429965253919363022e-02
1.098641427233815193e-03
3.666520118713378906e-02
-2.102527394890785217e-02
-8.878652751445770264e-02
6.103269010782241821e-02
6.447181850671768188e-02
3.123319521546363831e-02
-3.686603158712387085e-02
1.618288084864616394e-02
-5.581072531640529633e-03
-4.163314402103424072e-02
-1.493356674909591675e-01
-1.263155639171600342e-01
1.002341955900192261e-01
2.115746438503265381e-01
1.111232414841651917e-01
-8.140270411968231201e-02
5.650072172284126282e-02
-1.168189942836761475e-02
1.386288553476333618e-01
6.895174831151962280e-02
-9.072639979422092438e-03
1.206922531127929688e-01
1.365427821874618530e-01
1.051882654428482056e-01
1.640843003988265991e-01
-3.424273431301116943e-02
2.667489089071750641e-02
-2.785302884876728058e-02
-1.512659788131713867e-01
-3.259816020727157593e-02
-7.699405401945114136e-02
-5.263476073741912842e-02
-9.621261805295944214e-02
1.240927726030349731e-01
7.810509949922561646e-02
-1.212701424956321716e-01
1.510524302721023560e-01
-2.124964725226163864e-03
-3.547168895602226257e-02
2.465775609016418457e-02
-1.258622556924819946e-01
-4.142805561423301697e-02
-1.065426971763372421e-02
7.731436192989349365e-02
-2.870132587850093842e-02
1.187686226330697536e-03
-9.975905716419219971e-02
-1.414867788553237915e-01
1.799059808254241943e-01
-4.246151074767112732e-02
9.698995389044284821e-03
-1.607847213745117188e-02
-2.706307545304298401e-02
-1.232840493321418762e-01
-2.445152550935745239e-01
-1.132728159427642822e-01
-7.052247226238250732e-02
-8.414930105209350586e-02
1.756118983030319214e-01
-1.314890682697296143e-01
-4.587054625153541565e-02
-2.521182224154472351e-02
-2.008412219583988190e-02
-1.595732383430004120e-02
-8.032978512346744537e-03
-1.828840561211109161e-02
1.065165996551513672e-01
-7.589506357908248901e-02
4.885116964578628540e-02
-1.408925652503967285e-01
-2.244283407926559448e-01
1.064503118395805359e-01
-6.425700336694717407e-02
8.900024741888046265e-02
-2.342226505279541016e-01
