-6.690912693738937378e-02
9.027869999408721924e-02
1.469964161515235901e-02
1.120984703302383423e-01
1.079787388443946838e-01
7.128853350877761841e-03
-8.625766262412071228e-03
3.614663332700729370e-02
2.354016341269016266e-02
-4.816692322492599487e-02
-1.674978435039520264e-01
1.659393496811389923e-02
3.491200879216194153e-02
-1.059322431683540344e-01
1.465502101927995682e-02
-1.368576735258102417e-01
-1.042362302541732788e-01
5.977553501725196838e-02
2.666963078081607819e-02
1.360007468611001968e-02
1.334138661623001099e-01
-1.255331039428710938e-01
1.313321013003587723e-02
7.443283498287200928e-02
3.568274155259132385e-02
-2.041647396981716156e-02
-7.275088131427764893e-02
6.635230779647827148e-02
3.612966462969779968e-02
-1.938808560371398926e-01
-2.558975853025913239e-02
1.161130294203758240e-01
-1.309913545846939087e-01
2.439396083354949951e-02
3.448311612010002136e-02
3.890511021018028259e-02
5.724364891648292542e-02
3.942366316914558411e-02
-2.015119977295398712e-02
-1.711944490671157837e-02
1.288139820098876953e-01
5.357946455478668213e-02
-8.581678383052349091e-03
4.746498540043830872e-02
1.349599808454513550e-01
1.264899820089340210e-01
9.786716103553771973e-02
1.141327098011970520e-01
-1.217404827475547791e-01
1.903239637613296509e-01
7.675990462303161621e-02
1.204290091991424561e-01
4.822332784533500671e-02
1.391117572784423828e-01
-1.426694076508283615e-02
1.141983047127723694e-01
1.658333241939544678e-01
1.606451719999313354e-01
7.931441813707351685e-02
2.229238115251064301e-02
5.301487073302268982e-02
6.667974591255187988e-02
-4.960220679640769958e-02
1.854112837463617325e-03
2.124281674623489380e-01
6.492815911769866943e-02
-1.805687509477138519e-02
-3.573023155331611633e-02
1.591047644615173340e-02
-3.858124092221260071e-02
-6.556440144777297974e-02
1.050155833363533020e-01
5.796538293361663818e-02
4.083309322595596313e-02
4.711886122822761536e-02
-2.730540186166763306e-02
6.631784886121749878e-02
-2.020625211298465729e-02
1.540178954601287842e-01
-6.329152733087539673e-02
6.594680249691009521e-02
1.767511516809463501e-01
-8.286429941654205322e-02
-8.167318254709243774e-02
6.771960854530334473e-02
6.406916677951812744e-02
3.355820477008819580e-02
1.886890619061887264e-03
-8.336296677589416504e-02
1.162941306829452515e-01
-4.970108624547719955e-03
-3.379340749233961105e-03
1.540267169475555420e-01
4.329768195748329163e-02
-1.304039359092712402e-01
2.282457426190376282e-02
-3.523811697959899902e-02
-8.649962395429611206e-02
1.649028999963775277e-04
-8.467858284711837769e-02
-6.086447462439537048e-02
-7.884137332439422607e-02
-4.480411298573017120e-03
4.969125986099243164e-02
-1.342803891748189926e-02
3.369955345988273621e-03
2.580330334603786469e-02
2.476143185049295425e-03
-1.349616348743438721e-01
-1.947499066591262817e-02
-7.995483279228210449e-02
6.680778414011001587e-02
2.115997485816478729e-02
1.558223217725753784e-01
8.483906090259552002e-02
9.638380259275436401e-02
-1.882899552583694458e-02
-3.045534901320934296e-02
2.703301608562469482e-02
4.714921116828918457e-02
