-1.299892086535692215e-02
-1.294521689414978027e-01
-3.606877103447914124e-02
-1.417074203491210938e-01
-6.353189051151275635e-02
-1.413580626249313354e-01
2.407607436180114746e-01
-1.848456114530563354e-01
-1.172465831041336060e-01
1.693052649497985840e-01
-1.022701989859342575e-02
-1.426040530204772949e-01
-1.124399825930595398e-01
-3.565292060375213623e-02
-1.737502068281173706e-01
5.895287729799747467e-03
8.064739406108856201e-02
1.153865680098533630e-01
-1.767798662185668945e-01
8.420196920633316040e-02
3.619390353560447693e-02
-1.847489327192306519e-01
-7.510401308536529541e-02
1.699744164943695068e-01
1.086629852652549744e-01
-7.028946280479431152e-02
-1.335144042968750000e-01
-1.118510290980339050e-01
-1.137083768844604492e-01
1.519006043672561646e-01
-8.894673734903335571e-02
-1.695943064987659454e-02
-1.268687695264816284e-01
-1.867932528257369995e-01
7.784093171358108521e-02
1.943806558847427368e-01
-1.244467645883560181e-01
-2.073854953050613403e-01
-9.122224152088165283e-02
1.774707436561584473e-01
-2.758637964725494385e-01
2.095180600881576538e-01
1.666238307952880859e-01
3.211246803402900696e-02
-7.393609732389450073e-02
1.996237486600875854e-01
-1.823616474866867065e-01
-1.905375719070434570e-01
4.158229753375053406e-02
-1.565312445163726807e-01
-1.106486842036247253e-01
-2.210611701011657715e-01
1.429049372673034668e-01
2.021098434925079346e-01
2.221909612417221069e-01
-6.463973969221115112e-02
-1.573925912380218506e-01
-1.123755723237991333e-01
3.211488574743270874e-02
5.767694860696792603e-02
9.981641778722405434e-04
1.845611957833170891e-03
-2.453909963369369507e-01
1.718035526573657990e-02
-2.768518961966037750e-02
4.401662573218345642e-02
1.133562922477722168e-01
4.395455121994018555e-02
6.134328618645668030e-02
-1.185043752193450928e-01
-1.923901438713073730e-01
-6.073645874857902527e-02
-1.666231453418731689e-01
6.363522261381149292e-02
3.779545798897743225e-02
1.231691315770149231e-01
-1.694298237562179565e-01
1.205879598855972290e-01
-8.832587301731109619e-02
-1.771848052740097046e-01
-1.510973721742630005e-01
8.500353991985321045e-02
-2.681924402713775635e-01
-8.745113387703895569e-03
-1.506048291921615601e-01
-9.676647186279296875e-02
-1.401754617691040039e-01
-1.682529412209987640e-02
1.413336843252182007e-01
2.327007055282592773e-01
2.496912628412246704e-01
-1.232922449707984924e-01
-2.067915201187133789e-01
9.664661437273025513e-02
-2.696057967841625214e-02
-8.723495900630950928e-02
-2.027021497488021851e-01
-1.449709087610244751e-01
2.006084024906158447e-01
-1.540177166461944580e-01
-1.514329481869935989e-02
6.600021570920944214e-02
-4.984701052308082581e-02
-1.592235714197158813e-01
-7.601637393236160278e-02
-8.499427139759063721e-02
2.380826473236083984e-01
-5.802696943283081055e-02
-2.320990413427352905e-01
2.240547090768814087e-01
-1.295495033264160156e-01
2.256154082715511322e-02
2.129598706960678101e-01
-1.695793867111206055e-01
-1.757941842079162598e-01
-2.397181391716003418e-01
-2.113606184720993042e-01
-1.476280838251113892e-01
-1.169731095433235168e-01
-3.560191020369529724e-02
-4.700999334454536438e-02
-9.380844235420227051e-02
-2.221313677728176117e-02
-4.976775497198104858e-02
-1.138918101787567139e-02
