-1.137992218136787415e-01
9.528596699237823486e-02
-1.083205491304397583e-01
-8.882921934127807617e-02
-7.984268665313720703e-02
4.036812111735343933e-02
-8.746533840894699097e-02
3.008794039487838745e-02
-9.459415078163146973e-02
1.148390304297208786e-02
2.797026932239532471e-02
-4.716454818844795227e-02
3.632735460996627808e-02
-1.014811859931796789e-04
1.778798252344131470e-01
1.691447049379348755e-01
1.238107457756996155e-01
2.399826794862747192e-02
-8.207388222217559814e-02
-9.221590310335159302e-02
-2.319605797529220581e-01
1.080041825771331787e-01
2.476543039083480835e-01
9.558801352977752686e-02
-4.633288457989692688e-02
1.977398805320262909e-02
6.822267174720764160e-02
1.049727434292435646e-03
1.507621072232723236e-02
-2.836659252643585205e-01
-2.180730700492858887e-01
7.163218222558498383e-03
-1.204413026571273804e-01
-1.299286931753158569e-01
1.046999543905258179e-01
2.258824557065963745e-01
1.975826323032379150e-01
1.182275936007499695e-01
-1.378195732831954956e-01
3.718564053997397423e-03
1.038463227450847626e-02
-6.600029021501541138e-02
-1.172128915786743164e-01
-1.301544904708862305e-01
-1.206855848431587219e-02
-7.709649205207824707e-02
-2.025846857577562332e-03
-4.923309013247489929e-02
-4.698017984628677368e-02
1.872636228799819946e-01
6.243729591369628906e-02
-2.111929506063461304e-01
-3.937862068414688110e-02
-8.218858391046524048e-02
1.190772131085395813e-01
4.825723916292190552e-02
7.344236969947814941e-02
-1.160224005579948425e-01
1.523936092853546143e-01
1.683715581893920898e-01
2.724310457706451416e-01
-1.169944331049919128e-01
-1.057453751564025879e-01
1.950643360614776611e-01
-2.366118282079696655e-01
-7.966568320989608765e-02
-1.722578853368759155e-01
7.593404501676559448e-02
2.101417183876037598e-01
-1.211006566882133484e-01
3.986886143684387207e-02
5.169926583766937256e-02
-1.350203715264797211e-02
1.067780703306198120e-01
3.711599409580230713e-01
-1.212141010910272598e-02
1.100285202264785767e-01
4.766833409667015076e-02
4.476086422801017761e-02
1.432606130838394165e-01
-6.357591599225997925e-02
-1.823841631412506104e-01
1.610243767499923706e-01
-2.173053920269012451e-01
4.171784967184066772e-02
-2.130288332700729370e-01
1.433678567409515381e-01
6.065000221133232117e-02
-3.048976324498653412e-02
2.194595895707607269e-02
8.218246698379516602e-02
7.600425928831100464e-02
1.111631616950035095e-01
-7.596209645271301270e-02
1.044741198420524597e-01
-6.175836548209190369e-03
-1.383262425661087036e-01
2.561849951744079590e-01
7.292351871728897095e-02
1.262612342834472656e-01
1.312708854675292969e-01
-3.054671175777912140e-02
3.087891265749931335e-02
9.740429371595382690e-02
1.045546531677246094e-01
1.318281292915344238e-01
-1.068478152155876160e-01
4.911732301115989685e-02
2.867568433284759521e-01
-1.616171449422836304e-01
6.551124900579452515e-02
2.856136672198772430e-02
1.599067747592926025e-01
-1.659995466470718384e-01
-8.491372317075729370e-02
6.555449217557907104e-02
-5.913875997066497803e-02
-2.581359446048736572e-01
1.674642562866210938e-01
1.347735971212387085e-01
-4.426796734333038330e-02
-2.400207147002220154e-02
2.050757408142089844e-01
-4.325014352798461914e-02
-6.904595345258712769e-02
