1.638306770473718643e-03
5.547440424561500549e-02
1.206191256642341614e-01
1.476684659719467163e-01
-2.271752655506134033e-01
5.902267992496490479e-02
-7.702481001615524292e-02
1.309365928173065186e-01
-2.373968362808227539e-01
-6.907997280359268188e-02
-1.678924411535263062e-01
-2.117273956537246704e-02
2.957843840122222900e-01
1.446604132652282715e-01
-3.351963683962821960e-02
5.626884289085865021e-03
1.317243874073028564e-01
4.526161402463912964e-02
1.898629516363143921e-01
1.569649726152420044e-01
1.196298375725746155e-01
3.458701446652412415e-02
2.938669361174106598e-02
-4.737286828458309174e-03
6.537406146526336670e-02
5.880902707576751709e-02
1.403518766164779663e-01
-9.510097652673721313e-02
9.031996130943298340e-03
-9.173462167382240295e-03
-1.059038341045379639e-01
-8.384660631418228149e-02
7.197677344083786011e-02
2.151622921228408813e-01
-8.170808851718902588e-02
-1.143586114048957825e-01
-3.955763205885887146e-02
-2.510150708258152008e-02
5.153689533472061157e-02
1.487976759672164917e-01
8.343397825956344604e-02
6.714157643727958202e-04
1.451049596071243286e-01
3.501532971858978271e-02
8.376404643058776855e-02
2.708189189434051514e-02
8.239450305700302124e-02
-8.539766818284988403e-02
1.552375853061676025e-01
3.087691590189933777e-02
6.997556239366531372e-02
4.832230973988771439e-03
-1.392689645290374756e-01
2.027579993009567261e-01
1.256321519613265991e-01
2.330257296562194824e-01
5.206177383661270142e-02
1.262383535504341125e-02
-4.652919247746467590e-02
-1.120292693376541138e-01
-9.677149355411529541e-03
7.540244609117507935e-02
3.088245689868927002e-01
-6.465136539191007614e-03
1.622683256864547729e-01
5.808256939053535461e-02
-1.637490093708038330e-02
2.360181659460067749e-01
1.317482888698577881e-01
-2.072191983461380005e-02
-9.227643162012100220e-02
-3.210030123591423035e-02
6.368130445480346680e-02
-4.854228347539901733e-02
-7.370901107788085938e-02
8.557932078838348389e-02
-2.057791650295257568e-01
1.022237353026866913e-02
8.632751554250717163e-02
-3.477341309189796448e-02
-3.724789619445800781e-02
2.627864778041839600e-01
6.064636632800102234e-02
-2.213564366102218628e-01
1.307857483625411987e-01
2.546520233154296875e-01
4.787112399935722351e-02
-1.001127716153860092e-02
-2.100372463464736938e-01
5.352965742349624634e-02
2.967749536037445068e-01
8.239875733852386475e-02
-1.187344714999198914e-01
1.515088230371475220e-01
1.687014698982238770e-01
-1.040542870759963989e-01
-6.355223804712295532e-02
2.649902403354644775e-01
2.061620354652404785e-01
-1.043812111020088196e-01
-1.141252368688583374e-02
2.200108952820301056e-02
-1.341053247451782227e-01
2.522702217102050781e-01
2.827091515064239502e-01
5.805465206503868103e-02
2.113501541316509247e-02
2.673194706439971924e-01
-7.760173082351684570e-02
-1.526666730642318726e-01
-8.209181576967239380e-02
-2.107786759734153748e-02
2.916697785258293152e-02
2.672225832939147949e-01
2.429428510367870331e-03
-3.125893650576472282e-03
2.014914155006408691e-01
-5.883927922695875168e-03
-1.405923068523406982e-01
2.004961520433425903e-01
1.858848631381988525e-01
8.543629944324493408e-02
6.381739675998687744e-02
1.616740077733993530e-01
4.962129145860671997e-02
