2.963738739490509033e-01
2.735150419175624847e-02
-8.503558486700057983e-02
4.348451737314462662e-03
1.969614438712596893e-02
1.851768344640731812e-01
1.750863492488861084e-01
-2.432290837168693542e-02
1.626235097646713257e-01
2.955163121223449707e-01
1.294581592082977295e-01
-1.160006672143936157e-01
-9.362036734819412231e-02
3.437486588954925537e-01
3.558087348937988281e-01
-8.183659613132476807e-02
1.672469675540924072e-01
5.450146645307540894e-02
-2.133642882108688354e-02
-4.020803794264793396e-02
-1.392588950693607330e-02
2.440130114555358887e-01
-3.787343576550483704e-02
1.406563632190227509e-02
5.735109001398086548e-02
6.396926194429397583e-02
1.327364612370729446e-02
2.822903692722320557e-01
-2.093812823295593262e-02
8.106876909732818604e-02
1.526311635971069336e-01
-9.388332068920135498e-02
-1.279772222042083740e-01
1.933619379997253418e-01
5.887757986783981323e-02
2.315474897623062134e-01
-5.782789364457130432e-02
5.015609040856361389e-02
8.453393355011940002e-03
2.085563689470291138e-01
-3.262456506490707397e-02
3.114009201526641846e-01
-1.265680976212024689e-02
-1.622171327471733093e-02
2.082006633281707764e-01
1.366014927625656128e-01
-1.934064668603241444e-03
5.348680168390274048e-02
-2.584778368473052979e-01
-2.326511032879352570e-02
8.576872199773788452e-02
5.498928949236869812e-02
-1.171772778034210205e-01
3.020237982273101807e-01
2.158211320638656616e-01
7.066884636878967285e-02
-1.552954465150833130e-01
5.767806246876716614e-02
-5.056548118591308594e-02
1.918787956237792969e-01
-1.300894320011138916e-01
2.416586726903915405e-01
1.987917423248291016e-01
-3.183616558089852333e-03
9.658870287239551544e-03
-9.554401785135269165e-02
7.035516202449798584e-02
1.555204838514328003e-01
-8.217812329530715942e-02
7.812539488077163696e-02
2.087208256125450134e-02
-1.029469668865203857e-01
-1.163213104009628296e-01
-3.630194067955017090e-02
5.301367118954658508e-02
-3.870127256959676743e-03
2.525550723075866699e-01
2.462339848279953003e-01
1.486994326114654541e-01
-2.973506972193717957e-02
3.269837498664855957e-01
3.840268850326538086e-01
-1.122778058052062988e-01
3.029804825782775879e-01
2.422995865345001221e-01
1.252940893173217773e-01
1.458606570959091187e-01
1.253044754266738892e-01
3.352379798889160156e-02
-1.462885290384292603e-01
2.170700430870056152e-01
4.856827855110168457e-02
1.303962022066116333e-01
3.741111233830451965e-02
-1.616375334560871124e-02
3.183200582861900330e-02
9.672836959362030029e-02
1.299426108598709106e-01
-3.759352862834930420e-02
4.570419713854789734e-02
3.573251068592071533e-01
-7.216236740350723267e-02
-8.676180988550186157e-02
1.738374680280685425e-01
3.540556728839874268e-01
1.146064475178718567e-01
-2.400394380092620850e-01
1.144481524825096130e-01
-5.342299118638038635e-02
2.945281565189361572e-01
2.621106244623661041e-02
2.723569273948669434e-01
-6.663733720779418945e-02
-3.323133289813995361e-02
1.583338230848312378e-01
-1.371094305068254471e-02
1.974430978298187256e-01
-8.875758945941925049e-02
1.067380830645561218e-01
4.211337491869926453e-02
2.255343794822692871e-01
9.459576755762100220e-02
9.367848187685012817e-02
-1.404291540384292603e-01
2.958480715751647949e-01
