2.139486819505691528e-01
1.748013496398925781e-01
3.052005767822265625e-01
1.697685122489929199e-01
1.703457236289978027e-01
2.380467951297760010e-01
3.014102876186370850e-01
1.860938817262649536e-01
1.053575500845909119e-01
1.374479830265045166e-01
2.577932178974151611e-01
1.836778521537780762e-01
2.848429679870605469e-01
3.982766345143318176e-02
2.041601538658142090e-01
5.095899477601051331e-02
5.997671186923980713e-02
2.571575045585632324e-01
1.858076304197311401e-01
2.208984047174453735e-01
3.454509377479553223e-01
3.004361093044281006e-01
8.975286781787872314e-02
2.352627515792846680e-01
1.510349512100219727e-01
2.295151650905609131e-01
1.060661897063255310e-01
3.145783841609954834e-01
3.092116713523864746e-01
1.615234650671482086e-02
2.260309904813766479e-01
2.225243002176284790e-01
2.437529265880584717e-01
2.677073180675506592e-01
1.204554513096809387e-01
1.726084500551223755e-01
1.709067970514297485e-01
2.519126534461975098e-01
3.108831942081451416e-01
2.012704908847808838e-01
2.487781047821044922e-01
2.348942905664443970e-01
2.411704063415527344e-01
3.401815593242645264e-01
2.323140949010848999e-01
2.313235998153686523e-01
2.422756850719451904e-01
2.571710646152496338e-01
1.461263895034790039e-01
2.069005519151687622e-01
2.801304161548614502e-01
2.472857087850570679e-01
4.465226233005523682e-01
2.547441124916076660e-01
1.721184849739074707e-01
3.019236028194427490e-01
2.523697316646575928e-01
2.987344264984130859e-01
3.229094147682189941e-01
1.858099848031997681e-01
1.660935431718826294e-01
2.947624921798706055e-01
1.416382640600204468e-01
4.097452759742736816e-01
1.427668184041976929e-01
1.654705256223678589e-01
1.521752178668975830e-01
1.875139623880386353e-01
8.953724801540374756e-02
8.705773204565048218e-02
2.147270143032073975e-01
1.442123502492904663e-01
1.549888998270034790e-01
3.414068818092346191e-01
1.518129110336303711e-01
2.722480595111846924e-01
1.853840649127960205e-01
2.523004412651062012e-01
3.411629498004913330e-01
2.190093547105789185e-01
1.230056285858154297e-01
3.635842502117156982e-01
1.467965096235275269e-01
3.007915019989013672e-01
2.188503295183181763e-01
1.957263052463531494e-01
2.355364859104156494e-01
2.070211470127105713e-01
2.927309274673461914e-01
1.795852631330490112e-01
1.404265761375427246e-01
8.658966422080993652e-02
1.026278734207153320e-01
2.859883308410644531e-01
2.764523923397064209e-01
1.359215080738067627e-01
2.837823033332824707e-01
2.433753162622451782e-01
2.326926589012145996e-01
2.131370007991790771e-01
1.889549791812896729e-01
1.583496779203414917e-01
3.335450887680053711e-01
3.695642650127410889e-01
2.973650991916656494e-01
1.795799881219863892e-01
3.148367106914520264e-01
2.231950908899307251e-01
1.476191282272338867e-01
3.024843633174896240e-01
1.478025019168853760e-01
6.076362356543540955e-02
1.274829059839248657e-01
1.108375787734985352e-01
1.868830919265747070e-01
1.733392030000686646e-01
2.755574882030487061e-01
7.748510688543319702e-02
2.585523426532745361e-01
2.606393694877624512e-01
1.678496301174163818e-01
2.729877829551696777e-01
1.846618056297302246e-01
3.639094531536102295e-01
1.267476230859756470e-01
1.866310238838195801e-01
8.613502234220504761e-02
2.460896968841552734e-01
3.350186049938201904e-01
1.232180222868919373e-01
3.748981058597564697e-01
1.029716655611991882e-01
1.690780073404312134e-01
1.958285570144653320e-01
1.572934836149215698e-01
2.812056839466094971e-01
2.542334198951721191e-01
1.902240663766860962e-01
2.741746604442596436e-01
2.727710306644439697e-01
1.767973601818084717e-01
1.281904578208923340e-01
1.068163141608238220e-01
1.444330960512161255e-01
1.137443780899047852e-01
1.520224660634994507e-01
2.490400671958923340e-01
9.072871506214141846e-02
2.345847785472869873e-01
1.497437804937362671e-01
1.762410700321197510e-01
3.646028637886047363e-01
2.266606241464614868e-01
2.371661812067031860e-01
1.884445846080780029e-01
1.295375823974609375e-01
2.486527860164642334e-01
2.893708646297454834e-01
1.920895129442214966e-01
1.653280705213546753e-01
2.912280559539794922e-01
1.622956693172454834e-01
2.881965339183807373e-01
1.921780705451965332e-01
1.234179586172103882e-01
3.419641554355621338e-01
1.096749156713485718e-01
1.746543347835540771e-01
-2.995238266885280609e-02
2.420479506254196167e-01
1.910539865493774414e-01
1.421452462673187256e-01
3.066069483757019043e-01
2.503456473350524902e-01
1.326308399438858032e-01
1.950698792934417725e-01
3.077957332134246826e-01
1.705317795276641846e-01
2.432236969470977783e-01
1.451955735683441162e-01
1.012138798832893372e-01
1.770945638418197632e-01
2.267334908246994019e-01
3.741666376590728760e-01
1.707463711500167847e-01
5.299504846334457397e-02
2.857990264892578125e-01
2.447957992553710938e-01
2.973926365375518799e-01
1.767425835132598877e-01
8.522412180900573730e-02
2.373869121074676514e-01
3.651890158653259277e-02
1.352654397487640381e-01
1.532275080680847168e-01
2.022068947553634644e-01
2.163777798414230347e-01
2.119329869747161865e-01
2.231135219335556030e-01
3.360870182514190674e-01
1.295820027589797974e-01
