-8.298641443252563477e-02
-4.024241864681243896e-02
-2.062092162668704987e-02
7.542315870523452759e-02
4.804122727364301682e-03
-1.181495711207389832e-01
-1.574821621179580688e-01
3.071799315512180328e-02
-1.621238440275192261e-01
-6.661467999219894409e-02
1.768745929002761841e-01
6.080697290599346161e-03
7.802746724337339401e-03
1.790831834077835083e-01
-1.058487221598625183e-01
-1.234117429703474045e-02
2.176363021135330200e-02
5.295267701148986816e-02
6.626285146921873093e-03
1.468631066381931305e-02
8.154534548521041870e-02
-2.908001840114593506e-02
7.380433380603790283e-02
-1.052777692675590515e-01
6.500085443258285522e-02
1.081333309412002563e-01
5.950025469064712524e-02
6.680396944284439087e-02
1.590808033943176270e-01
1.797121912240982056e-01
-2.803737856447696686e-02
-2.674275264143943787e-02
-7.025805860757827759e-02
-6.252570450305938721e-02
1.380770355463027954e-01
-2.850838378071784973e-02
-7.707038894295692444e-03
4.108057171106338501e-02
8.791523426771163940e-02
8.409821242094039917e-02
6.536669284105300903e-02
4.524446278810501099e-02
-1.131957024335861206e-01
-2.433875203132629395e-01
-4.212438128888607025e-03
-4.748655855655670166e-02
6.183462217450141907e-03
1.671178042888641357e-01
-3.237665165215730667e-03
3.394467383623123169e-02
-2.027512900531291962e-02
-3.730269894003868103e-02
-5.529433861374855042e-02
4.924814775586128235e-02
1.159580051898956299e-01
7.370056211948394775e-02
6.429159641265869141e-02
1.469852328300476074e-01
-7.324772886931896210e-03
-6.132794171571731567e-02
1.272758394479751587e-01
9.060773998498916626e-02
-1.212639808654785156e-01
4.147851839661598206e-02
-1.106099560856819153e-01
8.217329531908035278e-02
1.571558043360710144e-02
-6.059003644622862339e-04
1.037562415003776550e-01
-2.508516795933246613e-02
1.472095102071762085e-01
-2.308525890111923218e-02
-1.149142757058143616e-01
-8.718669414520263672e-02
-4.758371785283088684e-02
-1.055648624897003174e-01
1.677389740943908691e-01
-2.798613533377647400e-02
1.440839320421218872e-01
-1.554835289716720581e-01
-1.840104907751083374e-01
-1.159107312560081482e-01
1.759660802781581879e-02
-5.115126073360443115e-02
3.781688213348388672e-02
6.996315717697143555e-02
5.165728181600570679e-02
-1.048937588930130005e-01
6.715515255928039551e-02
-1.494577154517173767e-02
-4.532769322395324707e-02
1.024287864565849304e-01
-1.339319348335266113e-01
-2.070951163768768311e-01
6.184307485818862915e-02
4.450450092554092407e-02
4.841101914644241333e-02
1.095123812556266785e-01
1.208784505724906921e-01
-2.585302293300628662e-02
