1.658929437398910522e-01
-6.247188150882720947e-02
-1.553835719823837280e-01
1.526483241468667984e-02
-4.765961319208145142e-02
8.242662996053695679e-02
1.455562263727188110e-01
-7.809080928564071655e-02
4.425468668341636658e-02
2.175139635801315308e-01
2.414965769276022911e-03
1.552927643060684204e-01
2.879056334495544434e-01
3.109434247016906738e-02
5.593826249241828918e-02
8.084189146757125854e-03
3.115508519113063812e-02
-8.415754139423370361e-02
2.576607167720794678e-01
-1.207921095192432404e-02
3.106331638991832733e-02
-6.226012110710144043e-02
4.247525706887245178e-02
-2.299281954765319824e-01
4.328338429331779480e-02
1.629304289817810059e-01
-1.210678592324256897e-01
-4.029752314090728760e-02
-1.186532229185104370e-01
-1.605021357536315918e-01
-4.495375230908393860e-02
-4.306160286068916321e-02
-1.020130217075347900e-01
-1.829943247139453888e-02
1.676531732082366943e-01
-1.283629685640335083e-01
-8.035238087177276611e-02
1.555649340152740479e-01
1.720328927040100098e-01
-2.235372364521026611e-02
6.115977838635444641e-02
1.630406379699707031e-01
4.256884753704071045e-02
6.352125108242034912e-02
2.954590693116188049e-02
2.220997959375381470e-02
3.806423023343086243e-02
1.551784574985504150e-01
-1.340892165899276733e-01
4.287956655025482178e-02
1.439333409070968628e-01
-4.156812280416488647e-02
1.579077094793319702e-01
-4.564457759261131287e-02
1.410964280366897583e-01
2.069163173437118530e-01
-7.128845155239105225e-02
1.703865528106689453e-01
-6.019641086459159851e-02
1.261851042509078979e-01
9.293586760759353638e-02
1.068790480494499207e-01
2.685641050338745117e-01
-1.580986976623535156e-01
-7.680385559797286987e-02
-1.013261526823043823e-01
-7.978695631027221680e-02
3.040055185556411743e-02
-8.953480422496795654e-02
1.612169593572616577e-01
-2.154508419334888458e-02
-5.961963534355163574e-02
1.976359784603118896e-01
1.747990548610687256e-01
-1.558731030672788620e-02
-7.243831455707550049e-02
1.503410935401916504e-01
2.676253765821456909e-02
8.581972122192382812e-02
-5.725290253758430481e-02
1.084290966391563416e-01
1.686529815196990967e-02
1.009698733687400818e-01
1.190850734710693359e-01
1.268995106220245361e-01
-1.541556864976882935e-01
7.243185490369796753e-02
-1.505417050793766975e-03
1.085943263024091721e-02
-8.124606311321258545e-02
-9.511078149080276489e-02
3.895191475749015808e-02
-2.532265484333038330e-01
-5.734336003661155701e-02
1.172321885824203491e-01
-4.623272269964218140e-02
1.159350201487541199e-01
7.324902713298797607e-02
7.225334644317626953e-02
8.131093531847000122e-02
