-1.842769831418991089e-01
-5.972077324986457825e-02
-1.570769399404525757e-02
7.446810603141784668e-02
2.720664739608764648e-01
-5.064384266734123230e-02
2.265173941850662231e-01
-4.168839380145072937e-02
1.511553525924682617e-01
1.283376365900039673e-01
4.558626096695661545e-03
-2.072415798902511597e-01
1.047852188348770142e-01
-4.615346714854240417e-02
-1.257670521736145020e-01
7.824705541133880615e-02
1.528670191764831543e-01
-1.115605235099792480e-01
-3.037023916840553284e-02
8.947346359491348267e-02
-2.554993033409118652e-01
7.473437488079071045e-02
4.554365575313568115e-02
1.668432801961898804e-01
-3.335700929164886475e-02
-8.074241131544113159e-02
5.428680777549743652e-02
1.204501315951347351e-01
-7.914230227470397949e-02
6.712497770786285400e-02
1.427216976881027222e-01
-1.106818467378616333e-01
2.224372178316116333e-01
-1.945265084505081177e-01
-2.580916881561279297e-02
-1.586617319844663143e-03
6.421461701393127441e-02
2.717005610466003418e-01
3.271210491657257080e-01
1.232688352465629578e-01
1.098474189639091492e-01
-2.651654370129108429e-02
1.534686386585235596e-01
-1.137577742338180542e-02
3.512676572427153587e-03
2.156555093824863434e-02
-8.359009027481079102e-02
1.240839660167694092e-01
-4.938453808426856995e-02
3.278589993715286255e-02
-2.423202991485595703e-01
9.931999258697032928e-03
-6.557077914476394653e-02
1.345699094235897064e-02
-7.959518581628799438e-02
1.035532057285308838e-01
-1.046989932656288147e-01
-2.127454578876495361e-01
1.571583598852157593e-01
-1.587678641080856323e-01
6.520719826221466064e-02
-1.722046285867691040e-01
1.077124699950218201e-01
7.670467346906661987e-02
-2.313138097524642944e-01
-3.233036398887634277e-02
-8.997037261724472046e-02
-1.060851067304611206e-01
6.296428292989730835e-02
-6.423981487751007080e-02
4.196773841977119446e-02
-1.499274931848049164e-02
-1.314274519681930542e-01
-1.299418061971664429e-01
1.081911399960517883e-01
4.464412108063697815e-02
5.033383890986442566e-02
2.421386353671550751e-02
-1.029003411531448364e-01
-5.934995412826538086e-02
-1.489249318838119507e-01
7.532735168933868408e-02
-1.517326086759567261e-01
9.611884504556655884e-02
3.538971766829490662e-02
6.497377157211303711e-02
-1.082784235477447510e-01
2.368551641702651978e-01
-4.101164638996124268e-02
-1.182771474123001099e-01
2.630428969860076904e-01
1.027811765670776367e-01
2.108978293836116791e-02
1.349758473224937916e-03
-1.555962413549423218e-01
1.721380800008773804e-01
7.645009458065032959e-02
-8.674097806215286255e-02
2.117396891117095947e-01
2.297237329185009003e-02
