3.476979583501815796e-02
1.229842305183410645e-01
-1.434785127639770508e-01
4.082688689231872559e-02
6.172353029251098633e-02
1.848117262125015259e-02
1.367255151271820068e-01
3.034895956516265869e-01
-2.038685604929924011e-02
1.938877254724502563e-01
2.299456596374511719e-01
3.333051130175590515e-02
-5.824775621294975281e-02
1.847543716430664062e-01
-2.028680965304374695e-02
1.666930690407752991e-02
-6.424214690923690796e-02
1.062143221497535706e-01
-2.314499020576477051e-01
5.426628515124320984e-02
9.896043688058853149e-02
-5.252737551927566528e-02
6.949227303266525269e-02
-8.612313121557235718e-02
-7.264141738414764404e-02
-2.512349188327789307e-01
7.144303619861602783e-02
-1.199538335204124451e-01
2.917578816413879395e-01
5.487758666276931763e-02
-1.871092170476913452e-01
-2.709305286407470703e-02
4.207973182201385498e-02
-1.402536593377590179e-02
1.003633067011833191e-01
-1.110477596521377563e-01
-1.883620396256446838e-02
1.408922225236892700e-01
5.294177681207656860e-02
7.119367271661758423e-02
-1.238504126667976379e-01
9.806536138057708740e-02
-1.143089160323143005e-01
-2.168404161930084229e-01
1.923980936408042908e-02
6.567270308732986450e-02
2.430153936147689819e-01
1.502436101436614990e-01
-1.949577964842319489e-02
4.141916334629058838e-02
2.528378367424011230e-01
-2.583961486816406250e-01
8.581405133008956909e-02
-1.176091507077217102e-01
-1.558475662022829056e-02
8.397426456212997437e-02
1.334651410579681396e-01
-1.969128288328647614e-02
1.578662544488906860e-02
2.116032689809799194e-01
1.256810873746871948e-01
-7.029175013303756714e-02
1.013799011707305908e-01
-1.211134716868400574e-01
-3.908808901906013489e-02
8.936521410942077637e-02
-1.769817434251308441e-02
-3.420894965529441833e-02
3.045000135898590088e-01
1.177809610962867737e-01
1.604464799165725708e-01
2.661810219287872314e-01
-5.797350779175758362e-02
-5.374880041927099228e-03
-2.809310331940650940e-02
1.605250686407089233e-02
1.143623292446136475e-01
3.929172828793525696e-02
1.015907600522041321e-01
-2.389620058238506317e-02
2.403770983219146729e-01
-5.519167333841323853e-02
1.136432737112045288e-01
1.424645539373159409e-02
1.517343148589134216e-02
1.367332786321640015e-01
6.613019853830337524e-02
7.860817760229110718e-02
5.411018058657646179e-02
2.834582142531871796e-02
5.705834180116653442e-02
1.270612329244613647e-01
5.649776384234428406e-02
1.297194361686706543e-01
4.182402789592742920e-01
-8.646935224533081055e-02
1.096779257059097290e-01
-2.056760787963867188e-01
6.909731030464172363e-02
4.411302134394645691e-02
