-8.620806038379669189e-02
1.119584869593381882e-02
1.557229924947023392e-02
2.130730301141738892e-01
2.249149791896343231e-02
1.074709668755531311e-01
2.747972682118415833e-02
-1.127836555242538452e-01
6.006240844726562500e-02
-1.839550770819187164e-02
-6.007318384945392609e-03
6.717162579298019409e-02
-2.124692499637603760e-02
-1.410264521837234497e-01
-4.288502037525177002e-02
1.809513717889785767e-01
1.341077387332916260e-01
-9.244815260171890259e-02
-1.227405667304992676e-01
-1.267726272344589233e-01
5.977190285921096802e-02
7.135616987943649292e-02
-2.467063963413238525e-01
2.453582286834716797e-01
-1.051184758543968201e-01
9.155210107564926147e-02
-9.482252597808837891e-02
-1.789659559726715088e-01
-1.010474786162376404e-01
-1.420182287693023682e-01
1.288242340087890625e-01
-4.150370508432388306e-02
4.546204209327697754e-02
2.751246467232704163e-02
-4.821293056011199951e-02
-1.052571088075637817e-01
-3.689159825444221497e-02
-1.634645857848227024e-03
4.535058513283729553e-02
-3.277024626731872559e-02
1.552829444408416748e-01
-5.815569311380386353e-02
-1.998591609299182892e-02
-2.210774570703506470e-01
2.773285470902919769e-02
3.790732473134994507e-02
1.785422265529632568e-01
-1.794104725122451782e-01
8.466944098472595215e-03
-1.617317833006381989e-02
-1.031900048255920410e-01
1.333925127983093262e-01
1.168531030416488647e-01
1.779964566230773926e-01
7.009845227003097534e-02
9.454551339149475098e-02
9.714770317077636719e-02
-6.981208175420761108e-02
2.776551246643066406e-01
1.275137513875961304e-01
-1.657954044640064240e-02
1.607078313827514648e-01
-7.005693763494491577e-02
9.917049109935760498e-02
6.321671605110168457e-02
5.144314840435981750e-02
-6.009623035788536072e-02
6.307269632816314697e-02
-2.010098397731781006e-01
1.044956818222999573e-01
2.738493978977203369e-01
-3.815810978412628174e-01
-7.875421084463596344e-03
-9.558113664388656616e-02
-1.875858455896377563e-01
-1.561458595097064972e-02
-4.277034476399421692e-02
-1.274057030677795410e-01
-1.257551759481430054e-01
9.314695745706558228e-02
-3.673201799392700195e-02
8.860585838556289673e-02
3.369079530239105225e-02
4.922411963343620300e-02
5.059858039021492004e-02
-1.447984725236892700e-01
7.342661917209625244e-02
1.361992061138153076e-01
5.597168579697608948e-02
-9.423492848873138428e-02
-6.941775977611541748e-02
-5.153121426701545715e-02
-7.494432479143142700e-02
-1.199408899992704391e-02
-9.053099900484085083e-02
1.150410249829292297e-01
3.870393708348274231e-02
1.734496057033538818e-01
-4.935963451862335205e-02
1.566693335771560669e-01
