1.097261235117912292e-01
-3.321861103177070618e-02
5.633312091231346130e-02
-3.039731830358505249e-02
-1.518483310937881470e-01
2.553119137883186340e-02
5.709267780184745789e-02
-1.719121262431144714e-02
-1.397340446710586548e-01
-8.078619837760925293e-02
-4.173052683472633362e-02
1.761496663093566895e-01
-2.939781174063682556e-02
-1.163172572851181030e-01
-3.436527401208877563e-02
2.059020996093750000e-01
-9.945783764123916626e-03
4.521983861923217773e-02
-1.236840859055519104e-01
-1.493956893682479858e-01
-3.806291148066520691e-02
4.514532908797264099e-02
-4.751113057136535645e-02
3.299061208963394165e-02
-6.917334161698818207e-03
-1.134890690445899963e-01
-1.436122953891754150e-01
-5.068053677678108215e-02
-7.458473090082406998e-03
4.790169000625610352e-02
1.117513030767440796e-01
-1.331824343651533127e-02
8.966743201017379761e-02
-1.899616271257400513e-01
-1.837678104639053345e-01
-4.141609184443950653e-03
4.799823090434074402e-02
-2.240330129861831665e-01
4.477034136652946472e-02
5.832411721348762512e-02
-8.647552877664566040e-02
-1.801754534244537354e-01
-6.417097896337509155e-02
-2.017603665590286255e-01
-1.605178862810134888e-01
-5.165487900376319885e-02
6.164347752928733826e-02
-1.770376265048980713e-01
-5.009581148624420166e-02
-9.079595329239964485e-04
-1.417919248342514038e-01
-2.157001197338104248e-01
-2.173359990119934082e-01
-1.604144275188446045e-01
5.302906036376953125e-02
-5.725129321217536926e-02
-1.039797514677047729e-01
1.348630636930465698e-01
-1.314565837383270264e-01
-2.051975950598716736e-02
-7.791974395513534546e-02
-1.885403692722320557e-01
1.797697879374027252e-02
7.293493300676345825e-02
-8.977882564067840576e-02
-8.430406451225280762e-02
-3.796898722648620605e-01
-7.603967189788818359e-02
-7.945050299167633057e-02
-1.653452217578887939e-01
-1.513127386569976807e-01
-5.497653409838676453e-02
-1.825523674488067627e-01
-1.060467585921287537e-01
-1.116407811641693115e-01
-1.027938723564147949e-01
1.311179436743259430e-02
7.337921857833862305e-02
1.773941703140735626e-02
1.480980515480041504e-01
2.651383355259895325e-02
-2.080006897449493408e-01
-8.057662099599838257e-02
6.283818185329437256e-02
-2.675735950469970703e-01
-5.705413222312927246e-02
-3.558273613452911377e-02
-1.108134984970092773e-01
-8.061489462852478027e-02
-1.878484338521957397e-01
-4.052187204360961914e-01
-6.533952057361602783e-02
1.383199989795684814e-01
-7.171252369880676270e-02
-3.034782111644744873e-01
-6.098042428493499756e-02
3.309265524148941040e-02
-2.384980916976928711e-01
-1.289286185055971146e-02
1.949934102594852448e-02
