-3.441454470157623291e-02
2.356874048709869385e-01
-1.089947372674942017e-01
-4.740582406520843506e-02
-4.687815159559249878e-02
2.461297251284122467e-02
-4.142092540860176086e-02
-2.955371141433715820e-02
-7.280804216861724854e-03
-3.836408490315079689e-03
-7.425753027200698853e-02
2.955570444464683533e-02
-8.621652424335479736e-02
3.515610471367835999e-02
-3.496395889669656754e-03
-2.515267767012119293e-02
-1.705838590860366821e-01
1.911031454801559448e-01
-6.934331357479095459e-02
-4.348846897482872009e-02
9.302219003438949585e-02
6.246254965662956238e-02
2.171281278133392334e-01
-2.088763006031513214e-02
-4.820716008543968201e-02
4.157413262873888016e-03
2.016909569501876831e-01
1.133928969502449036e-01
1.777204312384128571e-02
-5.096419528126716614e-02
-4.735750332474708557e-02
1.825910061597824097e-02
-8.998090773820877075e-02
7.054241746664047241e-02
-1.381695270538330078e-01
1.190639939159154892e-02
1.575876772403717041e-01
1.325338929891586304e-01
-1.083198785781860352e-01
5.303842015564441681e-03
5.482059344649314880e-02
8.029802143573760986e-02
2.192050516605377197e-01
-1.255810856819152832e-01
4.172907769680023193e-02
-4.374053701758384705e-02
5.729645490646362305e-02
-1.167286261916160583e-01
-5.179793760180473328e-02
1.329492926597595215e-01
-3.300685435533523560e-02
1.581195890903472900e-01
2.314269542694091797e-01
8.605485409498214722e-02
-3.722531720995903015e-02
2.972809039056301117e-02
-1.675388664007186890e-01
4.984369128942489624e-02
6.990736722946166992e-02
4.112500231713056564e-03
1.668594032526016235e-01
2.638606913387775421e-02
1.100410521030426025e-01
5.205632001161575317e-02
1.276418715715408325e-01
-1.862546056509017944e-01
-4.855592548847198486e-02
1.030370593070983887e-01
-2.777444012463092804e-02
1.230031475424766541e-01
2.410354651510715485e-02
4.541103169322013855e-02
-2.038601785898208618e-01
1.020264904946088791e-02
-7.335396111011505127e-02
-1.422976404428482056e-01
5.697369575500488281e-02
-1.605180501937866211e-01
-3.902880847454071045e-02
-1.954147368669509888e-01
-6.618528068065643311e-02
-9.147521853446960449e-02
-7.569118868559598923e-03
1.091871410608291626e-01
-2.571830153465270996e-01
3.992280364036560059e-02
-1.249051839113235474e-01
-4.874698072671890259e-02
1.502019613981246948e-01
5.288791283965110779e-02
6.604639440774917603e-02
8.934280276298522949e-02
-1.658107154071331024e-02
9.345421940088272095e-02
1.735483109951019287e-01
1.188175752758979797e-01
7.534158974885940552e-02
-8.260521292686462402e-02
-8.437279611825942993e-02
7.629497349262237549e-02
