1.213076263666152954e-01
-1.990749537944793701e-01
-4.355168715119361877e-02
-1.709170192480087280e-01
-8.701001852750778198e-02
1.114820595830678940e-02
-9.644879028201103210e-03
9.667141735553741455e-02
2.116478979587554932e-01
1.201653257012367249e-01
2.338151074945926666e-02
-8.100035786628723145e-02
-7.290107011795043945e-02
-4.719330742955207825e-02
-1.531449854373931885e-01
-5.136770755052566528e-02
1.611415147781372070e-01
-9.592114947736263275e-03
1.164284124970436096e-01
-1.940227597951889038e-01
-1.411729902029037476e-01
2.459899708628654480e-02
3.109363093972206116e-02
1.329368352890014648e-01
-6.539918482303619385e-02
-1.447043120861053467e-01
4.182882606983184814e-02
6.910637021064758301e-02
1.188779845833778381e-01
-2.134220302104949951e-02
1.460104435682296753e-01
1.174590811133384705e-01
3.228422254323959351e-02
-9.801220893859863281e-02
-1.350333839654922485e-01
-8.576460927724838257e-02
-8.715556561946868896e-02
-2.752615883946418762e-02
-1.999960979446768761e-03
4.255948215723037720e-02
-1.138256024569272995e-02
-2.166326157748699188e-02
-1.237641796469688416e-01
-1.143733635544776917e-01
-7.061947137117385864e-02
1.416275948286056519e-01
5.318309739232063293e-02
1.170517951250076294e-01
-1.850009262561798096e-01
-1.048094555735588074e-01
4.715280607342720032e-02
-1.557700634002685547e-01
7.788655906915664673e-02
9.827366471290588379e-02
8.963172137737274170e-02
7.118856906890869141e-02
-4.071043431758880615e-02
9.115391224622726440e-02
5.396332219243049622e-02
4.787027835845947266e-02
6.512041389942169189e-02
1.686973422765731812e-01
-2.116235941648483276e-01
6.197821348905563354e-02
8.492707461118698120e-02
2.707956135272979736e-01
2.396507710218429565e-01
-4.861480090767145157e-03
1.592447459697723389e-01
1.446565240621566772e-01
-4.596382007002830505e-02
6.879052519798278809e-02
-4.499223083257675171e-02
1.049275510013103485e-02
1.540341973304748535e-01
-9.466642886400222778e-02
1.170492097735404968e-01
9.174857288599014282e-02
-1.464098691940307617e-01
1.258275061845779419e-01
-2.725851349532604218e-02
-8.570900559425354004e-02
2.788808941841125488e-02
2.099288254976272583e-02
-1.236095186322927475e-02
2.609638962894678116e-03
-3.879760205745697021e-02
-3.750857710838317871e-02
5.883048474788665771e-02
5.276690423488616943e-02
-1.080828905105590820e-01
-7.139027118682861328e-02
-4.000088572502136230e-02
-5.117081105709075928e-02
-4.524239804595708847e-03
2.525628544390201569e-02
1.229458972811698914e-01
-1.031470373272895813e-01
1.418216675519943237e-01
1.432751566171646118e-01
