4.438691586256027222e-02
8.419061452150344849e-02
3.639319166541099548e-02
-1.249578297138214111e-01
-2.871654741466045380e-02
-6.370676308870315552e-02
2.783350646495819092e-02
1.156936958432197571e-01
1.718033403158187866e-01
3.030197322368621826e-01
-7.189913094043731689e-02
-2.297537028789520264e-02
1.460124701261520386e-01
-1.183564141392707825e-01
2.270738768856972456e-04
4.122441262006759644e-02
1.334530264139175415e-01
3.635329008102416992e-02
-9.422207623720169067e-02
9.823492728173732758e-03
-8.957382291555404663e-02
4.792867403011769056e-04
-4.219413921236991882e-02
-1.108694821596145630e-01
-1.747836023569107056e-01
1.572279492393136024e-03
-4.395967349410057068e-02
8.167804777622222900e-02
6.522759050130844116e-02
1.418498307466506958e-01
-1.574994772672653198e-01
5.406024307012557983e-02
7.294337451457977295e-02
3.165154904127120972e-02
1.160158663988113403e-01
1.816296875476837158e-01
-1.030456200242042542e-01
8.469890058040618896e-02
-1.400511115789413452e-01
-9.582186117768287659e-03
-7.228022068738937378e-02
1.552191078662872314e-01
1.022141203284263611e-01
-1.836660690605640411e-02
1.517141610383987427e-01
-2.776517719030380249e-02
8.890821784734725952e-02
-1.037559881806373596e-01
-2.008854597806930542e-02
2.604831568896770477e-02
2.547126114368438721e-01
-2.269060118123888969e-03
4.079001769423484802e-02
-2.406142801046371460e-01
1.671733334660530090e-02
3.375425562262535095e-02
5.855511501431465149e-02
8.783347159624099731e-02
-1.084322035312652588e-01
-6.607057154178619385e-02
1.849980503320693970e-01
2.058222889900207520e-02
1.203137040138244629e-01
2.147870883345603943e-02
3.015077440068125725e-03
4.080935195088386536e-02
2.062795907258987427e-01
1.108651165850460529e-03
5.858328938484191895e-02
-1.682893633842468262e-01
-6.128748133778572083e-02
-4.230739921331405640e-02
-2.049451917409896851e-01
2.281359769403934479e-02
1.102435495704412460e-02
-1.781865209341049194e-01
2.469665370881557465e-02
-7.760142534971237183e-02
-1.035993220284581184e-03
1.250674389302730560e-02
-1.378394812345504761e-01
-1.519960761070251465e-01
-1.509769558906555176e-01
-1.009319648146629333e-01
-1.270675063133239746e-01
1.013731118291616440e-02
-1.426223963499069214e-01
-8.317518979310989380e-02
3.704591840505599976e-02
4.560558870434761047e-02
-1.452048122882843018e-01
-2.825996093451976776e-02
-1.784028299152851105e-02
2.500848770141601562e-01
-1.956182904541492462e-02
-6.164722517132759094e-02
8.131574094295501709e-02
-2.106899321079254150e-01
5.949674546718597412e-02
-4.455114901065826416e-02
