-7.870283722877502441e-02
1.589669436216354370e-01
8.115829527378082275e-02
5.912514775991439819e-02
1.514686197042465210e-01
4.620908759534358978e-03
-6.594303995370864868e-02
6.363180000334978104e-03
9.123436361551284790e-02
8.391521126031875610e-02
-2.764647267758846283e-02
-1.256049424409866333e-01
1.478527784347534180e-01
-1.204399541020393372e-01
3.478639572858810425e-02
8.703674189746379852e-03
-1.148992553353309631e-01
-1.003025658428668976e-02
5.043746531009674072e-02
1.210131943225860596e-01
6.429269909858703613e-02
9.290602058172225952e-02
-1.341205388307571411e-01
-7.203977089375257492e-03
2.465385794639587402e-01
-4.185169935226440430e-02
8.981249481439590454e-02
2.032181620597839355e-01
-2.535526156425476074e-01
-2.661490142345428467e-01
-6.930013746023178101e-02
1.796295791864395142e-01
7.944721728563308716e-02
-1.374837607145309448e-01
-8.542171865701675415e-02
9.369403123855590820e-03
-2.905297093093395233e-02
-6.857374310493469238e-02
-1.595525890588760376e-01
3.505073860287666321e-02
-1.228021830320358276e-02
2.439351007342338562e-02
1.179460585117340088e-01
-1.915643215179443359e-01
-6.766102463006973267e-02
-4.939011111855506897e-02
1.438528597354888916e-01
-1.190597563982009888e-01
1.782550513744354248e-01
-1.343382745981216431e-01
3.031652867794036865e-01
-1.324783563613891602e-01
4.485730454325675964e-02
-1.201119720935821533e-01
-8.994944393634796143e-02
-1.766024380922317505e-01
-5.137092992663383484e-02
-1.680845208466053009e-02
2.919519878923892975e-02
-1.740165948867797852e-01
1.230444386601448059e-01
-3.541861101984977722e-02
4.269167035818099976e-02
2.423022687435150146e-02
1.444932818412780762e-01
1.969905570149421692e-02
-1.453479677438735962e-01
-7.417869567871093750e-02
-4.296633601188659668e-02
4.579619318246841431e-02
1.007227599620819092e-01
1.819324344396591187e-01
4.317038878798484802e-02
2.294550091028213501e-01
-1.922797411680221558e-01
1.962201297283172607e-02
3.656900301575660706e-02
1.147203817963600159e-01
9.347843378782272339e-02
1.470119059085845947e-01
-1.128146126866340637e-01
4.356478530098684132e-05
-3.805505111813545227e-02
-2.523636445403099060e-02
1.108863800764083862e-01
5.312728881835937500e-02
-6.182922422885894775e-02
-1.027498841285705566e-01
-5.806315317749977112e-02
-3.740623593330383301e-02
2.491569817066192627e-01
2.839553169906139374e-03
-6.631487049162387848e-03
4.725338146090507507e-02
-1.657591462135314941e-01
4.179698973894119263e-02
6.935002282261848450e-03
1.203262880444526672e-01
1.876372545957565308e-01
1.956313103437423706e-01
