-2.633622474968433380e-02
-1.314018480479717255e-02
-6.275319308042526245e-02
-1.626992672681808472e-01
-9.049207717180252075e-02
1.454243361949920654e-01
2.140593826770782471e-01
-3.384476155042648315e-02
1.644245833158493042e-01
3.124275943264365196e-03
-1.162323635071516037e-02
2.607872188091278076e-01
1.241912990808486938e-01
1.054184064269065857e-01
-5.067471414804458618e-02
-2.207603305578231812e-02
-9.610059112310409546e-02
2.135703116655349731e-01
4.322478547692298889e-03
-1.133283376693725586e-01
-6.766147166490554810e-02
-4.390650428831577301e-03
-1.173974201083183289e-01
-2.062398493289947510e-01
1.429603248834609985e-02
1.822338551282882690e-01
-4.292745608836412430e-03
1.217284724116325378e-01
-5.671321880072355270e-03
-1.692317239940166473e-02
1.137969493865966797e-01
1.906928420066833496e-01
-5.895991995930671692e-02
-2.665753960609436035e-01
9.797029197216033936e-02
9.542506933212280273e-02
1.267965584993362427e-01
1.565018147230148315e-01
3.686462715268135071e-02
-2.237599343061447144e-02
6.470119953155517578e-02
-1.260153297334909439e-02
-2.659978531301021576e-02
-1.964705437421798706e-02
-1.030475925654172897e-02
-8.572787791490554810e-02
4.200642928481101990e-02
1.698131114244461060e-01
-1.073902919888496399e-01
1.042230799794197083e-01
-4.384490475058555603e-02
1.550850123167037964e-01
-2.617877908051013947e-02
-8.263206481933593750e-02
1.623072922229766846e-01
-6.866148859262466431e-02
5.394546315073966980e-02
-7.575602736324071884e-03
-4.783697426319122314e-03
-9.754169732332229614e-02
-5.705446749925613403e-02
1.175999864935874939e-01
8.082884550094604492e-02
6.684331595897674561e-02
-2.462172508239746094e-02
-3.831722214818000793e-02
9.009787440299987793e-02
5.048499628901481628e-02
-8.534140139818191528e-02
3.870451450347900391e-02
1.826487248763442039e-03
2.436218224465847015e-02
6.211591884493827820e-02
2.844297327101230621e-02
-6.071440130472183228e-02
-4.919932782649993896e-02
-3.764493763446807861e-02
2.817274071276187897e-02
1.066618133336305618e-03
-2.908500470221042633e-02
-1.277581900358200073e-01
-7.052677869796752930e-02
-1.482581943273544312e-01
-7.739230245351791382e-02
-3.199725179001688957e-03
6.471081823110580444e-02
7.641530781984329224e-02
-1.020936816930770874e-01
-3.662325209006667137e-03
1.717995665967464447e-02
1.786246448755264282e-01
6.656318902969360352e-02
-1.623587124049663544e-02
1.028356775641441345e-01
1.203908547759056091e-01
3.646226972341537476e-02
-2.179857157170772552e-02
-1.375925838947296143e-01
4.067995119839906693e-03
8.584233373403549194e-02
