3.871785849332809448e-02
7.992606610059738159e-02
-2.121289372444152832e-01
4.286819696426391602e-02
-1.791573464870452881e-01
-1.469544023275375366e-01
8.308653533458709717e-02
-1.250154823064804077e-01
4.176508635282516479e-02
8.308792114257812500e-02
5.960837751626968384e-02
-8.092167973518371582e-02
1.049386113882064819e-01
-1.016041040420532227e-01
6.477140635251998901e-02
2.107577323913574219e-01
-4.318250715732574463e-02
1.038000658154487610e-01
1.693184673786163330e-01
-1.878873109817504883e-01
3.009944036602973938e-02
1.228764839470386505e-02
-1.182482391595840454e-01
1.520511060953140259e-01
-2.287595160305500031e-02
-5.888223648071289062e-02
2.909308671951293945e-01
2.770514227449893951e-02
6.780933588743209839e-02
-6.255423277616500854e-02
7.535844296216964722e-02
6.167795881628990173e-02
2.910644933581352234e-02
4.868563637137413025e-02
-8.290526270866394043e-02
-1.234663352370262146e-01
-6.223050411790609360e-03
1.174814254045486450e-01
-4.371266439557075500e-02
-4.690463095903396606e-02
-2.164695709943771362e-01
-1.444654632359743118e-02
1.857139915227890015e-01
2.193444222211837769e-01
-3.426871076226234436e-02
4.217773303389549255e-02
-7.299946155399084091e-03
-3.284452017396688461e-03
3.028766810894012451e-01
1.017609685659408569e-01
7.762805372476577759e-02
9.788894653320312500e-02
1.951682269573211670e-01
4.397807177156209946e-03
8.726134151220321655e-02
-1.239591091871261597e-01
3.226694837212562561e-02
-7.527485489845275879e-02
8.490407466888427734e-02
2.125525325536727905e-01
-6.771989911794662476e-02
4.449923709034919739e-02
-1.602420657873153687e-01
-1.153637170791625977e-01
4.570151492953300476e-02
6.748021394014358521e-02
-7.885495573282241821e-02
-1.862936466932296753e-01
-2.532715350389480591e-02
-6.259595602750778198e-02
-9.138146415352821350e-04
-8.381022512912750244e-02
9.151946008205413818e-02
-3.370826831087470055e-03
-1.986358128488063812e-02
1.820986857637763023e-03
-9.702988713979721069e-02
-3.402854874730110168e-02
-1.577767776325345039e-03
4.304841160774230957e-02
-1.775071397423744202e-02
2.609733864665031433e-02
1.866509579122066498e-02
3.194505348801612854e-02
-2.233839333057403564e-01
-1.537198275327682495e-01
-1.412742864340543747e-02
-2.925152331590652466e-02
7.925323396921157837e-02
9.628134965896606445e-02
1.321946233510971069e-01
1.301026940345764160e-01
6.289417296648025513e-02
4.848596453666687012e-02
-1.157876104116439819e-01
6.905544549226760864e-02
4.160568118095397949e-03
-8.018410950899124146e-02
-6.424196809530258179e-02
6.038932874798774719e-02
