-1.757248789072036743e-01
-2.443666942417621613e-02
-6.611848622560501099e-02
1.660385914146900177e-02
-4.528235644102096558e-03
-8.352049440145492554e-02
-1.845105141401290894e-01
1.332189291715621948e-01
8.869537711143493652e-02
2.869777940213680267e-02
-1.827460527420043945e-01
-1.010267715901136398e-02
-1.845693439245223999e-01
7.618302851915359497e-02
3.209859831258654594e-03
-1.197797581553459167e-01
6.405933201313018799e-02
1.137270312756299973e-02
-3.297399356961250305e-02
1.086658611893653870e-01
-1.572676450014114380e-01
5.018386989831924438e-02
4.550780728459358215e-02
1.233204379677772522e-01
-1.663983464241027832e-01
1.999216377735137939e-01
-5.822413787245750427e-02
-4.802078008651733398e-03
-6.870169937610626221e-02
-1.354696601629257202e-01
1.228479817509651184e-01
1.118020638823509216e-01
-1.494466662406921387e-01
1.080933306366205215e-02
1.024217903614044189e-02
-6.228233221918344498e-03
-1.714225858449935913e-01
-7.080782204866409302e-03
-1.014152169227600098e-01
2.444849759340286255e-01
1.264829095453023911e-02
9.549058228731155396e-02
2.856134809553623199e-02
-4.810961708426475525e-02
5.027003213763237000e-02
-3.595566377043724060e-02
1.747275888919830322e-01
1.704112142324447632e-01
-4.842096939682960510e-02
-5.805069580674171448e-02
-1.699715503491461277e-03
-1.188254132866859436e-01
-7.571335881948471069e-02
-7.802409678697586060e-02
-8.747565443627536297e-04
-1.071441620588302612e-01
2.211938351392745972e-01
4.033744335174560547e-02
-1.501731276512145996e-01
7.882194966077804565e-02
-1.288969721645116806e-02
-1.906740218400955200e-01
2.446648851037025452e-02
1.167775318026542664e-01
4.597358778119087219e-02
1.032983139157295227e-01
-1.352360546588897705e-01
1.811936683952808380e-02
-1.191827207803726196e-01
7.830794900655746460e-02
2.335187196731567383e-01
-1.854214072227478027e-01
-1.197837740182876587e-01
8.283876627683639526e-02
-4.449902102351188660e-02
1.529879868030548096e-01
-7.278326898813247681e-02
-1.875901073217391968e-01
-6.639204453676939011e-03
1.831834204494953156e-02
-1.121581047773361206e-01
-4.386281594634056091e-02
-8.571168407797813416e-03
6.987855583429336548e-02
-1.785664707422256470e-01
6.838063150644302368e-02
5.240999162197113037e-02
-5.695678759366273880e-03
-8.227787166833877563e-02
5.062144622206687927e-02
5.218868330121040344e-02
-5.157115310430526733e-02
7.591091096401214600e-02
1.591997444629669189e-01
-1.338277198374271393e-02
-4.829704761505126953e-02
-8.797919750213623047e-02
1.286780536174774170e-01
1.165917143225669861e-01
2.885789237916469574e-02
