-1.283078547567129135e-02
1.737196929752826691e-02
1.162711232900619507e-01
-1.111211031675338745e-01
6.353365629911422729e-02
1.459964066743850708e-01
2.088626660406589508e-02
-1.836112886667251587e-02
-1.266924887895584106e-01
-1.128394901752471924e-01
5.210068076848983765e-02
1.734738796949386597e-02
5.669286474585533142e-02
1.365841478109359741e-01
6.804312020540237427e-02
-7.920978963375091553e-02
-6.939981132745742798e-02
2.286285758018493652e-01
1.262449286878108978e-02
-6.925465911626815796e-02
6.188968941569328308e-02
1.619557589292526245e-01
9.634786099195480347e-02
-2.733623981475830078e-01
-1.686317026615142822e-01
5.123078450560569763e-02
7.736535370349884033e-02
2.059021033346652985e-02
-3.319143876433372498e-02
-2.709631435573101044e-02
-1.073354762047529221e-02
9.948478639125823975e-02
-6.208577379584312439e-02
-1.974234879016876221e-01
5.967035517096519470e-02
1.575875580310821533e-01
1.256941258907318115e-01
1.073925420641899109e-01
-4.567975550889968872e-02
2.291404269635677338e-02
-5.020048096776008606e-02
2.505002617835998535e-01
2.091232128441333771e-02
6.183136627078056335e-02
5.306152999401092529e-02
4.440769180655479431e-02
-4.002556949853897095e-02
-9.305907785892486572e-02
-7.904110103845596313e-02
-1.958798915147781372e-01
-7.504078745841979980e-02
1.155196875333786011e-01
1.655783057212829590e-01
-1.070136390626430511e-02
-5.709648504853248596e-02
4.085909947752952576e-02
-1.050488948822021484e-01
-6.410931795835494995e-02
1.540899574756622314e-01
7.471637427806854248e-02
1.589072793722152710e-01
1.923119723796844482e-01
4.850624874234199524e-02
-6.754987686872482300e-02
1.872843317687511444e-02
-1.467556692659854889e-03
8.115523308515548706e-02
3.233378008008003235e-02
-1.443985570222139359e-02
2.177290059626102448e-02
-2.517164126038551331e-02
-9.492333978414535522e-03
1.072874292731285095e-02
-4.685393720865249634e-02
1.387846656143665314e-02
-2.693830430507659912e-02
6.243482697755098343e-03
-1.516831815242767334e-01
3.052880242466926575e-02
8.184801042079925537e-02
2.275242358446121216e-01
-1.014037281274795532e-01
-2.261506579816341400e-02
-4.597673565149307251e-02
-7.079247385263442993e-02
-1.581894606351852417e-02
1.322900950908660889e-01
-5.196981877088546753e-02
-1.168562918901443481e-01
1.504884660243988037e-01
-7.623275369405746460e-02
-6.496764719486236572e-02
-5.031022056937217712e-02
1.330793499946594238e-01
-6.916575133800506592e-02
1.494619995355606079e-01
2.838657610118389130e-02
-6.297032814472913742e-03
1.390631645917892456e-01
-1.364592909812927246e-01
