-5.716466531157493591e-02
3.984759002923965454e-02
-7.386486232280731201e-02
-7.927732914686203003e-02
-7.049721479415893555e-02
2.038417160511016846e-01
-3.350289189256727695e-04
-1.099850088357925415e-01
-4.201480373740196228e-02
-1.352360006421804428e-02
-1.103053800761699677e-02
-3.046273067593574524e-02
-1.581563800573348999e-02
4.289592429995536804e-02
1.012517586350440979e-01
1.772444993257522583e-01
-5.177067592740058899e-02
6.367728859186172485e-02
7.838652282953262329e-02
-8.350899070501327515e-02
3.281974419951438904e-02
3.669230034574866295e-03
-1.392270904034376144e-02
1.156222634017467499e-02
-1.207953598350286484e-02
-9.443824738264083862e-02
-3.433994203805923462e-02
-5.853858217597007751e-02
5.822932347655296326e-02
6.870754808187484741e-02
-2.805596683174371719e-03
-9.423273056745529175e-02
1.086123585700988770e-01
7.139967288821935654e-03
1.723394244909286499e-01
4.772762581706047058e-02
4.265171289443969727e-02
9.020131826400756836e-02
-7.111605256795883179e-02
5.565868690609931946e-02
5.162818357348442078e-02
-1.678580343723297119e-01
9.295458346605300903e-02
1.913261711597442627e-01
9.226658195257186890e-02
-8.286097645759582520e-02
1.330284476280212402e-01
-1.119061708450317383e-01
-5.158181861042976379e-02
-9.064292162656784058e-02
-1.263302005827426910e-02
-3.395441547036170959e-02
5.606126412749290466e-02
7.686647772789001465e-02
1.496245968155562878e-03
5.452886223793029785e-02
-4.332677647471427917e-02
-3.231281787157058716e-02
-1.659709811210632324e-01
1.235555335879325867e-01
1.264472603797912598e-01
-1.803053766489028931e-01
1.296934485435485840e-01
-3.952524065971374512e-02
-1.033829376101493835e-01
-5.341209098696708679e-02
2.222041785717010498e-02
4.758466035127639771e-02
-5.496571213006973267e-02
1.563682258129119873e-01
4.510254785418510437e-02
-1.561223417520523071e-01
2.426633834838867188e-01
-1.199054047465324402e-01
-2.782447636127471924e-02
8.079554885625839233e-02
-2.300241440534591675e-01
-1.153295636177062988e-01
-1.197558566927909851e-01
-1.333389431238174438e-01
-7.547008339315652847e-03
1.076454576104879379e-02
5.411085486412048340e-02
8.417632430791854858e-02
-1.295103728771209717e-01
1.532969623804092407e-02
-8.282234519720077515e-02
5.410309508442878723e-02
2.562182843685150146e-01
-3.075647726655006409e-02
-2.548564039170742035e-02
-1.399550586938858032e-01
-1.646698713302612305e-01
-4.662487283349037170e-02
1.046180375851690769e-03
-3.138018772006034851e-02
-7.016859203577041626e-02
-1.317291706800460815e-01
1.236526295542716980e-01
1.741960793733596802e-01
-7.606276124715805054e-02
-8.382651023566722870e-03
1.412661224603652954e-01
-8.806817978620529175e-02
-1.998156681656837463e-02
-6.754932552576065063e-02
-2.777623711153864861e-03
-9.293714910745620728e-02
-5.991869047284126282e-02
1.229726076126098633e-01
2.986934734508395195e-03
-2.515197731554508209e-02
1.549517959356307983e-01
4.568050801753997803e-02
-7.950653135776519775e-02
-6.591464043594896793e-04
2.141132578253746033e-02
-3.925906866788864136e-02
-6.092628464102745056e-02
-1.230911388993263245e-01
