3.293947502970695496e-02
-3.123857080936431885e-01
-1.635181456804275513e-01
3.069695830345153809e-02
9.836491197347640991e-02
4.396700486540794373e-02
-3.838321194052696228e-02
-3.814876824617385864e-02
1.494046449661254883e-01
-9.121865034103393555e-02
2.902009291574358940e-03
2.061945386230945587e-02
-5.742468312382698059e-02
-1.271008551120758057e-01
-8.540084213018417358e-02
-6.407427042722702026e-02
1.864457689225673676e-02
-1.183962225914001465e-01
4.862074926495552063e-02
3.897419571876525879e-02
-5.933203920722007751e-02
7.873611897230148315e-02
-5.288502201437950134e-02
4.546150192618370056e-02
9.181370586156845093e-02
1.139615103602409363e-01
-7.030352205038070679e-02
6.671778857707977295e-02
-2.418307960033416748e-02
1.551782637834548950e-01
5.285658314824104309e-02
-3.041282854974269867e-02
-2.800695598125457764e-01
2.103107422590255737e-02
7.788218557834625244e-02
-2.493561357259750366e-01
3.052529413253068924e-03
-1.031938195228576660e-01
-5.520910769701004028e-02
-9.148979932069778442e-02
2.448689378798007965e-02
-1.997053772211074829e-01
1.353223808109760284e-02
-8.640706539154052734e-02
8.409566432237625122e-02
-8.914100378751754761e-02
1.274079233407974243e-01
-1.138549596071243286e-01
3.014766238629817963e-02
-1.436779201030731201e-01
-5.895711854100227356e-02
-2.196730673313140869e-01
-1.428437829017639160e-01
-1.254470553249120712e-02
6.312765926122665405e-02
1.710227727890014648e-01
1.060687098652124405e-02
-1.562225669622421265e-01
-3.799096494913101196e-02
7.204675674438476562e-02
4.176642373204231262e-02
1.926983743906021118e-01
-7.579735666513442993e-02
-5.409896373748779297e-03
1.326425820589065552e-01
9.334566444158554077e-02
9.564753854647278786e-04
5.291504785418510437e-02
-5.941697955131530762e-02
-2.644969522953033447e-02
6.810737401247024536e-02
-1.305629462003707886e-01
-1.031538471579551697e-01
-9.573712944984436035e-02
9.834345430135726929e-02
1.091270670294761658e-01
5.760293081402778625e-02
5.684231594204902649e-02
2.804198069497942924e-03
-2.683177404105663300e-02
-4.277628846466541290e-03
2.288022078573703766e-02
-5.284772440791130066e-02
6.345364818116649985e-05
1.175886485725641251e-02
1.279927492141723633e-01
-4.645243287086486816e-02
7.284488528966903687e-02
-1.797966361045837402e-01
2.763971127569675446e-02
-1.287402361631393433e-01
-9.639454632997512817e-02
-1.637214869260787964e-01
6.316799670457839966e-02
-1.384972780942916870e-01
2.173496484756469727e-01
-1.034255996346473694e-01
1.133964806795120239e-01
1.088622026145458221e-02
-6.388473510742187500e-02
2.916269898414611816e-01
-8.743436075747013092e-03
6.433089822530746460e-02
-1.205948367714881897e-01
-4.993468150496482849e-02
-3.412849828600883484e-02
4.976541921496391296e-02
-5.797617509961128235e-02
6.458847224712371826e-02
9.881114587187767029e-03
-1.164483204483985901e-01
-5.950633808970451355e-02
9.381028264760971069e-02
6.758182495832443237e-02
8.230019360780715942e-02
4.832449182868003845e-02
-2.366683073341846466e-02
-1.379187554121017456e-01
-1.295150723308324814e-02
-3.933589532971382141e-02
