-8.971911668777465820e-02
1.131479293107986450e-01
2.107535153627395630e-01
-6.676188856363296509e-02
-2.387862056493759155e-01
-3.319346532225608826e-02
5.667633935809135437e-02
-6.683562695980072021e-02
-1.368327438831329346e-01
-8.099518716335296631e-02
3.162813559174537659e-02
5.472202901728451252e-04
-2.561641670763492584e-02
1.472780294716358185e-02
-9.216870181262493134e-03
-1.709676533937454224e-01
-9.606223553419113159e-02
-3.262690454721450806e-02
-3.835898265242576599e-02
-1.599137485027313232e-01
-2.029795013368129730e-02
8.583578467369079590e-02
3.725457936525344849e-02
2.736765518784523010e-02
-5.055318400263786316e-02
-1.085972189903259277e-01
-1.991342939436435699e-02
-3.777988627552986145e-02
-1.527531296014785767e-01
7.252588402479887009e-04
8.264614641666412354e-02
1.440128386020660400e-01
-2.105245441198348999e-01
1.917547434568405151e-01
-6.473394483327865601e-02
-5.488787218928337097e-02
2.522824704647064209e-02
9.391931444406509399e-02
1.242248043417930603e-01
1.482391264289617538e-03
-1.253539603203535080e-02
-2.723257243633270264e-01
-7.909592241048812866e-02
-1.061116456985473633e-01
3.335915505886077881e-02
-1.478410810232162476e-01
8.691484481096267700e-02
-9.547855705022811890e-02
6.386808305978775024e-02
-1.908005326986312866e-01
-4.623964056372642517e-02
-5.834913998842239380e-02
1.753258556127548218e-01
-1.034783944487571716e-01
-1.909305304288864136e-01
5.640348792076110840e-02
7.090916484594345093e-02
-9.626704454421997070e-02
2.262806892395019531e-02
4.242612794041633606e-02
4.802889749407768250e-02
-8.801864087581634521e-02
9.303220361471176147e-02
-3.327662646770477295e-01
-1.465475000441074371e-02
5.966818425804376602e-03
-1.024340912699699402e-01
-1.436837613582611084e-01
-1.178339272737503052e-01
-6.033165007829666138e-02
-7.888095825910568237e-02
1.308003999292850494e-02
-1.682101935148239136e-01
-4.264563322067260742e-02
-6.364779174327850342e-02
-9.036689065396785736e-03
-1.073327809572219849e-01
5.917022353969514370e-04
-1.318650841712951660e-01
3.895570710301399231e-02
-1.166024580597877502e-01
2.739103138446807861e-02
-8.111690729856491089e-02
5.222383141517639160e-02
-8.667948842048645020e-02
4.233821853995323181e-02
5.039912462234497070e-02
8.418106287717819214e-02
-2.268251925706863403e-01
4.042667895555496216e-02
-2.642045728862285614e-02
1.175360903143882751e-01
-2.098622173070907593e-01
2.198542803525924683e-01
-1.214170679450035095e-01
-1.366947591304779053e-01
7.648754864931106567e-02
-7.684266567230224609e-02
-1.922179013490676880e-01
2.868820168077945709e-02
-4.680005367845296860e-03
-1.173039339482784271e-02
-6.145023182034492493e-02
6.241491436958312988e-02
9.410421550273895264e-02
9.080943465232849121e-02
1.894671171903610229e-01
-3.126770025119185448e-03
-6.264993548393249512e-02
-3.458888083696365356e-02
-5.961031839251518250e-02
2.155595691874623299e-03
7.964902371168136597e-02
3.598466515541076660e-02
-2.053412608802318573e-02
4.196527879685163498e-03
1.070458814501762390e-01
5.135748535394668579e-02
8.309313654899597168e-02
-2.026749402284622192e-01
