-5.794404819607734680e-02
4.675984010100364685e-02
1.270515769720077515e-01
8.200163021683692932e-03
3.620231524109840393e-02
4.968390241265296936e-02
-1.459479629993438721e-01
1.357689965516328812e-02
-5.241024121642112732e-02
1.130892336368560791e-02
-1.894914805889129639e-01
-1.109526753425598145e-01
-1.796361058950424194e-03
5.486875772476196289e-02
3.325361525639891624e-03
-8.989587426185607910e-03
-2.230630666017532349e-01
-5.115705728530883789e-02
-1.123437541536986828e-03
1.679294742643833160e-03
-3.769552335143089294e-03
4.061244800686836243e-02
9.635122492909431458e-03
1.191335096955299377e-01
-1.802133917808532715e-01
1.467545982450246811e-02
-8.106192946434020996e-02
1.198386959731578827e-02
5.965563282370567322e-02
-7.279729098081588745e-02
-3.002717532217502594e-02
4.096277058124542236e-02
2.031617239117622375e-02
1.234290227293968201e-01
-6.290864199399948120e-02
-6.075180135667324066e-03
1.424807906150817871e-01
2.779674902558326721e-02
-1.544199418276548386e-02
4.781720042228698730e-02
6.421016156673431396e-02
3.136587142944335938e-02
-1.528569459915161133e-01
-2.515145577490329742e-02
1.154469400644302368e-01
-1.910217851400375366e-01
3.570596501231193542e-02
5.501471087336540222e-02
-1.044385209679603577e-01
-1.508250366896390915e-02
-5.468569323420524597e-02
7.096456736326217651e-02
6.049403548240661621e-02
-3.799007833003997803e-02
1.710367649793624878e-01
1.140972878783941269e-02
8.842095732688903809e-03
2.545094117522239685e-03
-2.357279509305953979e-01
5.228539183735847473e-02
-3.046818636357784271e-02
9.088093042373657227e-02
-9.088525176048278809e-02
3.190578892827033997e-02
2.726974897086620331e-02
8.690799027681350708e-02
-9.224721044301986694e-02
-9.905184805393218994e-02
1.808945536613464355e-01
1.564621925354003906e-02
-5.241807177662849426e-02
1.313380599021911621e-01
2.405151426792144775e-01
-1.637285389006137848e-02
-5.882756784558296204e-02
1.489469856023788452e-01
-1.655927747488021851e-01
-2.485943213105201721e-02
4.416069760918617249e-02
-7.136690616607666016e-02
-5.401609465479850769e-02
7.334138453006744385e-02
2.160702832043170929e-02
-8.634624630212783813e-02
3.078700602054595947e-02
-8.105104416608810425e-02
-9.612791240215301514e-02
-2.637775614857673645e-03
3.518962487578392029e-02
-1.279565095901489258e-01
-1.552501469850540161e-01
8.929732441902160645e-02
1.489656269550323486e-01
1.003449708223342896e-01
4.058631137013435364e-02
-2.884003520011901855e-02
-1.312061846256256104e-01
-1.698139496147632599e-02
1.206926032900810242e-01
4.318266361951828003e-02
9.703923016786575317e-02
-1.477375924587249756e-01
8.429211378097534180e-02
-1.683878898620605469e-01
9.723258018493652344e-02
-6.019465997815132141e-02
-7.249176036566495895e-03
9.219848364591598511e-02
1.990497484803199768e-02
1.350293904542922974e-01
-7.748191803693771362e-02
6.452985852956771851e-02
1.510777175426483154e-01
-8.678252995014190674e-02
-1.890331879258155823e-02
-8.030064404010772705e-02
3.712382540106773376e-02
-1.355637907981872559e-01
-1.285794824361801147e-01
-6.879977136850357056e-02
