-1.799870841205120087e-02
4.267315194010734558e-02
-8.195848017930984497e-02
-4.428291693329811096e-03
-3.456704318523406982e-03
9.141369909048080444e-02
-1.020699068903923035e-01
1.877343468368053436e-02
-1.086899414658546448e-01
5.935599282383918762e-02
-4.476768523454666138e-02
-6.309486180543899536e-02
9.598036855459213257e-02
7.728926371783018112e-03
1.523220390081405640e-01
-6.211270019412040710e-02
7.562068104743957520e-02
-3.157883137464523315e-02
-1.302012950181961060e-01
1.894085705280303955e-01
6.570646166801452637e-02
-8.631924539804458618e-02
-1.272602677345275879e-01
-1.170709356665611267e-01
4.503497853875160217e-02
-1.268717180937528610e-02
-2.614366449415683746e-02
6.554310210049152374e-03
-9.762570261955261230e-02
1.599142402410507202e-01
-3.654907271265983582e-02
-3.970554098486900330e-02
-1.761308014392852783e-01
3.876084834337234497e-02
3.903151676058769226e-02
1.195142492651939392e-01
-5.601084977388381958e-02
1.410840600728988647e-01
3.838016465306282043e-02
-1.527304351329803467e-01
-1.312183886766433716e-01
-4.657350108027458191e-02
-1.221742182970046997e-01
-4.194053635001182556e-02
-1.236467510461807251e-01
1.404426991939544678e-02
2.070804312825202942e-02
1.513580381870269775e-01
-9.337723255157470703e-02
1.223861500620841980e-01
6.620167940855026245e-02
1.590840518474578857e-01
1.141003295779228210e-01
-1.691698879003524780e-01
9.779118746519088745e-02
2.008776217699050903e-01
-3.792567178606987000e-02
6.306480616331100464e-02
-5.428731441497802734e-02
-5.424530059099197388e-02
-2.426587231457233429e-02
1.903473958373069763e-02
-7.435148954391479492e-02
-6.328600645065307617e-02
-7.181809842586517334e-02
-6.338310427963733673e-03
9.199748933315277100e-02
-5.368939135223627090e-03
-1.879779100418090820e-01
4.652785509824752808e-02
1.994203031063079834e-01
3.135909512639045715e-02
-5.286684259772300720e-02
1.392203476279973984e-02
-7.282365113496780396e-02
-3.619760740548372269e-03
3.864644095301628113e-02
-3.369919583201408386e-02
4.176591709256172180e-02
-1.203640624880790710e-01
8.090532384812831879e-03
-1.554863303899765015e-01
-3.846256062388420105e-02
-2.445048838853836060e-01
6.059991195797920227e-02
-1.412636488676071167e-01
-2.537548243999481201e-01
-9.318838268518447876e-02
6.226024776697158813e-02
1.130343531258404255e-03
-2.899457328021526337e-02
-2.238325402140617371e-02
2.026725932955741882e-02
-1.263335794210433960e-01
-6.977447122335433960e-02
-2.718082070350646973e-02
-9.355443716049194336e-02
-1.430473029613494873e-01
6.258051842451095581e-03
-4.201708361506462097e-02
1.478406973183155060e-02
9.883003681898117065e-02
5.377712473273277283e-02
-4.816341027617454529e-02
1.547030545771121979e-02
-1.100725959986448288e-02
6.922505795955657959e-03
-6.001337245106697083e-02
-2.026565559208393097e-02
3.709537535905838013e-02
-1.440591216087341309e-01
-4.570755735039710999e-02
1.025381609797477722e-01
-1.098109707236289978e-01
-3.557503223419189453e-02
-1.568792611360549927e-01
1.670741736888885498e-01
-8.542662486433982849e-03
1.432736366987228394e-01
-1.879926584661006927e-02
