-7.633478939533233643e-02
3.730724798515439034e-03
9.812513366341590881e-03
-1.077423524111509323e-02
-1.375124305486679077e-01
4.200043901801109314e-02
-7.695709168910980225e-02
1.775645464658737183e-01
2.410355955362319946e-04
-1.100964099168777466e-01
1.143576726317405701e-01
9.887261688709259033e-02
1.166670583188533783e-02
-2.550260126590728760e-01
-1.629740558564662933e-02
1.276090443134307861e-01
-7.258368283510208130e-02
2.750293910503387451e-01
9.295839816331863403e-02
-1.368764489889144897e-01
8.204209804534912109e-02
1.200279314070940018e-02
-1.169980168342590332e-01
8.003142476081848145e-02
-8.500722795724868774e-02
-1.539286673069000244e-01
-1.559657454490661621e-01
-1.192849427461624146e-01
4.053677897900342941e-03
-6.349933892488479614e-02
4.935431107878684998e-02
1.197536811232566833e-01
-4.243631288409233093e-02
1.056713238358497620e-01
1.022414118051528931e-01
-6.848379224538803101e-02
1.875621676445007324e-01
-3.999793156981468201e-02
5.665570497512817383e-02
-6.321100890636444092e-02
1.081632729619741440e-02
6.275957077741622925e-02
-3.917271271347999573e-02
-8.687293529510498047e-02
-3.093818761408329010e-02
8.073739707469940186e-02
-3.128327056765556335e-02
1.595056504011154175e-01
-1.230829046107828617e-03
-2.306361682713031769e-03
6.211181357502937317e-02
-4.917880520224571228e-02
-5.697762593626976013e-02
6.101450882852077484e-03
-9.267317503690719604e-02
1.248288154602050781e-01
-7.446199189871549606e-03
-1.196050420403480530e-01
4.311230778694152832e-02
4.223058745265007019e-02
-3.900478482246398926e-01
-2.845011092722415924e-02
-6.578736752271652222e-02
-7.033336907625198364e-02
-1.617775484919548035e-02
-1.039405390620231628e-01
-4.904746264219284058e-02
2.748235128819942474e-02
-5.799141526222229004e-02
-1.830698177218437195e-02
7.408621162176132202e-02
1.268859207630157471e-01
2.259683795273303986e-02
3.305706754326820374e-02
1.463612020015716553e-01
9.657987952232360840e-02
3.888379409909248352e-02
-1.570442020893096924e-01
1.758719980716705322e-01
-1.631901226937770844e-02
-3.840601071715354919e-02
-4.296952113509178162e-02
-6.822264939546585083e-02
1.601591110229492188e-01
1.689063310623168945e-01
-1.075028181076049805e-01
4.878346249461174011e-02
1.147256121039390564e-01
-1.031133681535720825e-01
8.745580166578292847e-02
2.172241210937500000e-01
3.013697639107704163e-02
9.714113920927047729e-02
-9.731314331293106079e-02
1.587575525045394897e-01
2.093677408993244171e-03
-4.469492286443710327e-02
1.422770470380783081e-01
9.935258328914642334e-02
-3.676184639334678650e-02
-6.063263490796089172e-02
-1.272617932409048080e-02
7.682909816503524780e-02
-6.782393157482147217e-02
-4.764064028859138489e-02
-9.839881211519241333e-02
-1.259740144014358521e-01
-1.221164092421531677e-01
-1.180247887969017029e-01
7.103474438190460205e-02
9.312947094440460205e-02
5.972541123628616333e-02
-1.921571232378482819e-02
1.634418219327926636e-01
1.512987166643142700e-01
-3.840108588337898254e-02
1.550934165716171265e-01
1.962446980178356171e-02
-1.629050225019454956e-01
-1.545047760009765625e-02
