-9.512434899806976318e-02
-5.522061511874198914e-02
9.898744523525238037e-02
-9.894813597202301025e-02
6.864695996046066284e-02
-1.308860629796981812e-01
1.587098464369773865e-02
6.135991960763931274e-02
2.248825132846832275e-02
-1.534255594015121460e-01
2.771890163421630859e-02
3.356096893548965454e-02
3.203797712922096252e-02
-9.152930229902267456e-02
-8.617171645164489746e-02
-1.482219845056533813e-01
2.169833518564701080e-02
-4.658762738108634949e-02
1.696672290563583374e-01
1.306590288877487183e-01
-6.348698586225509644e-02
-2.527821622788906097e-02
1.345261349342763424e-03
5.710640177130699158e-02
3.331496566534042358e-02
8.805017918348312378e-02
-1.272961031645536423e-02
5.435229465365409851e-02
-5.466298013925552368e-02
-1.209869980812072754e-01
1.280759274959564209e-01
2.764394693076610565e-02
-1.016824468970298767e-01
4.844902828335762024e-02
-4.493365809321403503e-02
-3.678343445062637329e-02
-1.841036528348922729e-01
1.287923753261566162e-01
-7.163107395172119141e-02
-2.794935368001461029e-02
-3.382720425724983215e-02
1.632004529237747192e-01
6.460320204496383667e-02
-3.891351073980331421e-02
1.098209153860807419e-02
-1.709927916526794434e-01
-9.773690998554229736e-02
3.538090735673904419e-02
6.492353975772857666e-02
-8.628121018409729004e-02
-1.320348381996154785e-01
2.235300987958908081e-01
-2.950986288487911224e-02
1.183665618300437927e-01
-4.985636472702026367e-02
1.661647409200668335e-01
2.237787246704101562e-01
-8.970114402472972870e-03
1.827485114336013794e-02
2.294728159904479980e-02
-2.193269692361354828e-02
5.194124206900596619e-02
-4.365425184369087219e-02
-3.767221793532371521e-02
-9.515299648046493530e-02
2.712108194828033447e-02
-2.935054004192352295e-01
-1.079729851335287094e-02
-6.490730494260787964e-02
-5.911708623170852661e-02
1.099900007247924805e-01
7.873450219631195068e-02
1.172524467110633850e-01
-6.938919425010681152e-02
-3.963349387049674988e-02
1.153135523200035095e-01
3.071578405797481537e-02
-1.148366108536720276e-01
1.267808228731155396e-01
-1.397505309432744980e-02
8.550660312175750732e-02
-4.569756239652633667e-02
5.930513143539428711e-02
-1.895271390676498413e-01
1.082515250891447067e-02
8.085071295499801636e-02
-5.535904690623283386e-02
-2.026016823947429657e-02
1.039658412337303162e-01
5.742141231894493103e-02
-2.778347767889499664e-02
6.088786758482456207e-03
-1.430649906396865845e-01
1.882669776678085327e-01
-1.967557072639465332e-01
-1.099595427513122559e-01
1.080416217446327209e-01
-2.988416887819766998e-02
-4.042294248938560486e-02
-8.246331661939620972e-02
-9.782308712601661682e-03
2.759094908833503723e-02
-1.713446527719497681e-01
5.381593853235244751e-02
7.844866812229156494e-02
4.432796966284513474e-03
-4.550455138087272644e-02
-1.054412648081779480e-01
-1.053082346916198730e-01
1.707926541566848755e-01
-1.204814687371253967e-01
6.476417183876037598e-02
-1.013798266649246216e-01
8.368723839521408081e-02
-4.858479648828506470e-02
-3.540438786149024963e-02
9.323944337666034698e-03
1.418494433164596558e-01
5.668010190129280090e-02
1.186778694391250610e-01
