-8.607612550258636475e-02
-2.168673127889633179e-01
-1.008573099970817566e-01
9.881652891635894775e-02
8.423563092947006226e-02
-9.113574773073196411e-02
5.409232527017593384e-02
-2.235424332320690155e-02
1.451553683727979660e-02
6.776847690343856812e-02
-3.967213258147239685e-02
-4.926600679755210876e-02
-1.319710630923509598e-02
1.026402935385704041e-01
-4.905957728624343872e-03
-4.613945260643959045e-02
6.067510321736335754e-02
1.804481744766235352e-01
-4.441380128264427185e-02
-1.507880538702011108e-02
-1.284555643796920776e-01
-6.749446620233356953e-04
1.220666542649269104e-01
-1.382051557302474976e-01
-1.700845211744308472e-01
-4.929613322019577026e-02
1.239801049232482910e-01
-8.125064522027969360e-02
8.220795542001724243e-02
-2.329664304852485657e-02
6.324481964111328125e-02
4.731530696153640747e-02
1.615204066038131714e-01
-8.115340024232864380e-03
1.482455581426620483e-01
3.370572626590728760e-02
-6.390503793954849243e-02
6.283710151910781860e-02
1.493767090141773224e-02
4.333975538611412048e-02
-1.553562562912702560e-02
-8.055658638477325439e-02
1.396096199750900269e-01
8.696875534951686859e-03
3.549648448824882507e-03
1.399810761213302612e-01
1.433966606855392456e-01
1.826018989086151123e-01
9.722431749105453491e-02
5.479904636740684509e-02
1.882752589881420135e-02
5.585080385208129883e-02
5.464794859290122986e-02
1.148040890693664551e-01
-1.049047335982322693e-01
-9.145234525203704834e-02
-9.366173297166824341e-02
3.315016999840736389e-02
-7.229521125555038452e-02
-2.707140147686004639e-02
-6.484066694974899292e-02
1.776871681213378906e-01
-1.127786748111248016e-02
-9.597492963075637817e-02
-7.648690044879913330e-02
-2.488206624984741211e-01
-9.529415518045425415e-02
-9.467547386884689331e-02
3.263991326093673706e-02
3.955255262553691864e-03
-2.361226528882980347e-01
1.179923042654991150e-01
-1.027289628982543945e-01
4.396156594157218933e-02
-5.379969999194145203e-02
-1.191745605319738388e-02
7.399335503578186035e-02
-1.084923669695854187e-01
-3.130805119872093201e-02
-2.297847121953964233e-01
1.651949137449264526e-01
-1.868109963834285736e-02
-1.231775283813476562e-01
2.129423916339874268e-01
8.969377726316452026e-02
2.391510307788848877e-01
-5.713243037462234497e-02
1.116448361426591873e-02
-2.945560589432716370e-02
-6.566922366619110107e-02
1.251360625028610229e-01
1.896645277738571167e-01
4.138792678713798523e-02
6.278981920331716537e-03
-7.795016863383352757e-04
4.978279769420623779e-02
-8.987633138895034790e-02
-3.917972370982170105e-02
2.662688195705413818e-01
-5.401362106204032898e-02
1.695235073566436768e-01
1.116979271173477173e-01
-3.959358856081962585e-02
-1.983980238437652588e-01
-6.543015688657760620e-02
4.655882343649864197e-02
1.559585332870483398e-01
-2.349180430173873901e-01
-4.461247846484184265e-02
1.566758565604686737e-02
-2.971162833273410797e-02
1.835423335433006287e-02
5.073963664472103119e-03
-1.665420271456241608e-02
2.050316147506237030e-02
3.818688914179801941e-02
8.018346130847930908e-02
1.152511015534400940e-01
-1.316993981599807739e-01
3.551378473639488220e-02
