-9.828922338783740997e-03
-5.475069954991340637e-02
-1.060722246766090393e-01
1.063453778624534607e-02
-1.447871774435043335e-01
-2.124910205602645874e-01
-2.972443588078022003e-03
1.432418823242187500e-02
-2.903312817215919495e-02
1.555114537477493286e-01
1.819656342267990112e-01
1.290428172796964645e-02
1.089874133467674255e-01
1.036913506686687469e-02
-9.758346527814865112e-02
-2.633786015212535858e-02
-1.006539613008499146e-01
-1.459568589925765991e-01
1.147192809730768204e-02
2.405956201255321503e-02
1.189130451530218124e-02
-1.326934546232223511e-01
-3.610023483633995056e-02
-5.525497347116470337e-02
-9.793002903461456299e-02
4.068372026085853577e-02
1.047689840197563171e-01
1.461028903722763062e-01
1.831876486539840698e-01
1.969133466482162476e-01
-3.966056555509567261e-02
4.979015514254570007e-02
1.155620813369750977e-01
1.780652254819869995e-01
-2.493711933493614197e-02
-8.117767423391342163e-02
5.386108905076980591e-02
1.380408257246017456e-01
1.424499899148941040e-01
-9.613753110170364380e-02
-2.050031535327434540e-02
-1.619616299867630005e-01
-9.461259096860885620e-02
-7.558947801589965820e-02
3.366809338331222534e-02
5.328580364584922791e-02
-6.756418943405151367e-02
5.051456764340400696e-02
-3.975357860326766968e-02
1.021585986018180847e-02
-9.966257959604263306e-02
-7.161296904087066650e-02
-1.061211749911308289e-01
9.793505817651748657e-02
4.474304243922233582e-02
-4.419817030429840088e-02
-8.455999940633773804e-02
2.060021609067916870e-01
-5.292847752571105957e-02
-7.793810218572616577e-02
-1.219539623707532883e-02
-5.123918130993843079e-02
1.000816598534584045e-01
-1.092412993311882019e-01
2.093361504375934601e-02
-1.045742556452751160e-01
1.959902495145797729e-01
-5.249209329485893250e-02
3.314595436677336693e-03
-7.324772328138351440e-02
5.594116449356079102e-02
-1.120807882398366928e-02
2.155803740024566650e-01
-4.542264714837074280e-02
-1.036221161484718323e-01
2.946182154119014740e-02
1.878232210874557495e-01
-1.507196873426437378e-01
-2.215301059186458588e-02
-1.202970147132873535e-01
7.540040463209152222e-02
-1.297490596771240234e-01
-1.980716735124588013e-01
2.978214919567108154e-01
1.223255228251218796e-02
-2.071177959442138672e-02
1.004629135131835938e-01
2.669250778853893280e-02
-3.211423754692077637e-02
-6.638852506875991821e-02
6.515797972679138184e-02
-2.641806304454803467e-01
-3.308330103754997253e-02
1.077951490879058838e-02
4.313429072499275208e-02
-1.306173056364059448e-01
-7.224886864423751831e-02
-5.593407899141311646e-02
5.377651005983352661e-02
9.347167611122131348e-02
5.652478337287902832e-02
8.435232937335968018e-02
-3.388030454516410828e-02
2.482173740863800049e-01
2.467313110828399658e-01
-1.341535001993179321e-01
1.093681827187538147e-01
4.186042025685310364e-02
6.739356368780136108e-02
1.396034378558397293e-02
-6.291273981332778931e-02
-5.029801279306411743e-02
-7.498220354318618774e-02
-1.763490885496139526e-01
-9.735143743455410004e-03
-1.756062060594558716e-01
5.871661379933357239e-02
-1.498102992773056030e-01
-2.440356649458408356e-02
1.953282058238983154e-01
