-2.881071530282497406e-02
5.128249153494834900e-02
-9.106746315956115723e-02
5.085557699203491211e-02
-1.552827507257461548e-01
-7.283445447683334351e-02
8.653181046247482300e-02
1.089948788285255432e-01
-2.234893888235092163e-01
-2.171135134994983673e-02
1.909990608692169189e-02
2.440441399812698364e-01
-1.800507456064224243e-01
4.398131370544433594e-02
-1.606574058532714844e-01
-1.659651659429073334e-02
-1.064049154520034790e-01
-2.590157964732497931e-04
-6.278812140226364136e-02
1.038765311241149902e-01
2.186843939125537872e-02
1.363097876310348511e-01
-3.121945075690746307e-02
-6.393020600080490112e-02
2.413392625749111176e-02
5.873314570635557175e-03
1.493256092071533203e-01
9.024477750062942505e-02
-1.385552138090133667e-01
-2.172779589891433716e-01
1.319740861654281616e-01
-1.708562523126602173e-01
3.092442266643047333e-02
-1.088567301630973816e-01
-2.883496880531311035e-02
-2.340156137943267822e-01
-1.974319666624069214e-01
-8.444285392761230469e-02
4.840880259871482849e-02
2.168800681829452515e-01
-5.469811707735061646e-02
1.325950026512145996e-01
7.184949517250061035e-02
-6.489371508359909058e-02
-6.855189055204391479e-02
-6.113191321492195129e-02
-3.830646723508834839e-02
1.269137561321258545e-01
8.875866979360580444e-02
5.750523135066032410e-02
4.653547704219818115e-02
-9.637442976236343384e-02
-5.283290147781372070e-02
-6.657534744590520859e-03
1.958704739809036255e-01
-5.453490838408470154e-02
-2.563332905992865562e-03
-2.771948091685771942e-02
-5.443152412772178650e-02
5.666161701083183289e-02
-1.788225583732128143e-02
-1.145755406469106674e-02
1.698152869939804077e-01
-4.109934344887733459e-02
6.397252529859542847e-02
8.636507391929626465e-02
-1.247774362564086914e-01
1.141090318560600281e-01
1.537013500928878784e-01
1.438723970204591751e-02
-1.867749392986297607e-01
-1.629547476768493652e-01
2.433223575353622437e-01
1.394197195768356323e-01
-7.289206236600875854e-02
-8.155331015586853027e-02
2.816537953913211823e-02
-2.762189507484436035e-02
4.377080500125885010e-02
-2.011207863688468933e-02
1.139844488352537155e-02
1.332647204399108887e-01
-1.180631518363952637e-01
-9.115489572286605835e-02
9.929040074348449707e-02
3.284462690353393555e-01
8.255632221698760986e-02
2.105062454938888550e-01
-1.332957297563552856e-01
7.113988697528839111e-02
1.122688204050064087e-01
9.673951566219329834e-02
-1.223409995436668396e-01
-1.917800866067409515e-03
1.466474086046218872e-01
-1.628179103136062622e-01
1.208890229463577271e-01
7.068981975317001343e-02
-5.633042007684707642e-02
5.006939917802810669e-02
-5.026487261056900024e-02
1.351036131381988525e-02
-4.103031381964683533e-02
-9.582008235156536102e-03
-6.848417967557907104e-02
1.243684813380241394e-01
-8.935516327619552612e-02
2.042634598910808563e-02
-1.505085080862045288e-01
1.883816570043563843e-01
-1.879873313009738922e-02
-5.272960290312767029e-02
9.769230335950851440e-02
6.219470500946044922e-02
1.015324592590332031e-01
-7.650395482778549194e-02
-4.210494458675384521e-03
1.104579791426658630e-01
1.522016078233718872e-01
-1.568847149610519409e-01
