-2.143477499485015869e-01
1.125565767288208008e-01
1.036934480071067810e-01
2.827732590958476067e-03
-1.357830911874771118e-01
-1.782006174325942993e-01
-2.998035214841365814e-02
-4.212748631834983826e-02
1.623467169702053070e-02
-1.800939887762069702e-01
1.184750795364379883e-01
-1.031351834535598755e-01
-1.404545158147811890e-01
-2.119057476520538330e-01
-1.696855425834655762e-01
1.992803765460848808e-03
-1.101921796798706055e-01
1.072853356599807739e-01
1.186453253030776978e-01
1.355101913213729858e-01
-7.350639998912811279e-02
-1.151782870292663574e-01
-8.984375745058059692e-02
-7.170125097036361694e-02
6.410862505435943604e-02
-3.899141401052474976e-02
-1.912355571985244751e-01
-1.429082006216049194e-01
-2.417270466685295105e-02
1.104550622403621674e-02
-6.526909023523330688e-02
-1.023442950099706650e-02
5.871344357728958130e-02
8.847657591104507446e-03
2.080578356981277466e-01
-6.227324530482292175e-02
1.393818017095327377e-02
9.125913493335247040e-03
1.221560388803482056e-01
6.093720003264024854e-05
8.152259141206741333e-02
-8.482309989631175995e-03
1.695250570774078369e-01
9.460637718439102173e-02
1.522148121148347855e-02
1.208146940916776657e-02
6.037894636392593384e-02
-1.943498104810714722e-01
-1.666253209114074707e-01
-2.375256828963756561e-02
1.368206273764371872e-02
2.975343726575374603e-02
4.873991757631301880e-02
1.592686325311660767e-01
-1.607491821050643921e-01
1.025545224547386169e-01
-1.460838615894317627e-01
-2.486129291355609894e-02
1.489026993513107300e-01
1.175141334533691406e-01
-2.214072495698928833e-01
7.830427587032318115e-02
-1.118575483560562134e-01
5.257275328040122986e-02
-2.015400910750031471e-03
4.891079664230346680e-02
1.204391708597540855e-03
-7.413469254970550537e-02
1.740030795335769653e-01
-2.805503606796264648e-01
-1.068813130259513855e-01
1.332438290119171143e-01
-5.965213105082511902e-02
4.418633878231048584e-02
6.949423998594284058e-02
9.864144027233123779e-02
-6.710454076528549194e-02
4.406329616904258728e-02
4.019941762089729309e-02
-3.149202093482017517e-02
1.369724124670028687e-01
9.389308094978332520e-02
3.894110023975372314e-02
4.303136095404624939e-02
6.012691184878349304e-02
3.602577373385429382e-02
-1.418644934892654419e-02
1.434168871492147446e-02
-2.761742174625396729e-01
-7.376272231340408325e-02
-8.412899821996688843e-02
-4.616735503077507019e-02
-1.648923307657241821e-01
9.749195724725723267e-02
-2.046987861394882202e-01
6.533427536487579346e-02
-3.262698650360107422e-02
-2.054054290056228638e-01
-1.236450672149658203e-01
1.626632660627365112e-01
1.117343455553054810e-02
-7.746220380067825317e-02
2.478086762130260468e-02
-2.193966358900070190e-01
-4.506789892911911011e-02
4.681881144642829895e-02
-1.725741475820541382e-01
-1.173461414873600006e-02
7.956137508153915405e-02
-7.900860905647277832e-02
-4.434480518102645874e-02
1.352293193340301514e-01
-4.150958731770515442e-02
-6.091267988085746765e-02
2.693002857267856598e-02
8.249789476394653320e-02
-5.104937776923179626e-02
-1.055046245455741882e-01
-9.208459407091140747e-02
-6.745569407939910889e-03
