3.644302114844322205e-02
3.499664133414626122e-03
-7.804240286350250244e-02
2.546517848968505859e-01
-6.381396204233169556e-02
-1.170698404312133789e-01
3.751590847969055176e-01
-5.730481818318367004e-02
7.980370894074440002e-03
9.065096825361251831e-02
-7.148762699216604233e-03
-3.198997676372528076e-02
-9.465128183364868164e-02
-1.573596000671386719e-01
-7.115585356950759888e-02
3.767202049493789673e-02
8.631318807601928711e-02
1.478491700254380703e-03
6.443894654512405396e-02
-3.647997975349426270e-02
3.141310438513755798e-02
-1.768669462762773037e-03
-9.616522118449211121e-03
5.419543012976646423e-02
-4.802977200597524643e-03
7.782098650932312012e-02
-1.831446588039398193e-01
8.699911087751388550e-02
-2.203692449256777763e-03
2.400056645274162292e-02
-1.853202432394027710e-01
-6.923056393861770630e-02
3.203552216291427612e-02
-1.131835356354713440e-01
1.358278542757034302e-01
-1.717031002044677734e-01
4.600414633750915527e-02
1.785759627819061279e-02
3.709166869521141052e-02
-1.181687042117118835e-01
-6.181505322456359863e-02
1.206646934151649475e-01
7.363236695528030396e-02
-4.745301848743110895e-04
1.484922021627426147e-01
2.372949570417404175e-01
1.417054980993270874e-01
-5.633903294801712036e-02
-8.201875537633895874e-02
-2.102220505475997925e-01
-4.804162308573722839e-02
6.489481776952743530e-02
-2.225974015891551971e-02
-1.114286761730909348e-02
-1.410895306617021561e-02
1.593254655599594116e-01
-1.407486051321029663e-01
-4.365790635347366333e-02
-1.994175650179386139e-02
1.197462808340787888e-02
-4.445314034819602966e-02
-5.848237499594688416e-02
-1.404369473457336426e-01
-6.759988516569137573e-02
5.766926333308219910e-02
6.258593499660491943e-02
-4.284642264246940613e-02
9.684301167726516724e-02
-1.700216978788375854e-01
-1.408686488866806030e-01
9.136592596769332886e-02
-1.066404208540916443e-01
-2.450525574386119843e-02
1.990505866706371307e-02
2.508838847279548645e-02
-8.504489064216613770e-02
-5.973661690950393677e-02
4.208246245980262756e-02
4.751376435160636902e-02
1.794568002223968506e-01
-4.403565078973770142e-02
6.540834158658981323e-02
1.507342457771301270e-01
-1.686401478946208954e-02
-1.040228977799415588e-01
1.240506991744041443e-01
-5.988099053502082825e-02
-4.041051492094993591e-02
-2.118561416864395142e-02
-1.529350727796554565e-01
-2.457514777779579163e-02
1.915408223867416382e-01
-7.221402227878570557e-02
9.418767876923084259e-03
-1.137691959738731384e-01
-1.639461368322372437e-01
1.351277381181716919e-01
-1.472937911748886108e-01
-1.098558306694030762e-01
-2.375715784728527069e-02
-4.280020669102668762e-02
4.690695926547050476e-02
-1.072981301695108414e-02
6.810753792524337769e-02
-7.347175478935241699e-02
6.921694613993167877e-03
-1.919731646776199341e-01
1.035578623414039612e-01
2.037798166275024414e-01
1.482908874750137329e-01
1.849598437547683716e-01
-8.448448032140731812e-02
-1.262955665588378906e-01
1.109975501894950867e-01
-1.334399282932281494e-01
1.266494691371917725e-01
-1.888127774000167847e-01
-7.047423720359802246e-02
-3.152725398540496826e-01
1.305414587259292603e-01
