1.221914030611515045e-02
-1.878983527421951294e-02
-1.645044609904289246e-02
-4.618937522172927856e-02
-1.283816248178482056e-01
5.946343019604682922e-02
-1.436116993427276611e-01
-1.567206382751464844e-01
4.242112860083580017e-02
3.807137534022331238e-02
6.541654467582702637e-02
-1.440729051828384399e-01
1.873387098312377930e-01
-1.066270619630813599e-01
5.944174155592918396e-02
-1.335842441767454147e-02
-5.661255866289138794e-02
2.150390893220901489e-01
-4.039996489882469177e-02
9.247276186943054199e-02
4.380173236131668091e-02
7.348635047674179077e-02
-1.092824712395668030e-01
3.208872675895690918e-02
2.590852044522762299e-02
-2.297673076391220093e-01
1.564728319644927979e-01
-9.238635748624801636e-02
-4.073674604296684265e-02
1.406033933162689209e-01
-4.578749462962150574e-02
4.836175590753555298e-02
-5.463988985866308212e-03
-8.317934721708297729e-02
1.099695935845375061e-01
-2.041063159704208374e-01
6.263240426778793335e-02
3.984890133142471313e-02
-9.064172953367233276e-02
-2.575776539742946625e-03
1.694370992481708527e-02
4.415108636021614075e-02
3.749535232782363892e-02
9.677901118993759155e-02
5.577658489346504211e-02
-2.369004786014556885e-01
-8.264484256505966187e-02
-1.418579816818237305e-01
-1.614782586693763733e-02
4.745045676827430725e-02
-3.677874058485031128e-02
-2.890490554273128510e-02
-1.230920478701591492e-01
2.050443179905414581e-02
-1.100364550948143005e-01
6.802769750356674194e-02
6.487475242465734482e-03
-4.957264289259910583e-02
3.113251924514770508e-02
-7.955938577651977539e-02
-6.427387148141860962e-02
-6.331919878721237183e-02
2.058848589658737183e-01
-1.626539826393127441e-01
-8.038466912694275379e-04
7.342429459095001221e-02
7.378057576715946198e-03
-2.064323984086513519e-02
6.080294772982597351e-02
-1.584704071283340454e-01
1.129559800028800964e-01
3.947280347347259521e-02
-9.760433435440063477e-02
-5.200324580073356628e-03
8.223201334476470947e-02
-6.621126830577850342e-02
-3.163429722189903259e-02
9.926982969045639038e-02
2.345883660018444061e-02
-2.935728989541530609e-03
2.012378424406051636e-01
-2.452320791780948639e-02
-1.326273530721664429e-01
3.255605697631835938e-02
-2.185839973390102386e-02
-3.532665595412254333e-02
-2.405773252248764038e-01
-2.073236182332038879e-02
1.907246373593807220e-02
1.334480643272399902e-01
5.342253670096397400e-02
9.719965606927871704e-02
-9.492202661931514740e-03
-9.247479960322380066e-03
-9.548530727624893188e-02
2.291220985352993011e-02
-1.761377304792404175e-01
3.831730410456657410e-02
-5.984551459550857544e-02
-1.031978707760572433e-02
5.717372521758079529e-02
-2.072731703519821167e-01
-2.866544425487518311e-01
-1.201173476874828339e-02
1.109092459082603455e-01
-4.009375348687171936e-02
5.867051705718040466e-02
1.802776604890823364e-01
-6.508030742406845093e-02
-1.955931484699249268e-01
-1.861835718154907227e-01
2.851613971870392561e-04
4.994129389524459839e-02
-9.930209256708621979e-03
6.574990600347518921e-02
1.215357556939125061e-01
-1.166054829955101013e-01
-1.368443816900253296e-01
-5.942920595407485962e-02
-4.477535560727119446e-02
