-5.307577922940254211e-02
-6.906375288963317871e-02
6.516440957784652710e-02
-9.542682766914367676e-02
5.924342200160026550e-03
-1.753220856189727783e-01
5.575096234679222107e-02
1.524999178946018219e-02
5.288266018033027649e-02
-2.367202043533325195e-01
-1.606704108417034149e-02
1.056614890694618225e-01
-1.573084443807601929e-01
9.699700772762298584e-02
-1.106141954660415649e-01
2.957815863192081451e-02
2.569028874859213829e-04
-6.692429631948471069e-02
-5.866770632565021515e-03
-4.467495530843734741e-02
1.414273530244827271e-01
-2.255137823522090912e-02
-1.009669825434684753e-01
-8.439368009567260742e-02
-1.048800498247146606e-01
4.931837692856788635e-02
1.731809414923191071e-02
-6.616257876157760620e-02
-6.613254081457853317e-03
3.017750754952430725e-02
-1.193840503692626953e-01
-8.323657512664794922e-02
3.872072789818048477e-03
5.344889312982559204e-02
-1.407638378441333771e-02
-6.815444678068161011e-02
1.762339472770690918e-02
3.154125064611434937e-02
6.028611212968826294e-02
-2.318719588220119476e-02
-1.470445096492767334e-01
-1.018507480621337891e-01
6.691122055053710938e-02
9.785325080156326294e-02
7.418292760848999023e-02
1.562086194753646851e-01
2.043820731341838837e-02
1.383142173290252686e-01
-1.215997934341430664e-01
1.101347133517265320e-01
1.739743798971176147e-01
-2.205806523561477661e-01
7.854845374822616577e-02
-1.640003919601440430e-01
1.298803538084030151e-01
-2.702856995165348053e-02
1.231192275881767273e-01
1.065247040241956711e-02
-2.542192637920379639e-01
-5.153463408350944519e-02
-2.651475742459297180e-02
4.416926205158233643e-02
1.638775691390037537e-02
6.940715759992599487e-02
4.755383357405662537e-02
1.191903948783874512e-01
1.455554068088531494e-01
3.858210891485214233e-02
7.913767546415328979e-02
-5.458131060004234314e-02
7.084629684686660767e-02
6.643798947334289551e-02
1.118792518973350525e-01
-1.128438301384449005e-02
2.005021423101425171e-01
2.238164246082305908e-01
-1.275169104337692261e-01
-6.666757166385650635e-02
-1.237873211503028870e-01
8.934707194566726685e-02
-7.382860779762268066e-02
5.238226056098937988e-02
8.587553352117538452e-02
1.086982991546392441e-02
-5.114573240280151367e-02
5.077431723475456238e-02
1.621032953262329102e-01
-7.299418747425079346e-02
5.466027185320854187e-02
-1.211248785257339478e-01
6.849985569715499878e-02
2.142039686441421509e-02
-1.622640192508697510e-01
1.682761758565902710e-01
-1.065874844789505005e-01
7.843267172574996948e-02
-5.657286569476127625e-02
-7.317935675382614136e-02
-7.650872319936752319e-02
1.427217721939086914e-01
6.948607414960861206e-02
-2.042904645204544067e-01
7.913894206285476685e-02
-1.185037866234779358e-01
-1.269201040267944336e-01
-8.694767206907272339e-02
8.306019753217697144e-02
1.216413080692291260e-02
-1.079087425023317337e-02
8.588795363903045654e-02
-8.692893385887145996e-02
-5.173285491764545441e-03
1.619148403406143188e-01
-8.831216394901275635e-02
2.279324084520339966e-01
-8.214548975229263306e-02
1.700788438320159912e-01
8.412424474954605103e-02
1.185548081994056702e-01
3.864743560552597046e-02
