-1.089593693614006042e-01
-1.827132552862167358e-01
5.237852688878774643e-03
-3.885352239012718201e-02
1.372095849364995956e-02
8.224751800298690796e-02
1.353845894336700439e-01
1.846697777509689331e-01
1.813340641092509031e-04
4.116569086909294128e-02
7.511816918849945068e-03
1.287939399480819702e-01
-5.394242331385612488e-02
-2.604072391986846924e-01
7.568993419408798218e-02
9.290431439876556396e-02
-9.345717728137969971e-02
-6.823442876338958740e-02
6.232380867004394531e-02
-7.036320120096206665e-02
-2.836660481989383698e-02
-4.786892607808113098e-02
9.118769317865371704e-02
-5.900955945253372192e-02
-1.726952567696571350e-02
3.512396290898323059e-02
-1.042898818850517273e-01
2.664584517478942871e-01
9.083517640829086304e-02
-3.340947628021240234e-02
-1.104351878166198730e-01
4.875462874770164490e-02
-4.816472157835960388e-02
-6.406493484973907471e-02
6.986209657043218613e-03
7.308833301067352295e-02
1.098545715212821960e-01
-3.703045891597867012e-03
1.002659201622009277e-01
-8.425440639257431030e-02
3.473452851176261902e-02
1.718397289514541626e-01
4.250968620181083679e-02
9.235483407974243164e-02
1.226348876953125000e-01
1.165087986737489700e-02
1.433463301509618759e-02
2.964635193347930908e-02
1.140842363238334656e-01
9.235263615846633911e-02
1.495955586433410645e-01
4.668821394443511963e-02
-8.569505065679550171e-02
1.073660254478454590e-01
1.684538871049880981e-01
-4.172956943511962891e-02
9.914179146289825439e-02
-9.276439994573593140e-02
1.796451280824840069e-03
-4.335963726043701172e-02
7.612795569002628326e-03
1.288452744483947754e-02
1.067179217934608459e-01
2.069919742643833160e-02
8.042006939649581909e-02
-4.700668528676033020e-02
1.846239529550075531e-02
9.202396124601364136e-02
-8.134539239108562469e-03
9.540010988712310791e-02
1.371970325708389282e-01
1.797863654792308807e-02
1.634246408939361572e-01
2.922744862735271454e-02
-1.321968622505664825e-02
2.918539755046367645e-02
1.448924690485000610e-01
5.178851634263992310e-02
-3.716344479471445084e-03
6.106660887598991394e-02
2.748678997159004211e-02
1.158668994903564453e-01
-6.163075566291809082e-02
9.274669922888278961e-03
1.167079210281372070e-01
-1.566973924636840820e-01
-1.497580017894506454e-02
1.090400591492652893e-01
9.009040147066116333e-02
-6.304696947336196899e-02
1.138796359300613403e-01
-1.826878637075424194e-02
1.937478482723236084e-01
1.334304660558700562e-01
3.206555917859077454e-02
-1.292996294796466827e-02
-1.754333674907684326e-01
5.775241181254386902e-02
-2.133656293153762817e-01
-2.138359285891056061e-02
-1.039008703082799911e-02
3.171052411198616028e-02
-1.364346593618392944e-01
9.392351657152175903e-02
7.174699753522872925e-02
3.900749608874320984e-02
1.203590556979179382e-01
-3.463496640324592590e-02
1.737137883901596069e-02
-2.874992601573467255e-02
5.842382833361625671e-02
1.378662604838609695e-02
-4.229457303881645203e-02
1.951825246214866638e-02
2.205893844366073608e-01
-7.611581683158874512e-02
6.014829874038696289e-02
-7.329672574996948242e-02
-1.748051941394805908e-01
-3.082974068820476532e-02
