8.522096276283264160e-02
3.247725963592529297e-02
5.751818418502807617e-02
7.837425917387008667e-02
-8.536326140165328979e-02
-1.015843451023101807e-02
8.371128700673580170e-03
3.063997998833656311e-02
-7.954832911491394043e-02
9.651801548898220062e-03
-7.096485048532485962e-02
-7.081659883260726929e-02
6.170853599905967712e-02
7.860309444367885590e-03
6.739675253629684448e-02
-7.669501751661300659e-02
-3.767297416925430298e-02
3.319007530808448792e-02
1.568727940320968628e-02
-1.285649240016937256e-01
1.081892848014831543e-01
9.227374941110610962e-02
1.768544316291809082e-01
-1.007145270705223083e-01
-1.678552664816379547e-02
-7.319439202547073364e-02
-2.024744749069213867e-01
-3.049222566187381744e-02
-1.216798573732376099e-01
-1.282939165830612183e-01
9.809903055429458618e-02
3.808723390102386475e-02
-6.266722828149795532e-02
6.135213002562522888e-02
-5.714721232652664185e-02
1.414138227701187134e-01
1.569749563932418823e-01
-7.684784382581710815e-02
-1.424568891525268555e-01
-1.707606911659240723e-01
4.082631692290306091e-02
-7.381107192486524582e-03
2.546943128108978271e-01
-8.256088942289352417e-02
-1.614098399877548218e-01
5.996515229344367981e-02
-4.394590109586715698e-02
-1.002810746431350708e-01
-5.231217481195926666e-03
1.208244785666465759e-01
-2.120215632021427155e-02
1.819725036621093750e-01
1.939562112092971802e-01
5.592180415987968445e-02
1.272781938314437866e-01
-7.403557747602462769e-02
1.018539890646934509e-01
-6.765935570001602173e-02
-4.116982966661453247e-02
-7.218682020902633667e-02
-1.546398848295211792e-01
9.880036115646362305e-02
-1.050480548292398453e-02
-5.066576227545738220e-02
4.329754039645195007e-02
-9.117136150598526001e-02
1.981271207332611084e-01
2.418718859553337097e-02
1.748811751604080200e-01
-1.526970602571964264e-02
9.733024984598159790e-02
1.079248785972595215e-01
4.975872859358787537e-02
7.627239078283309937e-02
-8.558022975921630859e-02
2.434600703418254852e-02
-1.514432281255722046e-01
-3.508881852030754089e-02
1.688795834779739380e-01
-1.693817824125289917e-01
-7.974565774202346802e-02
-9.051151573657989502e-03
2.341951578855514526e-01
1.413091719150543213e-01
-1.811657659709453583e-02
-1.229785084724426270e-01
-1.051177754998207092e-01
-5.618985742330551147e-03
-1.317516416311264038e-01
-4.365916550159454346e-02
-1.618541032075881958e-02
2.287303954362869263e-01
-6.962931156158447266e-02
-3.586371615529060364e-02
8.295476436614990234e-02
2.033835500478744507e-01
-2.155115157365798950e-01
-1.056360229849815369e-01
1.463987585157155991e-02
1.164555177092552185e-01
2.364473342895507812e-01
-4.670394584536552429e-02
3.860654309391975403e-02
4.797669872641563416e-02
-4.188830778002738953e-02
-4.941333085298538208e-02
-5.381223186850547791e-02
1.314934995025396347e-02
6.088398769497871399e-02
4.507255181670188904e-02
-6.398037075996398926e-02
-7.242698967456817627e-02
-9.480025619268417358e-03
-1.019052267074584961e-01
1.633580178022384644e-01
-7.628777064383029938e-03
-7.701840251684188843e-02
5.595105886459350586e-02
-6.210464239120483398e-02
1.244620140641927719e-02
