3.689539059996604919e-02
1.015357598662376404e-01
1.444033235311508179e-01
7.658698409795761108e-02
-7.990073412656784058e-02
4.025914520025253296e-02
1.224761176854372025e-02
1.854435503482818604e-01
9.300413727760314941e-02
5.464668851345777512e-03
3.424780815839767456e-02
8.824177086353302002e-02
-1.196335703134536743e-01
-1.590212285518646240e-01
-1.695035025477409363e-02
1.822763867676258087e-02
1.595011353492736816e-01
-1.768024079501628876e-02
1.033629402518272400e-01
-1.382695790380239487e-02
1.137483641505241394e-01
-1.220719367265701294e-01
-2.123305052518844604e-01
3.390599414706230164e-02
2.409167028963565826e-02
9.245490282773971558e-02
6.502006202936172485e-02
7.078141719102859497e-02
-4.286194965243339539e-02
2.933953702449798584e-01
-4.857336729764938354e-02
3.486865013837814331e-02
1.728171110153198242e-01
-1.905985176563262939e-02
-3.066518809646368027e-03
4.860456660389900208e-02
1.833137124776840210e-01
1.616616100072860718e-01
2.076700888574123383e-02
9.936303831636905670e-03
1.741294004023075104e-02
1.276309639215469360e-01
-5.393141508102416992e-02
2.027009278535842896e-01
-6.338454782962799072e-02
1.483428198844194412e-02
2.361268103122711182e-01
3.336178138852119446e-02
-8.004807680845260620e-02
-5.122876167297363281e-02
-3.967098146677017212e-02
3.336995467543601990e-02
-9.679936617612838745e-02
-1.185680851340293884e-01
-5.044582765549421310e-03
-1.849195174872875214e-02
9.430116415023803711e-02
-3.082921169698238373e-02
-7.275379449129104614e-02
-9.821576625108718872e-02
1.906194537878036499e-01
1.434897929430007935e-01
-2.240785770118236542e-02
1.108214259147644043e-01
5.176721140742301941e-02
-2.068144455552101135e-02
-7.404880225658416748e-02
-1.509101223200559616e-02
-9.347560256719589233e-02
-6.163665279746055603e-02
5.940956622362136841e-02
-6.893554818816483021e-04
1.383283883333206177e-01
-2.503146789968013763e-02
-1.646463200449943542e-02
-6.777381151914596558e-02
-9.845731407403945923e-02
1.639732569456100464e-01
-1.188229098916053772e-01
3.353979811072349548e-02
1.620581895112991333e-01
7.532051205635070801e-02
-1.891721598803997040e-02
-5.160291120409965515e-02
-5.541868135333061218e-02
3.412405401468276978e-02
5.563203617930412292e-02
2.037028372287750244e-01
-6.515693664550781250e-02
1.219475269317626953e-01
-2.875522151589393616e-02
-1.587674468755722046e-01
-3.071271581575274467e-03
-2.067144773900508881e-02
1.082927137613296509e-01
-8.530934900045394897e-02
-6.361936777830123901e-02
-4.241646453738212585e-02
-5.102127417922019958e-02
-2.092404989525675774e-03
-2.045505912974476814e-03
-2.676172368228435516e-02
1.211715117096900940e-01
1.224310547113418579e-01
-9.078262746334075928e-02
-4.026243090629577637e-02
3.487507626414299011e-02
5.197046324610710144e-02
-9.876151382923126221e-02
3.251167759299278259e-02
1.121740266680717468e-01
-2.705501317977905273e-01
-3.963898122310638428e-02
-1.494935061782598495e-02
-7.083757966756820679e-02
-5.265044979751110077e-03
-9.578419476747512817e-02
-2.513317465782165527e-01
1.852182149887084961e-01
2.089587897062301636e-01
