-2.712141908705234528e-02
-1.037207990884780884e-01
1.600117832422256470e-01
7.409334182739257812e-03
-5.240404233336448669e-02
8.843743801116943359e-02
-6.786738522350788116e-03
-6.804569810628890991e-02
3.076088801026344299e-02
-1.243682429194450378e-01
-2.592682279646396637e-02
-1.577747911214828491e-01
-1.034362241625785828e-01
1.226114574819803238e-02
8.135788142681121826e-02
1.139618307352066040e-01
-1.036717519164085388e-01
9.253137558698654175e-02
3.443106636404991150e-02
-4.890213161706924438e-02
5.324458703398704529e-02
2.679849267005920410e-01
5.044214800000190735e-02
-1.393003910779953003e-01
-1.231834888458251953e-01
-2.203249000012874603e-02
-9.340103715658187866e-02
-1.057770997285842896e-01
-8.443515747785568237e-02
-1.634513884782791138e-01
1.252175569534301758e-01
-1.462331116199493408e-01
-1.153771653771400452e-01
-1.257228255271911621e-01
1.871523447334766388e-02
9.554443880915641785e-03
5.060732364654541016e-02
-4.297048971056938171e-02
-1.424464769661426544e-02
5.882206186652183533e-02
-1.841919869184494019e-01
7.265868131071329117e-03
2.544192038476467133e-02
-1.295679062604904175e-01
-7.086705416440963745e-02
-1.038145050406455994e-01
-5.294638872146606445e-02
4.416291415691375732e-02
1.509815305471420288e-01
1.702448725700378418e-01
4.784672707319259644e-02
7.169146835803985596e-02
-1.294142901897430420e-01
-1.209101080894470215e-01
-2.635159902274608612e-02
-8.347643911838531494e-02
1.334469765424728394e-01
-1.197718158364295959e-01
-1.351950168609619141e-01
-1.106077581644058228e-01
2.373839467763900757e-01
-2.408326417207717896e-01
1.441443413496017456e-01
-4.486870020627975464e-02
1.412225514650344849e-01
-3.428864106535911560e-02
1.122733950614929199e-01
-2.864525653421878815e-02
-2.041204273700714111e-02
5.971942096948623657e-02
-7.979456335306167603e-02
-7.711455971002578735e-02
-2.276539616286754608e-02
-6.675174087285995483e-02
6.293584406375885010e-02
5.460222717374563217e-03
-8.916277438402175903e-02
9.308028966188430786e-02
6.122430786490440369e-02
2.833191156387329102e-01
5.891654174774885178e-03
1.594723314046859741e-01
2.829262614250183105e-02
-1.020905971527099609e-01
3.313533961772918701e-01
9.203540533781051636e-02
-2.147014252841472626e-02
1.286189705133438110e-01
5.771691352128982544e-02
-1.685995757579803467e-01
-2.214544564485549927e-01
4.323511384427547455e-03
1.141373440623283386e-01
-6.758968532085418701e-02
-8.399119228124618530e-02
3.028060309588909149e-02
-2.743508219718933105e-01
5.967220291495323181e-02
1.557137519121170044e-01
4.044998064637184143e-02
-3.977005556225776672e-02
8.290923200547695160e-03
6.426909565925598145e-02
1.184761617332696915e-02
2.374082617461681366e-02
-1.601335853338241577e-01
-1.086292043328285217e-01
-1.127877607941627502e-01
-2.321663312613964081e-02
-2.883723750710487366e-02
-8.928888477385044098e-03
1.051115617156028748e-01
5.497699975967407227e-02
-4.107520449906587601e-03
-8.905113488435745239e-02
-1.365504711866378784e-01
1.566221714019775391e-01
-7.915733754634857178e-02
-4.693397134542465210e-02
-5.773871019482612610e-02
