6.702313572168350220e-02
1.515846997499465942e-01
3.290410339832305908e-02
2.420716919004917145e-02
1.109639927744865417e-01
-1.145506501197814941e-01
-6.164902448654174805e-02
1.528457701206207275e-01
-4.963306244462728500e-03
1.985104531049728394e-01
-9.369508922100067139e-02
6.024426966905593872e-02
1.774989999830722809e-02
6.702535599470138550e-02
-7.149361073970794678e-02
5.129696056246757507e-02
6.397106498479843140e-02
3.645021840929985046e-02
-2.039182186126708984e-01
-7.153041660785675049e-02
-1.967759337276220322e-03
-5.201207473874092102e-02
1.668124087154865265e-02
1.592853516340255737e-01
6.488648056983947754e-02
1.346592754125595093e-01
7.999543845653533936e-02
-9.483888745307922363e-02
-5.026995018124580383e-02
1.241017831489443779e-03
1.287458240985870361e-01
3.388090059161186218e-02
-1.072587892413139343e-01
2.086718939244747162e-02
5.437231808900833130e-02
-3.215583786368370056e-02
-6.992476433515548706e-02
-8.565109223127365112e-02
-1.880080401897430420e-01
1.823734492063522339e-01
-6.404642760753631592e-02
-1.611306145787239075e-02
-1.095148846507072449e-01
-4.556980356574058533e-02
-2.529227547347545624e-02
-1.362252514809370041e-02
7.895421236753463745e-02
-1.080668494105339050e-01
-5.351771786808967590e-02
4.069741815328598022e-02
2.010719291865825653e-02
3.646495938301086426e-02
-4.086776077747344971e-02
7.452157139778137207e-02
1.245980262756347656e-01
-1.261605471372604370e-01
2.602889537811279297e-01
1.560440659523010254e-01
4.865090921521186829e-02
2.471435070037841797e-02
6.521704047918319702e-02
9.760925173759460449e-02
-9.370959363877773285e-03
-6.675890088081359863e-02
5.436173174530267715e-03
1.540255993604660034e-01
-5.687377601861953735e-02
-2.102140039205551147e-01
6.053904443979263306e-02
-2.812702767550945282e-02
5.156626459211111069e-03
1.793712973594665527e-01
2.147676497697830200e-01
1.370818614959716797e-01
-7.990729063749313354e-02
-3.539655730128288269e-02
8.537440747022628784e-02
1.917481794953346252e-02
8.801224827766418457e-02
-9.341750293970108032e-02
1.493898481130599976e-01
9.409841150045394897e-02
8.353588730096817017e-02
1.106430292129516602e-01
-4.820865020155906677e-02
3.469769284129142761e-02
2.355848066508769989e-02
-4.333491250872612000e-02
-1.033421605825424194e-02
3.769184648990631104e-02
3.288790583610534668e-02
2.280006185173988342e-02
8.133768290281295776e-02
1.853433996438980103e-02
-1.198394075036048889e-01
3.278498649597167969e-01
4.049986973404884338e-02
8.780685812234878540e-02
-1.003407388925552368e-01
4.283645376563072205e-02
1.022553592920303345e-01
6.053655967116355896e-02
-2.289455570280551910e-02
-6.192870065569877625e-02
7.136590778827667236e-02
1.384194940328598022e-01
-5.840655043721199036e-02
-8.287515491247177124e-02
3.294856473803520203e-02
-8.590476959943771362e-02
1.973937004804611206e-01
-1.981336064636707306e-02
1.375359147787094116e-01
9.101932495832443237e-02
2.594227492809295654e-01
3.184682875871658325e-02
-1.216383185237646103e-02
-1.230112090706825256e-01
-8.742637932300567627e-03
8.090239763259887695e-02
