1.723647862672805786e-01
-1.774384379386901855e-01
3.212673962116241455e-02
3.760094568133354187e-02
-3.453797847032546997e-02
-1.726647466421127319e-01
1.058708429336547852e-01
1.036620419472455978e-02
-3.811181709170341492e-02
-1.048525124788284302e-01
-2.017389386892318726e-01
-2.715137898921966553e-01
-3.182809427380561829e-02
9.929957240819931030e-02
-6.183669716119766235e-02
-1.746014356613159180e-01
-8.618948608636856079e-02
4.214642941951751709e-02
6.843329174444079399e-04
-2.121457271277904510e-02
-1.502106804400682449e-02
2.169702500104904175e-01
1.877566054463386536e-02
1.151583567261695862e-01
-1.409659236669540405e-01
-1.656736880540847778e-01
-1.781487315893173218e-01
7.969272136688232422e-02
-1.483999043703079224e-01
1.209309920668601990e-01
-3.539755567908287048e-02
7.583265006542205811e-02
5.593913793563842773e-02
1.479514688253402710e-01
-1.066336259245872498e-01
-1.708433628082275391e-01
-1.194933801889419556e-01
6.916262209415435791e-02
6.433824449777603149e-02
9.483360499143600464e-02
-1.767370477318763733e-02
2.225176393985748291e-01
-1.412914991378784180e-01
2.494802512228488922e-02
2.769830822944641113e-02
1.712880730628967285e-01
-1.028163656592369080e-01
-5.667801573872566223e-02
-1.508460473269224167e-02
1.367654558271169662e-02
-7.881248742341995239e-02
2.606993727385997772e-02
-6.726574152708053589e-02
-4.023962840437889099e-02
-1.126057058572769165e-01
1.200773045420646667e-01
7.054816186428070068e-02
7.615570724010467529e-02
6.899505108594894409e-02
-1.803402304649353027e-01
2.488187327980995178e-02
-7.174195349216461182e-02
9.392421692609786987e-02
1.966406106948852539e-01
3.880442306399345398e-02
3.278869763016700745e-02
2.763577364385128021e-02
-4.856649786233901978e-02
-8.262994885444641113e-02
-5.490475893020629883e-02
4.813271388411521912e-02
-2.123111486434936523e-02
-1.315498650074005127e-01
1.635669544339179993e-02
7.903384417295455933e-02
-8.615759015083312988e-02
-4.958733171224594116e-02
-1.469475477933883667e-01
-1.189217343926429749e-01
5.948683246970176697e-03
-6.440235767513513565e-03
6.720736622810363770e-02
3.496807068586349487e-02
5.901731923222541809e-02
4.053357616066932678e-02
2.164411991834640503e-01
7.214384526014328003e-02
-4.313647747039794922e-02
2.222244162112474442e-03
-1.436775773763656616e-01
-8.237168937921524048e-02
-1.358292903751134872e-02
8.492358028888702393e-02
-1.112762317061424255e-01
-4.811231978237628937e-03
-4.256317391991615295e-02
-2.994313649833202362e-02
-3.522784635424613953e-02
8.734487742185592651e-02
-3.136568143963813782e-02
8.721250295639038086e-02
7.579245418310165405e-02
3.747576847672462463e-02
8.214067667722702026e-02
6.873725354671478271e-02
1.229632049798965454e-01
9.782087057828903198e-02
4.739981144666671753e-02
1.656594872474670410e-02
-7.698581367731094360e-02
2.108377069234848022e-01
-4.837393015623092651e-02
1.065070778131484985e-01
9.225526452064514160e-02
-8.236038498580455780e-03
1.095182448625564575e-01
-1.113114580512046814e-01
-1.362734884023666382e-01
-3.296964988112449646e-02
1.117406040430068970e-01
