5.495127663016319275e-02
-1.675904355943202972e-02
7.697852700948715210e-02
-1.504349857568740845e-01
-3.075134567916393280e-02
-8.381462097167968750e-02
3.476204350590705872e-02
8.192902058362960815e-02
9.010534733533859253e-02
8.270528167486190796e-02
8.582232892513275146e-02
4.396993666887283325e-02
1.077160835266113281e-01
-4.660357534885406494e-02
1.691622585058212280e-01
-1.380300968885421753e-01
8.933655172586441040e-02
1.461061239242553711e-01
-3.081088140606880188e-02
-1.088260412216186523e-01
-5.337531119585037231e-02
-6.903944164514541626e-02
9.054010361433029175e-02
-9.521369636058807373e-02
-1.699110716581344604e-01
-5.055101588368415833e-02
-4.470304772257804871e-02
-4.445916041731834412e-02
-1.460135430097579956e-01
3.937549144029617310e-02
5.513841658830642700e-02
-2.060171812772750854e-01
-6.323843449354171753e-02
7.750431448221206665e-02
3.774832785129547119e-01
1.030222922563552856e-01
-3.707970678806304932e-02
9.169252961874008179e-02
4.402582347393035889e-02
1.599979214370250702e-02
4.053364973515272141e-03
1.204560399055480957e-01
-1.999144442379474640e-02
4.375683516263961792e-02
-6.587401777505874634e-02
5.725682526826858521e-02
9.797400562092661858e-04
-1.109411865472793579e-01
-1.963847726583480835e-01
-1.093451585620641708e-02
-5.678218603134155273e-02
-7.046037167310714722e-02
4.997489508241415024e-03
-5.977767705917358398e-02
2.567092142999172211e-02
-6.081131100654602051e-02
4.236985370516777039e-02
-3.062393143773078918e-02
2.202105522155761719e-01
-1.724447458982467651e-01
-1.510546654462814331e-01
-1.809415966272354126e-01
-1.037426013499498367e-02
-2.946738898754119873e-02
-1.744821481406688690e-02
2.324973046779632568e-02
7.905460894107818604e-02
-2.576325647532939911e-02
1.377298533916473389e-01
-9.581276774406433105e-02
-9.537334553897380829e-03
5.089018866419792175e-02
5.222622677683830261e-02
1.363999694585800171e-01
-8.931177109479904175e-02
3.670809417963027954e-02
2.932345867156982422e-02
-1.500875800848007202e-01
-6.109300255775451660e-02
-7.352029532194137573e-02
1.620983779430389404e-01
3.691510483622550964e-02
-7.344307750463485718e-02
5.699402093887329102e-02
-1.710178554058074951e-01
8.949727565050125122e-02
1.975201070308685303e-02
-6.393232196569442749e-02
1.991039663553237915e-01
3.059227950870990753e-03
1.624942943453788757e-02
1.466001570224761963e-02
6.588461250066757202e-02
1.619477123022079468e-01
1.097877882421016693e-02
-1.296239942312240601e-01
1.580594629049301147e-01
1.459396481513977051e-01
1.555227935314178467e-01
-1.113853044807910919e-02
7.422346621751785278e-02
-5.655843019485473633e-02
1.277314722537994385e-01
-3.824231773614883423e-02
-2.210956811904907227e-01
1.192721873521804810e-01
-5.374395987018942833e-04
1.034814864397048950e-01
7.049784809350967407e-02
5.846183374524116516e-02
-2.287928946316242218e-02
2.393613569438457489e-02
-1.090033575892448425e-01
1.974227838218212128e-02
1.318779140710830688e-01
2.158568948507308960e-01
-8.781527727842330933e-02
-6.919177621603012085e-02
4.544869437813758850e-02
3.995041549205780029e-02
