-7.131116837263107300e-02
-3.185071796178817749e-02
-9.144767373800277710e-02
-1.940108239650726318e-01
-7.522553950548171997e-02
6.361862272024154663e-02
-9.153335541486740112e-02
1.234010979533195496e-02
4.330882430076599121e-02
-2.205673838034272194e-03
-5.996859166771173477e-03
1.128464341163635254e-01
-6.953182071447372437e-02
-1.053105145692825317e-01
1.981412433087825775e-02
6.344335619360208511e-03
-5.302007868885993958e-02
-1.262508630752563477e-01
6.196082383394241333e-02
-5.614347010850906372e-02
-4.529798403382301331e-02
1.653096526861190796e-01
9.441330097615718842e-03
-8.398545533418655396e-02
3.116086684167385101e-02
-7.381677627563476562e-02
1.414387673139572144e-01
1.904528960585594177e-02
6.925992667675018311e-02
-8.075387030839920044e-02
6.813295185565948486e-02
2.099043875932693481e-02
1.443352848291397095e-01
-6.147862598299980164e-02
-1.390503067523241043e-02
-6.464532762765884399e-02
-1.697760075330734253e-01
5.202743038535118103e-02
-1.018547564744949341e-01
6.860478222370147705e-02
1.291926801204681396e-01
1.600240468978881836e-01
3.595323488116264343e-02
4.788089077919721603e-03
9.250619262456893921e-02
-1.494273450225591660e-02
-9.129264391958713531e-03
-9.569831192493438721e-03
1.053899303078651428e-01
7.458011060953140259e-02
2.086713165044784546e-01
-5.160684138536453247e-02
-1.570066809654235840e-01
-5.495023287949152291e-05
-8.315317332744598389e-03
-8.100719191133975983e-03
-1.097235605120658875e-01
6.904788315296173096e-02
7.629540748894214630e-03
9.944923967123031616e-02
-8.552531898021697998e-02
1.408373564481735229e-01
-7.863236963748931885e-02
9.729259461164474487e-02
-2.266282774507999420e-02
1.195552274584770203e-01
1.582853309810161591e-02
-9.264438599348068237e-02
-5.722624808549880981e-02
-4.789452999830245972e-02
1.227208971977233887e-01
1.200925856828689575e-01
-6.292300671339035034e-02
1.535315066576004028e-01
1.918484456837177277e-02
-8.831144124269485474e-02
-4.232743009924888611e-02
3.710064338520169258e-03
-4.148084670305252075e-02
7.616396993398666382e-02
-1.508573740720748901e-01
-1.401054263114929199e-01
1.447868347167968750e-01
1.034213230013847351e-01
1.047781631350517273e-01
2.971514360979199409e-03
2.579599618911743164e-02
-1.759384870529174805e-01
-7.695238292217254639e-02
-1.280164159834384918e-02
-1.014524027705192566e-01
-1.484977602958679199e-01
4.651098325848579407e-02
2.293462865054607391e-02
2.898755967617034912e-01
2.410822734236717224e-02
-2.125640772283077240e-02
1.217382773756980896e-01
1.074226051568984985e-01
-3.452308103442192078e-02
9.394823014736175537e-02
8.166050910949707031e-02
3.010844998061656952e-02
-3.704901784658432007e-02
-5.173757299780845642e-02
3.921289443969726562e-01
-1.383086573332548141e-02
-3.510202094912528992e-02
-3.773417696356773376e-02
1.139998156577348709e-02
2.454829216003417969e-01
4.749420622829347849e-04
-5.207697674632072449e-02
1.054049879312515259e-01
9.398191422224044800e-02
4.830681905150413513e-02
-3.136052191257476807e-02
2.309572324156761169e-02
6.742772459983825684e-02
1.312758475542068481e-01
