4.008619114756584167e-02
1.137604042887687683e-01
-4.539159312844276428e-02
-1.994249783456325531e-02
-3.409083560109138489e-02
-2.498948760330677032e-02
-6.849722564220428467e-02
-9.824819117784500122e-02
4.782062768936157227e-02
-2.765844203531742096e-02
-1.457539945840835571e-02
-2.057423591613769531e-01
-3.051008097827434540e-02
7.850388437509536743e-02
-3.889852389693260193e-02
-6.559791415929794312e-02
8.459932357072830200e-02
1.124247908592224121e-01
3.344802185893058777e-02
1.619001477956771851e-01
-3.754420578479766846e-02
-6.072263792157173157e-02
-3.155572339892387390e-02
7.773014903068542480e-02
-2.842724137008190155e-02
1.276662349700927734e-01
2.826224267482757568e-02
-2.043279074132442474e-02
-9.025784581899642944e-02
7.351627200841903687e-02
-2.607585862278938293e-02
-6.093573197722434998e-02
2.387915849685668945e-01
5.411564931273460388e-02
-1.483603119850158691e-01
1.539046168327331543e-01
-2.627327479422092438e-02
-8.290417492389678955e-02
-1.694170087575912476e-01
3.843409940600395203e-03
-8.073100820183753967e-03
2.128185778856277466e-01
3.640168160200119019e-02
8.571554720401763916e-02
-8.762303739786148071e-02
-1.360667198896408081e-01
-1.418687254190444946e-01
-1.429747510701417923e-02
1.323887407779693604e-01
-4.478236194700002670e-03
-9.105755947530269623e-03
-7.431443780660629272e-02
1.004784479737281799e-01
2.735615149140357971e-02
-5.179931595921516418e-02
-2.006058394908905029e-02
-3.123135538771748543e-03
-1.082647815346717834e-01
-8.348361402750015259e-02
4.550522193312644958e-02
-5.765710375271737576e-04
1.528900563716888428e-01
7.065047975629568100e-03
-3.862319886684417725e-02
2.955239964649081230e-03
1.314903497695922852e-01
8.120499551296234131e-02
1.251222193241119385e-01
1.310587823390960693e-01
1.553179044276475906e-02
-9.606691449880599976e-02
-1.289482321590185165e-02
-1.305432170629501343e-01
-4.633995518088340759e-02
-2.486234456300735474e-01
1.013508662581443787e-01
2.302054315805435181e-03
7.092424482107162476e-02
2.947594039142131805e-02
1.828420720994472504e-02
3.479663655161857605e-02
-1.558900922536849976e-01
-1.803781092166900635e-01
6.293484568595886230e-02
1.228611990809440613e-01
1.642512381076812744e-01
5.754297599196434021e-02
1.043824106454849243e-01
1.150659006088972092e-02
5.358579754829406738e-02
1.439151763916015625e-01
-1.606512218713760376e-01
2.145929783582687378e-01
2.600584365427494049e-02
6.095392629504203796e-02
6.018764525651931763e-02
5.298552662134170532e-02
1.443945020437240601e-01
6.629468500614166260e-02
1.093421410769224167e-02
8.307626098394393921e-02
4.668656736612319946e-02
-1.237629875540733337e-01
-1.490127015858888626e-02
7.626711577177047729e-02
-1.479979008436203003e-01
-3.627496957778930664e-02
-9.208966791629791260e-02
7.777094841003417969e-02
6.265551596879959106e-02
4.970597103238105774e-02
1.444135755300521851e-01
-8.281918615102767944e-02
-1.151644717901945114e-02
-6.187263876199722290e-02
8.517778664827346802e-02
-1.175137385725975037e-01
6.858210265636444092e-02
1.451106369495391846e-01
1.092205103486776352e-02
