-6.898010033182799816e-04
2.089437842369079590e-02
-5.942989513278007507e-02
-4.861358180642127991e-02
8.733363822102546692e-03
-5.322914104908704758e-03
4.834882542490959167e-02
-1.021721288561820984e-01
-5.536084994673728943e-02
-5.008317902684211731e-02
9.258411824703216553e-02
-1.153594776988029480e-01
1.182238087058067322e-01
2.232210151851177216e-02
6.375572830438613892e-02
-9.124800562858581543e-02
-1.495632976293563843e-01
7.302995771169662476e-02
3.368709981441497803e-02
1.121086478233337402e-01
-2.138933353126049042e-02
1.816280768252909184e-03
1.130525395274162292e-01
-9.573149681091308594e-02
-1.318707317113876343e-01
1.784985885024070740e-02
-1.006452366709709167e-02
-8.822585642337799072e-02
-2.447382919490337372e-02
-5.822024866938591003e-02
5.980650335550308228e-02
8.281055837869644165e-02
3.330034762620925903e-02
-1.277074068784713745e-01
6.934709101915359497e-02
1.684864796698093414e-02
1.241355091333389282e-01
2.244386589154601097e-03
1.149195209145545959e-01
4.379798471927642822e-02
-6.766112893819808960e-02
-1.651184074580669403e-02
-4.986073076725006104e-02
1.883969455957412720e-02
1.646198215894401073e-03
-7.435890287160873413e-02
-1.235580071806907654e-01
-6.842171400785446167e-02
-3.698872402310371399e-02
-4.413140937685966492e-02
-4.531325399875640869e-02
-2.129686530679464340e-03
-2.131430208683013916e-01
-7.931669801473617554e-02
7.441449165344238281e-02
3.286857157945632935e-03
-1.918242871761322021e-02
6.324930489063262939e-02
-1.362704336643218994e-01
1.131054293364286423e-02
1.748387962579727173e-01
-3.981804475188255310e-02
8.292539976537227631e-03
-3.963289409875869751e-02
-7.299748063087463379e-02
-7.465378940105438232e-02
-1.838137977756559849e-03
3.236996755003929138e-02
7.846514694392681122e-03
-2.470317296683788300e-03
4.598177596926689148e-02
5.083145573735237122e-02
2.307611051946878433e-03
-5.804621055722236633e-02
2.570440433919429779e-02
-9.149327129125595093e-02
6.670914590358734131e-02
1.182143688201904297e-01
-2.050946950912475586e-01
1.033549103885889053e-02
6.556134670972824097e-02
6.044773012399673462e-02
-1.209911108016967773e-01
-1.054742708802223206e-01
3.326249076053500175e-03
-8.214699476957321167e-02
-9.043685346841812134e-02
6.475473940372467041e-02
-2.197824567556381226e-01
-2.416694536805152893e-02
4.297265037894248962e-02
2.528627775609493256e-02
1.099113468080759048e-02
1.160153970122337341e-01
2.017110884189605713e-01
-4.134855791926383972e-02
-7.070710510015487671e-02
2.662596106529235840e-01
-1.827136799693107605e-02
2.162569947540760040e-02
-5.510165914893150330e-02
1.087437272071838379e-01
-2.250354737043380737e-02
-3.422932326793670654e-02
4.059454426169395447e-02
-1.258705109357833862e-01
-5.107337236404418945e-02
-9.088110178709030151e-02
2.181315720081329346e-01
4.638830944895744324e-02
1.276477426290512085e-01
-1.265567541122436523e-01
6.351491808891296387e-02
-9.619940072298049927e-02
4.454533755779266357e-02
2.857285737991333008e-02
-7.565351668745279312e-03
1.249745711684226990e-01
-7.462125271558761597e-02
1.558697223663330078e-01
