1.778339892625808716e-01
-1.766337454319000244e-01
-1.994445770978927612e-01
8.667351305484771729e-02
9.678232669830322266e-02
1.496498137712478638e-01
-7.616348098963499069e-03
-1.489133574068546295e-02
4.634945839643478394e-02
-3.985707834362983704e-02
-2.246202975511550903e-01
-3.638487681746482849e-02
3.429803252220153809e-02
-2.084892690181732178e-01
1.977455429732799530e-02
-3.517578169703483582e-02
5.208499729633331299e-02
1.149815600365400314e-02
1.341329514980316162e-01
1.779519170522689819e-01
3.180559352040290833e-02
-2.279284596443176270e-02
2.412785440683364868e-01
6.314510107040405273e-02
1.442280262708663940e-01
1.055319607257843018e-01
5.464006215333938599e-02
-7.059755921363830566e-02
-2.040994316339492798e-01
3.919087722897529602e-02
-1.946267113089561462e-02
8.400048315525054932e-02
-5.573449656367301941e-02
4.297218844294548035e-02
1.476174443960189819e-01
2.012109905481338501e-01
-8.471810258924961090e-03
-1.373964250087738037e-01
2.425756864249706268e-02
1.791553385555744171e-02
-1.496045589447021484e-01
-9.818158298730850220e-02
-1.033890470862388611e-01
-8.034577965736389160e-02
-1.780987977981567383e-01
-1.011951863765716553e-01
-1.330424994230270386e-01
-6.946313381195068359e-02
-8.609982579946517944e-02
-6.424163281917572021e-02
1.608557254076004028e-02
5.161558091640472412e-02
3.463881090283393860e-02
3.013370931148529053e-02
-5.838521942496299744e-02
-9.623290039598941803e-03
1.988456249237060547e-01
9.182779118418693542e-03
2.132770605385303497e-02
-8.570124208927154541e-02
-5.298026837408542633e-03
-5.864105001091957092e-02
-1.500598993152379990e-02
1.204443722963333130e-01
-3.211688622832298279e-02
-1.948279328644275665e-02
2.807827852666378021e-02
-3.668990731239318848e-02
-2.088899612426757812e-01
-1.305995732545852661e-01
2.212237417697906494e-01
-8.206737041473388672e-02
-1.155995763838291168e-02
-2.727965079247951508e-02
-1.655199080705642700e-01
-1.025156378746032715e-01
-2.371513843536376953e-02
7.523397356271743774e-02
-1.872992143034934998e-02
-5.190888792276382446e-02
3.964728489518165588e-02
-6.796632893383502960e-03
-2.041591256856918335e-01
-5.727531388401985168e-02
5.535563826560974121e-02
-9.472732245922088623e-02
6.611903756856918335e-02
6.265806406736373901e-02
-2.988010831177234650e-02
6.989007443189620972e-02
2.881000377237796783e-02
1.072938740253448486e-01
1.656910032033920288e-01
6.182197108864784241e-02
1.001093238592147827e-01
-1.851171441376209259e-02
-9.219554066658020020e-02
1.231953948736190796e-01
-1.160270944237709045e-01
-9.344391524791717529e-02
9.687099605798721313e-02
2.230201065540313721e-01
-9.186099283397197723e-03
7.457798719406127930e-02
8.614961802959442139e-02
2.283659204840660095e-02
-7.758656144142150879e-02
2.058009356260299683e-01
7.378085702657699585e-02
-4.674518480896949768e-02
3.374537453055381775e-02
-1.419480703771114349e-02
1.917842328548431396e-01
1.701453477144241333e-01
-2.657841145992279053e-02
-9.010405093431472778e-02
-7.490296661853790283e-02
-4.821600392460823059e-02
5.920445546507835388e-02
1.273903250694274902e-01
