-7.158453017473220825e-02
-7.897030562162399292e-02
-9.060095995664596558e-02
2.385317347943782806e-02
-9.725414216518402100e-02
-9.564300999045372009e-03
1.097912713885307312e-01
9.576451778411865234e-02
3.055623732507228851e-02
2.040735818445682526e-02
2.186924517154693604e-01
1.796528138220310211e-02
1.018007621169090271e-01
-1.216220259666442871e-01
5.078676342964172363e-02
6.388758122920989990e-02
-9.675968438386917114e-02
-1.055911406874656677e-01
-1.245762929320335388e-01
1.651124954223632812e-01
7.232763618230819702e-02
1.202914118766784668e-01
-6.980794668197631836e-02
4.778711125254631042e-02
1.875990927219390869e-01
6.190081313252449036e-02
-1.011712923645973206e-01
-3.345356509089469910e-02
2.786948578432202339e-03
9.622198529541492462e-03
-1.164327785372734070e-01
-9.672640264034271240e-02
-6.678833067417144775e-02
6.930904835462570190e-02
-4.873748496174812317e-02
2.094829641282558441e-02
7.369557023048400879e-02
2.279963903129100800e-02
-4.724546521902084351e-02
-1.856208592653274536e-01
-1.633329689502716064e-01
-1.863718219101428986e-02
7.857515662908554077e-02
2.370928041636943817e-02
-1.652701944112777710e-02
3.959093615412712097e-02
7.044715434312820435e-02
2.306828349828720093e-01
7.326459139585494995e-02
4.030709713697433472e-02
7.359717041254043579e-02
-2.064450979232788086e-01
-1.702094972133636475e-01
-8.268558233976364136e-02
-1.390133649110794067e-01
-1.569059193134307861e-01
1.972411423921585083e-01
1.628699749708175659e-01
1.344652473926544189e-01
1.095276847481727600e-01
5.981138441711664200e-03
-1.419609691947698593e-02
-1.348781287670135498e-01
-1.173124834895133972e-01
8.669510483741760254e-02
-4.027172178030014038e-02
-1.008134111762046814e-01
4.551370069384574890e-02
9.509151428937911987e-02
-1.491093169897794724e-02
4.771105200052261353e-02
9.746028110384941101e-03
7.286321371793746948e-02
-2.330642938613891602e-02
-7.932555675506591797e-02
1.659099906682968140e-01
-4.557103663682937622e-02
-1.193635016679763794e-01
-1.641412824392318726e-02
-8.226467669010162354e-02
-2.309221774339675903e-01
-2.658397890627384186e-02
2.458519302308559418e-02
1.696424931287765503e-01
1.864796578884124756e-01
-8.782140165567398071e-02
8.285339921712875366e-02
-1.338046640157699585e-01
5.255855992436408997e-02
-7.259441167116165161e-02
1.024225130677223206e-01
2.302544377744197845e-02
-1.909190416336059570e-01
-8.686688542366027832e-02
7.366075366735458374e-02
-1.012303400784730911e-02
9.599452465772628784e-02
1.727192252874374390e-01
-2.527808025479316711e-02
9.418070316314697266e-03
4.235556349158287048e-02
6.300749629735946655e-02
-1.610883884131908417e-02
4.468485340476036072e-02
9.328125417232513428e-02
-1.072818860411643982e-01
-3.847113344818353653e-03
1.546141356229782104e-01
-1.158036012202501297e-02
9.927421808242797852e-02
-1.075954437255859375e-01
-1.109123826026916504e-01
-7.344656437635421753e-02
-1.284197717905044556e-02
1.221755146980285645e-01
1.571566797792911530e-02
-4.612175282090902328e-03
2.025860361754894257e-02
4.955741390585899353e-02
-1.212657149881124496e-02
