1.398428231477737427e-01
6.257651746273040771e-02
-1.264733374118804932e-01
2.849304862320423126e-02
-2.858729660511016846e-01
-2.607879415154457092e-02
-3.884915262460708618e-02
3.953950479626655579e-02
-6.087837368249893188e-02
-4.332840070128440857e-02
7.236362248659133911e-02
8.409220725297927856e-02
-1.204083710908889771e-01
-1.547037214040756226e-01
2.514881193637847900e-01
1.540489196777343750e-01
-1.867150887846946716e-02
-2.421958297491073608e-01
-1.001056954264640808e-01
1.151851415634155273e-01
1.026427093893289566e-02
-2.700045891106128693e-02
-2.656087093055248260e-02
-1.078882291913032532e-01
-9.370319545269012451e-02
-4.393349960446357727e-02
-7.518240809440612793e-02
8.031839132308959961e-02
2.323094941675662994e-02
6.795545667409896851e-02
-6.744203716516494751e-02
-7.150929421186447144e-02
-1.418346446007490158e-02
1.022062003612518311e-01
7.696459442377090454e-02
1.285486370325088501e-01
-8.706757426261901855e-02
3.785196691751480103e-02
2.692017005756497383e-03
-8.471099287271499634e-02
-1.745919883251190186e-02
-7.206968218088150024e-02
-3.441624343395233154e-03
1.521009802818298340e-01
1.258468031883239746e-01
-1.179585978388786316e-01
2.533228397369384766e-01
1.054363474249839783e-01
8.760715276002883911e-02
2.097004950046539307e-01
-2.015952318906784058e-01
-1.141281425952911377e-01
3.060120344161987305e-02
-8.579499274492263794e-02
-4.293766245245933533e-02
9.167038649320602417e-02
-1.732890158891677856e-01
5.254087969660758972e-02
-8.614759892225265503e-02
1.890072822570800781e-01
-1.376808136701583862e-01
-7.996779680252075195e-02
-2.712025940418243408e-01
9.005786478519439697e-02
-1.504821926355361938e-01
-1.269479244947433472e-01
2.574279718101024628e-02
1.384007185697555542e-01
9.199020266532897949e-02
2.581846714019775391e-02
1.002537831664085388e-02
-6.084826961159706116e-02
-7.579935342073440552e-02
9.553553164005279541e-02
-3.550244960933923721e-03
-2.743551135063171387e-02
9.296017140150070190e-02
-1.300334930419921875e-01
-7.958186417818069458e-02
-3.368055447936058044e-02
-1.218214863911271095e-03
8.250125497579574585e-02
8.085605502128601074e-02
-5.733456835150718689e-02
-1.030846610665321350e-01
1.233565062284469604e-01
-2.243479155004024506e-02
8.933530002832412720e-02
-9.614115208387374878e-02
-3.804399445652961731e-02
7.651575654745101929e-02
-1.490503549575805664e-01
-1.121918670833110809e-02
6.557632982730865479e-02
-7.303529977798461914e-02
4.747074097394943237e-02
-4.671168327331542969e-02
1.548667103052139282e-01
1.019019931554794312e-01
-8.919047191739082336e-03
-1.384271122515201569e-02
1.665944457054138184e-01
1.225028410553932190e-01
-6.398974359035491943e-02
7.367802411317825317e-02
-1.262625455856323242e-01
1.074768602848052979e-01
1.623719930648803711e-01
-5.301348399370908737e-03
-3.987081348896026611e-02
2.051527798175811768e-01
8.911447972059249878e-02
5.087310448288917542e-02
1.811486929655075073e-01
-6.798622012138366699e-02
2.131099440157413483e-02
3.145790472626686096e-02
2.389371208846569061e-02
-2.850436232984066010e-02
-1.313405036926269531e-01
