-1.986200921237468719e-02
-1.291836146265268326e-02
-1.393688917160034180e-01
3.877049684524536133e-02
1.485342532396316528e-01
2.448052167892456055e-02
-6.910938024520874023e-02
1.482282951474189758e-02
-2.031961642205715179e-02
1.492898315191268921e-01
1.559880971908569336e-01
2.066568844020366669e-02
2.054138630628585815e-01
-8.957630395889282227e-02
1.436595525592565536e-02
-4.546812269836664200e-03
-2.967795915901660919e-02
-6.613821536302566528e-02
-7.409939169883728027e-02
-2.018607966601848602e-02
-8.784812688827514648e-02
-1.369124799966812134e-01
5.078114196658134460e-02
-7.969348877668380737e-02
-3.087908215820789337e-02
3.467271476984024048e-02
3.281274810433387756e-02
-8.616373874247074127e-03
-4.940272867679595947e-02
-1.542186737060546875e-01
-1.570109277963638306e-01
1.522601544857025146e-01
-2.263425141572952271e-01
4.572467133402824402e-02
6.307888031005859375e-02
-1.675731875002384186e-02
1.665095984935760498e-01
-1.941289305686950684e-01
2.761555910110473633e-01
2.840450778603553772e-02
-3.025465905666351318e-01
8.298791944980621338e-02
6.031368672847747803e-02
-6.789602339267730713e-02
-8.449418842792510986e-02
-4.015002399682998657e-02
-1.091083660721778870e-01
-1.284555047750473022e-01
3.891602531075477600e-02
1.477327663451433182e-02
-7.028732448816299438e-02
-2.468897402286529541e-02
-1.091938167810440063e-01
1.209431663155555725e-01
-3.838565200567245483e-02
7.442063093185424805e-02
2.725154906511306763e-02
-3.451601043343544006e-02
-2.509853057563304901e-02
-1.112675294280052185e-01
-1.828233450651168823e-01
1.683834381401538849e-02
-1.156251803040504456e-01
-6.253319233655929565e-02
-5.693039670586585999e-02
-2.876504138112068176e-02
4.890035465359687805e-02
1.822247505187988281e-01
-2.976679429411888123e-02
6.722896546125411987e-02
-2.714701928198337555e-02
-5.912493914365768433e-02
-9.602098166942596436e-02
5.683789774775505066e-02
2.529726922512054443e-01
9.191147983074188232e-02
4.961648210883140564e-02
5.542876198887825012e-02
-1.057951971888542175e-01
2.775473296642303467e-01
-2.877054270356893539e-03
-1.144611388444900513e-01
7.457552850246429443e-02
1.973397471010684967e-02
-7.066227030009031296e-03
2.614199370145797729e-02
7.312872912734746933e-03
5.415615066885948181e-02
-4.030607640743255615e-02
4.630433861166238785e-03
2.018350176513195038e-02
2.002348750829696655e-02
-1.421723235398530960e-02
-2.240558415651321411e-01
3.146465122699737549e-02
-3.193246200680732727e-02
1.001016646623611450e-01
5.888499692082405090e-02
3.097761236131191254e-02
-8.527647703886032104e-02
3.670345619320869446e-02
3.635331243276596069e-02
-6.418248265981674194e-02
1.106576696038246155e-01
-3.116099350154399872e-02
7.196342200040817261e-02
-5.100959166884422302e-02
-1.472987681627273560e-01
7.835400104522705078e-02
-7.547863572835922241e-02
1.609718352556228638e-01
-9.299235045909881592e-02
3.418137133121490479e-02
-1.288351416587829590e-01
-8.274516463279724121e-02
2.593463845551013947e-02
-2.746547758579254150e-02
-5.756199732422828674e-02
3.301731869578361511e-02
-5.917815119028091431e-02
