-2.854961156845092773e-02
3.495391085743904114e-02
-3.987078741192817688e-02
4.285357519984245300e-02
-2.777255699038505554e-02
6.819108128547668457e-02
2.455290779471397400e-02
-5.510529875755310059e-02
-6.037866324186325073e-02
-8.947396650910377502e-03
-2.966758050024509430e-02
-1.017742753028869629e-01
6.135395914316177368e-02
-2.339847758412361145e-02
-4.134365916252136230e-02
-3.028110973536968231e-02
9.252661466598510742e-02
8.791280537843704224e-02
5.345541238784790039e-02
-6.820309162139892578e-02
2.392106130719184875e-02
-5.111373960971832275e-03
-5.520973354578018188e-02
-2.919126302003860474e-02
1.175604760646820068e-02
2.982439473271369934e-02
6.642567366361618042e-02
-1.678072498179972172e-03
9.867398440837860107e-02
-7.982083410024642944e-02
8.561619371175765991e-02
-8.532820641994476318e-02
1.419881433248519897e-01
-1.851975023746490479e-01
4.149190708994865417e-02
6.602827459573745728e-02
-4.114360362291336060e-02
-4.590162262320518494e-02
1.576865315437316895e-01
-2.254598140716552734e-01
-6.340266019105911255e-02
2.043955922126770020e-01
-9.593111462891101837e-04
1.766210235655307770e-02
-1.376815736293792725e-01
-1.378418412059545517e-02
-9.088368713855743408e-02
-1.503533218055963516e-02
8.843395113945007324e-02
-9.606087952852249146e-02
-7.919767871499061584e-03
9.477393329143524170e-02
-4.244720190763473511e-02
2.231117337942123413e-01
-2.273755371570587158e-01
1.060348674654960632e-01
3.349631791934370995e-03
-5.773242190480232239e-02
2.750490419566631317e-02
7.755850255489349365e-02
9.608922526240348816e-03
1.210740208625793457e-01
-1.939707398414611816e-01
-6.037192419171333313e-02
1.300723403692245483e-01
-9.471006691455841064e-02
-1.106372848153114319e-01
-2.522015944123268127e-02
-4.428242798894643784e-03
7.843839377164840698e-02
-1.720531880855560303e-01
-2.567148953676223755e-02
-1.833754777908325195e-01
1.073582172393798828e-01
-1.083699911832809448e-01
6.196251139044761658e-02
1.259983400814235210e-03
1.783191561698913574e-01
-3.019297122955322266e-01
1.177691374323330820e-04
1.003604158759117126e-01
3.140859305858612061e-02
-1.389823108911514282e-02
4.406301677227020264e-02
-1.827529259026050568e-02
7.229276001453399658e-02
1.600102037191390991e-01
1.407364308834075928e-01
1.037569902837276459e-02
2.078492939472198486e-01
2.519218027591705322e-01
-8.672609180212020874e-02
-2.540738508105278015e-02
1.240890547633171082e-01
-3.193005919456481934e-02
-6.016246043145656586e-03
1.525092273950576782e-01
1.310435123741626740e-02
1.092694699764251709e-01
1.324329338967800140e-02
-8.969735354185104370e-02
1.332038938999176025e-01
-5.462038516998291016e-02
1.202830020338296890e-02
9.926047176122665405e-03
4.668743535876274109e-02
1.268973052501678467e-01
-6.763250567018985748e-03
-1.117474958300590515e-01
1.466100513935089111e-01
-1.395526677370071411e-01
9.633067250251770020e-02
-4.257522523403167725e-02
-8.650176227092742920e-02
7.315758150070905685e-03
-1.405365467071533203e-01
5.224418267607688904e-02
-2.814564853906631470e-02
-1.268426179885864258e-01
-6.842064857482910156e-02
