-1.381396949291229248e-01
-1.223908066749572754e-01
-5.938779935240745544e-02
-4.314804077148437500e-02
-1.149303689599037170e-01
8.444913476705551147e-02
-3.250313550233840942e-02
1.576592177152633667e-01
-4.385966807603836060e-02
-2.770744636654853821e-02
-3.527700202539563179e-03
1.662221997976303101e-01
1.358954161405563354e-01
5.452973395586013794e-02
-1.186906471848487854e-01
1.054029017686843872e-01
6.061636283993721008e-02
5.493832379579544067e-02
-1.850980073213577271e-01
-7.875182479619979858e-02
9.815520048141479492e-02
9.321661293506622314e-02
1.189110502600669861e-01
-7.028543390333652496e-03
-9.820686280727386475e-02
-2.088051140308380127e-01
8.805228397250175476e-03
-3.026208840310573578e-02
-8.705902844667434692e-02
8.215875178575515747e-02
8.143608272075653076e-02
-2.382698468863964081e-02
1.040108948945999146e-01
5.799417942762374878e-02
1.083491072058677673e-01
-1.568064242601394653e-01
6.984043866395950317e-02
-1.770140975713729858e-01
3.322346508502960205e-02
-7.593967020511627197e-03
-3.510129451751708984e-02
1.906978935003280640e-01
2.184756249189376831e-01
-2.816830202937126160e-02
1.870771497488021851e-01
1.552190538495779037e-02
1.177783980965614319e-01
2.064742892980575562e-01
9.198089689016342163e-02
-2.662654593586921692e-02
-5.997701361775398254e-02
-1.270691901445388794e-01
-4.614156857132911682e-02
1.664130389690399170e-01
2.440775185823440552e-02
-5.663242936134338379e-02
4.806727543473243713e-02
-3.297527134418487549e-02
-7.722436636686325073e-02
6.791322678327560425e-02
1.915486007928848267e-01
1.635914146900177002e-01
8.553826063871383667e-02
-2.003378421068191528e-01
2.993658557534217834e-02
2.416937053203582764e-02
5.282358452677726746e-02
6.835370324552059174e-03
5.197140574455261230e-02
-4.562060162425041199e-02
9.725765883922576904e-02
1.328567415475845337e-01
1.525285537354648113e-03
9.314066171646118164e-02
2.971036545932292938e-02
-1.466794288717210293e-03
5.216753575950860977e-03
9.497995488345623016e-03
-7.043583691120147705e-02
-7.491205632686614990e-02
1.826656907796859741e-01
-1.443768851459026337e-02
1.251445859670639038e-01
-9.289275854825973511e-02
7.892000675201416016e-02
-1.159683465957641602e-01
-3.044244833290576935e-02
-5.495855957269668579e-02
-4.240785539150238037e-02
-1.023308858275413513e-01
-3.098790533840656281e-02
1.555448174476623535e-01
3.604346886277198792e-02
-1.483264416456222534e-01
1.248854920268058777e-01
6.781919859349727631e-03
-6.955106556415557861e-02
-1.277448236942291260e-01
-2.130474597215652466e-01
3.350717201828956604e-02
7.502255588769912720e-02
2.149589173495769501e-02
-1.471107453107833862e-01
2.145418375730514526e-01
-7.285129278898239136e-02
-8.898546546697616577e-02
1.897779256105422974e-01
7.644962519407272339e-02
1.310935765504837036e-01
-1.226232014596462250e-02
-1.777676492929458618e-02
-1.564977467060089111e-01
7.732816040515899658e-02
3.501545265316963196e-02
-1.702076047658920288e-01
5.874193832278251648e-02
2.333763428032398224e-02
-5.446594581007957458e-02
-1.651427708566188812e-02
8.568292856216430664e-02
