5.652319267392158508e-02
-1.001852080225944519e-01
4.133432358503341675e-02
-1.013463363051414490e-01
-7.504517678171396255e-03
-7.390053570270538330e-02
-1.063942760229110718e-01
1.473951190710067749e-01
-5.915855616331100464e-02
1.117000952363014221e-01
9.768228977918624878e-03
-5.498160794377326965e-02
-2.568739652633666992e-02
-3.775148838758468628e-02
6.831005960702896118e-02
-7.374610751867294312e-02
8.824345469474792480e-02
-1.393825858831405640e-01
1.473683416843414307e-01
2.928083122242242098e-04
4.541033506393432617e-02
9.041951596736907959e-02
5.846251174807548523e-02
-7.092631887644529343e-03
-3.108865395188331604e-02
-5.437553673982620239e-02
-7.343032862991094589e-03
1.855337768793106079e-01
-1.756790578365325928e-01
-1.389500964432954788e-02
8.132003992795944214e-02
3.310779854655265808e-02
-1.143222674727439880e-01
2.472901542205363512e-04
-7.526035606861114502e-02
-1.441193968057632446e-01
5.488676205277442932e-02
9.807987511157989502e-02
1.713977754116058350e-02
-6.189574301242828369e-02
-7.976727187633514404e-02
-3.790599107742309570e-02
6.518720090389251709e-02
-4.161245003342628479e-02
-8.196382969617843628e-02
1.508889906108379364e-02
7.002938538789749146e-02
1.538258194923400879e-01
6.215357035398483276e-02
-3.635306656360626221e-02
-1.007799431681632996e-01
1.795850321650505066e-02
-1.389747858047485352e-02
4.774292185902595520e-02
1.330027431249618530e-01
-1.430980563163757324e-01
4.022962227463722229e-02
-1.004403606057167053e-01
6.855005025863647461e-02
-3.892834763973951340e-03
3.992221504449844360e-02
2.009115181863307953e-02
1.799529641866683960e-01
1.048992648720741272e-01
-1.576922386884689331e-01
1.017218921333551407e-03
9.280449151992797852e-02
3.333281353116035461e-02
-3.555631265044212341e-02
-6.283096969127655029e-02
-4.060742631554603577e-02
6.097135599702596664e-03
3.573680669069290161e-02
1.172132510691881180e-02
-5.858017876744270325e-02
-1.279259938746690750e-02
-1.911743730306625366e-02
-8.974757045507431030e-02
-1.156639382243156433e-01
1.820840090513229370e-01
-9.511805325746536255e-02
6.703956518322229385e-03
4.846635088324546814e-02
-1.855136305093765259e-01
-1.267044991254806519e-02
1.649909913539886475e-01
-2.454262375831604004e-01
-9.818328917026519775e-02
-2.481370419263839722e-02
1.545895189046859741e-01
4.891481250524520874e-02
-1.508709639310836792e-01
-2.640168927609920502e-02
1.047688275575637817e-01
-1.106473580002784729e-01
-2.940596081316471100e-02
6.662735249847173691e-03
3.772626444697380066e-02
1.982572078704833984e-01
-1.601189374923706055e-02
-1.465764939785003662e-01
5.371952056884765625e-02
1.831978410482406616e-01
8.225137740373611450e-02
2.200139500200748444e-02
1.017334163188934326e-01
-6.015904992818832397e-02
-6.054243445396423340e-02
2.678700163960456848e-02
-2.450397014617919922e-01
1.001317352056503296e-01
-1.237258017063140869e-01
-1.359156612306833267e-02
1.798539459705352783e-01
-5.376403033733367920e-02
9.547567367553710938e-02
2.142874523997306824e-02
6.173177063465118408e-02
2.068815939128398895e-02
-1.883632242679595947e-01
