-3.579103201627731323e-02
-1.844656318426132202e-01
1.392336338758468628e-01
1.731028407812118530e-02
-2.561861462891101837e-02
8.632587641477584839e-02
-1.215753257274627686e-01
-5.268364772200584412e-02
1.376158893108367920e-01
-1.047455444931983948e-01
1.669775992631912231e-01
-4.504937306046485901e-02
6.470616161823272705e-02
-1.462891846895217896e-01
4.239813983440399170e-02
-1.109603568911552429e-01
-2.033895812928676605e-02
3.884100914001464844e-02
1.185899078845977783e-01
-8.263714611530303955e-02
-2.622833102941513062e-02
4.580364003777503967e-02
-1.136772930622100830e-01
-7.711269427090883255e-03
3.098187036812305450e-02
7.301808893680572510e-02
-2.742678113281726837e-02
-2.984844148159027100e-02
-1.656141430139541626e-01
-9.389104694128036499e-02
9.934796392917633057e-02
9.986677020788192749e-02
9.076407551765441895e-02
2.389664351940155029e-01
-2.923139333724975586e-01
-1.636891961097717285e-01
-7.200976461172103882e-02
1.234706193208694458e-01
-5.695419386029243469e-03
-1.799763180315494537e-02
1.814741641283035278e-02
-1.567104272544384003e-02
3.650348633527755737e-02
2.293163239955902100e-01
1.387956291437149048e-01
-1.863582059741020203e-02
6.320808082818984985e-02
-2.896893955767154694e-02
7.480030506849288940e-02
-1.809344291687011719e-01
5.639679729938507080e-04
1.997509896755218506e-01
4.689312353730201721e-02
4.524578526616096497e-02
2.737608924508094788e-02
-5.065770819783210754e-02
-1.086077615618705750e-01
-5.983087792992591858e-02
-1.458167470991611481e-02
6.192134693264961243e-02
3.995255380868911743e-02
1.459763944149017334e-01
1.750671714544296265e-01
-7.557424157857894897e-02
-3.724317997694015503e-02
-2.483746036887168884e-02
-4.807165265083312988e-02
-1.019790321588516235e-01
1.816081553697586060e-01
-5.112122744321823120e-02
-1.238022372126579285e-01
8.627516217529773712e-03
3.094365820288658142e-02
-1.633683443069458008e-01
-6.703256815671920776e-02
1.872929781675338745e-01
-9.492092579603195190e-02
-3.251820802688598633e-02
-4.283767193555831909e-02
1.051128581166267395e-01
4.422687366604804993e-02
1.380907744169235229e-02
-1.242256835103034973e-01
-5.588416010141372681e-03
1.196999922394752502e-01
1.946675404906272888e-02
-1.162609010934829712e-01
1.370266973972320557e-01
-2.805099450051784515e-02
1.149601712822914124e-01
-4.376227781176567078e-02
1.292926967144012451e-01
8.284889161586761475e-02
7.212344557046890259e-02
5.680472403764724731e-02
9.407341480255126953e-02
1.642569154500961304e-01
-4.372527822852134705e-02
-1.431906409561634064e-02
-1.682963073253631592e-01
-5.499094352126121521e-02
-8.202210068702697754e-02
3.586713597178459167e-02
-8.190114796161651611e-02
-8.982872217893600464e-02
-1.352397142909467220e-03
-1.133005172014236450e-01
-4.407174885272979736e-02
-1.375010311603546143e-01
8.533331751823425293e-02
6.336312741041183472e-02
1.885450631380081177e-02
-3.027341514825820923e-02
-5.213202908635139465e-02
1.720707118511199951e-01
-1.457732468843460083e-01
-1.240986660122871399e-01
4.085739329457283020e-02
-6.886415928602218628e-02
6.649501621723175049e-02
