-2.980214729905128479e-02
6.158927828073501587e-02
-3.560423478484153748e-02
9.295640140771865845e-02
9.579083323478698730e-02
-1.602479070425033569e-01
6.778290122747421265e-02
-4.416507109999656677e-02
-4.159180819988250732e-02
-1.796106994152069092e-01
8.719080686569213867e-02
-2.833099476993083954e-02
-5.882302671670913696e-02
1.432923376560211182e-01
1.003849729895591736e-01
8.079202473163604736e-02
1.699893325567245483e-01
-1.746061607263982296e-03
-4.555655270814895630e-02
-9.125909209251403809e-02
-3.841416165232658386e-02
1.127870604395866394e-01
-6.067495420575141907e-02
3.619349747896194458e-02
-1.874904334545135498e-01
2.243839502334594727e-01
8.282257616519927979e-02
1.122139617800712585e-01
-9.910833090543746948e-02
-3.952569887042045593e-02
-1.115331053733825684e-01
-2.245220914483070374e-02
8.396608382463455200e-02
-2.132232114672660828e-02
1.292116492986679077e-01
8.861171454191207886e-02
-8.984281867742538452e-02
-1.795913837850093842e-02
1.419003456830978394e-01
-3.587351366877555847e-02
-1.784864515066146851e-01
6.097441911697387695e-02
4.930737614631652832e-02
1.143297180533409119e-01
-7.446788251399993896e-02
4.269901663064956665e-02
-2.681749872863292694e-02
7.459001988172531128e-02
-3.501936420798301697e-02
-7.470072060823440552e-02
-1.054507121443748474e-01
1.954095624387264252e-02
1.029284019023180008e-02
3.212692737579345703e-01
-2.735939063131809235e-02
7.189511507749557495e-02
-8.764660358428955078e-02
1.115538403391838074e-01
6.335807591676712036e-02
2.247185446321964264e-02
4.590514302253723145e-02
-9.770619124174118042e-02
2.859994769096374512e-02
-3.111057914793491364e-02
9.758218377828598022e-02
8.303895592689514160e-02
-4.210158810019493103e-02
-1.453324258327484131e-01
1.044609323143959045e-01
-2.767134085297584534e-02
2.076355554163455963e-02
-1.504005640745162964e-01
2.896882593631744385e-02
-1.316214799880981445e-01
-9.910905361175537109e-02
1.654465198516845703e-01
1.200818363577127457e-02
2.745381891727447510e-01
7.645010203123092651e-02
8.079106919467449188e-03
-2.807427346706390381e-01
2.323687821626663208e-02
6.292222440242767334e-02
5.481437593698501587e-02
7.572604715824127197e-02
-5.842084810137748718e-02
-3.163304552435874939e-02
6.811901181936264038e-02
-8.514098823070526123e-02
-1.032553911209106445e-01
7.351427525281906128e-02
-2.779786661267280579e-02
-1.651149988174438477e-02
6.590505689382553101e-02
-8.755025453865528107e-03
-4.150643944740295410e-02
7.016305625438690186e-02
-2.302490174770355225e-02
2.076221704483032227e-01
-1.142064109444618225e-02
2.372835762798786163e-02
-8.395378291606903076e-02
1.306630857288837433e-02
-2.754835225641727448e-02
7.954002916812896729e-02
3.774108365178108215e-02
5.932296067476272583e-02
-4.528038203716278076e-02
4.112089797854423523e-02
2.584472298622131348e-02
2.333768457174301147e-01
-1.919235847890377045e-02
-1.406147778034210205e-01
3.649589046835899353e-02
-3.722612746059894562e-04
1.213445067405700684e-01
2.583890222012996674e-02
2.200091928243637085e-01
-8.150646090507507324e-02
1.773447729647159576e-02
