-1.700375415384769440e-02
5.101930722594261169e-02
8.002229966223239899e-03
1.276052445173263550e-01
-1.955367811024188995e-02
-6.653203815221786499e-02
-1.293345689773559570e-01
-3.892407566308975220e-02
9.035428054630756378e-03
6.003974005579948425e-02
-1.526043564081192017e-02
6.816729158163070679e-02
6.728312373161315918e-02
-1.825170777738094330e-02
-9.424363262951374054e-03
-3.215883160009980202e-03
-3.022353723645210266e-02
7.784706354141235352e-02
-1.206481605768203735e-01
6.315416097640991211e-02
1.770543605089187622e-01
-4.736195784062147141e-03
-7.953524589538574219e-02
6.467733066529035568e-03
4.667830467224121094e-02
-1.186937838792800903e-01
6.315013766288757324e-02
-8.591657504439353943e-03
2.215224504470825195e-01
-1.647844761610031128e-01
2.216270752251148224e-02
-3.822156786918640137e-02
1.018691658973693848e-01
1.345491129904985428e-02
3.420012071728706360e-02
-1.205188967287540436e-02
-4.726004227995872498e-02
-9.670691937208175659e-02
1.108594909310340881e-01
1.483476012945175171e-01
9.937857091426849365e-02
-5.697449669241905212e-03
2.618147432804107666e-01
-6.527780741453170776e-02
4.053438827395439148e-02
1.553769875317811966e-02
-3.850137069821357727e-02
-6.318748742341995239e-02
-9.467205405235290527e-02
-4.783152043819427490e-02
1.073820367455482483e-01
6.315284222364425659e-02
5.545223876833915710e-02
7.378452457487583160e-03
4.215886071324348450e-02
-4.268277902156114578e-03
-6.361504644155502319e-02
3.289718925952911377e-02
3.550317883491516113e-02
-2.982827089726924896e-02
-1.221445947885513306e-01
-7.891502231359481812e-02
8.379767835140228271e-02
-6.523834913969039917e-02
-6.708903610706329346e-02
1.975118964910507202e-01
-1.651714295148849487e-01
-1.416279822587966919e-01
1.488672941923141479e-01
1.449643447995185852e-02
-1.141073107719421387e-01
1.796808391809463501e-01
7.081519067287445068e-02
-1.729451715946197510e-01
7.308837026357650757e-02
-2.323518097400665283e-01
-1.598008126020431519e-01
-4.042768478393554688e-02
1.014490127563476562e-01
7.671708613634109497e-02
-1.826020190492272377e-03
-2.853775396943092346e-03
1.276309788227081299e-01
-4.012804105877876282e-02
-7.683427538722753525e-03
-6.402182043530046940e-04
1.620151698589324951e-01
1.243910565972328186e-01
3.444321453571319580e-02
-4.770512133836746216e-02
2.179075730964541435e-03
1.528372522443532944e-02
2.722065523266792297e-02
-2.768952958285808563e-02
4.555881768465042114e-02
-9.747204184532165527e-02
5.433812364935874939e-02
5.268939957022666931e-02
-1.412182301282882690e-02
-5.658134818077087402e-02
-3.919187560677528381e-02
1.779866055585443974e-03
8.918412774801254272e-02
-1.391594558954238892e-01
-2.577546611428260803e-02
1.347731240093708038e-02
-7.561248540878295898e-02
-4.927558824419975281e-02
-9.496700018644332886e-02
-3.212158009409904480e-02
1.294993907213211060e-01
-8.518907427787780762e-02
5.842166021466255188e-02
2.120267227292060852e-02
-7.024876773357391357e-02
-4.423575848340988159e-02
9.668224304914474487e-02
2.403463609516620636e-02
1.752311885356903076e-01
-1.650548726320266724e-01
