-7.248314470052719116e-02
-1.006696224212646484e-01
5.206736922264099121e-02
8.592287078499794006e-03
-3.553447872400283813e-02
5.681248381733894348e-02
-5.032521486282348633e-02
-4.992625117301940918e-02
3.488017618656158447e-02
2.097247838973999023e-01
2.879951335489749908e-02
-9.367069602012634277e-02
2.763545885682106018e-02
-6.186817958950996399e-02
9.621705859899520874e-02
1.288974937051534653e-02
2.285194583237171173e-02
-1.247111111879348755e-01
-3.248600065708160400e-01
-2.222155220806598663e-03
-6.246854737401008606e-02
7.914613932371139526e-02
2.816872298717498779e-02
-2.145785093307495117e-02
1.980736106634140015e-01
1.170804128050804138e-01
1.877457946538925171e-01
7.916914671659469604e-02
-2.635681927204132080e-01
5.248997732996940613e-02
-3.063113801181316376e-02
-9.254023432731628418e-02
5.461993627250194550e-03
-9.134738892316818237e-02
8.462842088192701340e-04
1.067504808306694031e-01
3.851655498147010803e-02
-2.377932518720626831e-02
-2.697684243321418762e-02
-5.078343302011489868e-02
2.001713588833808899e-02
-8.668212592601776123e-02
-4.243200272321701050e-02
-6.262082606554031372e-02
-1.081651970744132996e-01
-1.263964027166366577e-01
3.593110665678977966e-02
3.592997416853904724e-02
-6.058682873845100403e-02
3.936297073960304260e-02
-2.537558972835540771e-02
8.491186797618865967e-02
1.277399510145187378e-01
9.855473414063453674e-03
3.491794690489768982e-02
8.660289645195007324e-02
7.143686059862375259e-03
8.991208672523498535e-02
-2.406738102436065674e-01
-1.125519052147865295e-01
-1.410679370164871216e-01
7.441569119691848755e-02
1.008207350969314575e-01
3.978333249688148499e-02
-5.841108784079551697e-02
-2.197124958038330078e-01
-4.239615425467491150e-02
-1.291538923978805542e-01
-1.230986863374710083e-01
-2.332980185747146606e-02
1.856054663658142090e-01
-2.117450684309005737e-01
-7.820395752787590027e-03
7.536546140909194946e-02
1.517723202705383301e-01
4.339269921183586121e-02
1.752946227788925171e-01
1.998134516179561615e-02
6.812384724617004395e-02
-1.376091875135898590e-02
-2.788752131164073944e-02
1.125503778457641602e-01
-6.408331543207168579e-02
5.637690052390098572e-02
-5.260448437184095383e-03
4.305721446871757507e-02
-2.079853862524032593e-01
-1.224503293633460999e-01
6.107919383794069290e-03
2.008420415222644806e-02
-4.926751181483268738e-02
-3.690874204039573669e-02
8.537053316831588745e-02
4.975175112485885620e-02
-1.063053756952285767e-01
7.089757174253463745e-02
1.028435155749320984e-01
-1.087620183825492859e-01
-2.672622799873352051e-01
-1.717731803655624390e-01
-6.263321847654879093e-04
1.121911779046058655e-01
9.147192537784576416e-02
1.442237496376037598e-01
1.764626502990722656e-01
-4.197080433368682861e-02
5.305847153067588806e-02
-1.175459623336791992e-01
3.242703154683113098e-02
-2.771537564694881439e-02
9.607002139091491699e-02
-1.182241067290306091e-01
3.485607728362083435e-02
-6.534199416637420654e-02
-2.814441733062267303e-02
-2.107876837253570557e-01
-4.317983984947204590e-02
1.403768658638000488e-01
-8.331696689128875732e-02
8.069290965795516968e-02
