-1.707676798105239868e-01
1.119210273027420044e-01
-1.267254799604415894e-01
-4.173793271183967590e-02
1.227234750986099243e-01
-1.850974261760711670e-01
-1.360486000776290894e-01
-9.042646735906600952e-02
-6.642727553844451904e-02
-1.718814224004745483e-01
2.538943663239479065e-02
8.772729779593646526e-05
-7.271827012300491333e-02
2.019818313419818878e-02
1.432050317525863647e-01
-1.396550536155700684e-01
-1.927084289491176605e-02
-3.697737306356430054e-02
-1.981967687606811523e-02
-7.031732052564620972e-02
1.055098101496696472e-01
-5.988053232431411743e-02
-1.128219962120056152e-01
2.011384814977645874e-02
-1.815593428909778595e-02
1.456558406352996826e-01
4.034406971186399460e-03
6.065943837165832520e-02
-8.474376052618026733e-02
8.573737740516662598e-02
1.053075790405273438e-01
-6.983610242605209351e-02
1.797785013914108276e-01
1.241221651434898376e-01
1.884545832872390747e-01
-7.353913038969039917e-02
8.526320755481719971e-02
-2.273078644066117704e-05
-1.112993881106376648e-01
3.673597425222396851e-02
3.510480746626853943e-02
2.092763930559158325e-01
8.061861246824264526e-02
1.170439347624778748e-01
-1.324375569820404053e-01
-6.055482663214206696e-03
1.091003939509391785e-01
-1.261861529201269150e-02
-5.917613580822944641e-02
3.183364495635032654e-02
1.390178650617599487e-01
7.029496133327484131e-02
2.800287008285522461e-01
-1.294020470231771469e-02
-2.969036996364593506e-02
-1.329661905765533447e-01
-6.167108565568923950e-02
5.181029066443443298e-02
-5.312106013298034668e-02
4.956144839525222778e-02
5.337423831224441528e-02
3.259332105517387390e-02
-5.171166732907295227e-02
-3.530592843890190125e-02
-2.748166024684906006e-02
-2.832138538360595703e-02
-9.495562873780727386e-03
1.053155064582824707e-01
-9.789052419364452362e-03
-3.172894939780235291e-02
1.308126002550125122e-01
6.490423530340194702e-02
3.538190945982933044e-02
-1.455964148044586182e-01
-1.694762259721755981e-01
-9.677617810666561127e-03
-9.242160618305206299e-02
7.721208035945892334e-02
3.571522235870361328e-02
1.138321682810783386e-01
-8.246208727359771729e-02
1.684875786304473877e-02
1.517740488052368164e-01
1.095871254801750183e-01
-1.820835322141647339e-01
3.257751837372779846e-02
1.623109281063079834e-01
4.389926418662071228e-02
1.140363439917564392e-01
-8.117740601301193237e-02
-9.501062333583831787e-02
-8.889766782522201538e-02
1.361141651868820190e-01
-3.741751238703727722e-02
4.061830416321754456e-02
5.316459015011787415e-02
3.820876404643058777e-02
-3.109953366219997406e-02
9.230905026197433472e-02
-6.531604379415512085e-02
8.563676476478576660e-02
4.536332562565803528e-03
3.076205588877201080e-02
4.138945415616035461e-02
-8.849396556615829468e-02
4.183329269289970398e-02
1.145514622330665588e-01
8.243419975042343140e-02
4.654435440897941589e-02
-1.863359063863754272e-01
-3.809857368469238281e-02
-3.678863868117332458e-02
-4.930848721414804459e-03
-3.918754681944847107e-02
3.567377850413322449e-02
5.369045957922935486e-02
1.000201851129531860e-01
-3.299834579229354858e-02
-7.751731574535369873e-02
6.113206222653388977e-02
