8.652044087648391724e-02
5.617452412843704224e-02
8.750645071268081665e-02
1.868216991424560547e-01
1.412717550992965698e-01
6.019598245620727539e-02
-3.102858550846576691e-03
7.294262200593948364e-02
1.174908280372619629e-01
-1.698743700981140137e-01
1.020318791270256042e-01
-8.205405622720718384e-02
1.824111491441726685e-02
-4.364040866494178772e-02
-2.369340881705284119e-02
-8.943649940192699432e-03
-1.398205608129501343e-01
2.439525537192821503e-02
-2.222864478826522827e-01
8.716431260108947754e-02
-8.983185142278671265e-02
-6.845381855964660645e-02
1.327193826436996460e-01
-9.387647360563278198e-02
-1.129064126871526241e-03
1.574463993310928345e-01
4.942250251770019531e-02
2.603564262390136719e-01
-3.192888498306274414e-01
-3.977900743484497070e-02
4.275190457701683044e-02
-1.461482644081115723e-01
1.333847939968109131e-01
-1.465349048376083374e-01
7.959215342998504639e-02
-1.064466983079910278e-01
9.105414152145385742e-02
-2.060714364051818848e-02
1.353884767740964890e-02
-1.589302159845829010e-02
-1.089596897363662720e-01
5.918222665786743164e-02
-1.627956926822662354e-01
-3.224137052893638611e-02
-1.162674836814403534e-02
-5.723294615745544434e-02
2.596184983849525452e-02
-3.617713227868080139e-02
1.206812262535095215e-01
4.367473069578409195e-03
4.246761649847030640e-02
-2.286050617694854736e-01
-1.393330842256546021e-02
-1.092951931059360504e-02
-5.400369688868522644e-02
1.689562201499938965e-01
7.372061163187026978e-02
9.661092422902584076e-03
-1.065109893679618835e-01
-3.728532791137695312e-02
7.311557978391647339e-02
6.216787919402122498e-02
-1.895124018192291260e-01
5.134360119700431824e-02
-2.886477671563625336e-02
-1.314492672681808472e-01
-2.078172378242015839e-02
1.087568402290344238e-01
-2.663984708487987518e-02
8.896832913160324097e-02
6.765138357877731323e-02
1.892770640552043915e-02
1.212741658091545105e-01
-1.556151211261749268e-01
1.843371838331222534e-01
-4.141954705119132996e-02
-1.249527484178543091e-01
-2.081689834594726562e-01
5.119883641600608826e-02
7.498432695865631104e-02
-6.683052331209182739e-02
8.688822388648986816e-02
5.977476760745048523e-02
1.384135633707046509e-01
-2.052765339612960815e-01
9.938096255064010620e-02
-3.880820050835609436e-02
-2.601809613406658173e-02
5.030183866620063782e-02
-4.336996003985404968e-02
2.671914175152778625e-02
1.330202668905258179e-01
8.447870612144470215e-02
2.972975187003612518e-02
1.266832053661346436e-01
-3.967453166842460632e-02
-2.702557109296321869e-02
-1.696098893880844116e-01
-6.584166735410690308e-02
1.740804910659790039e-01
1.893581300973892212e-01
2.042680978775024414e-01
-1.511426568031311035e-01
3.784201806411147118e-03
-1.485134065151214600e-01
-5.194215103983879089e-02
-1.185189634561538696e-01
-3.506908938288688660e-02
8.911509811878204346e-02
1.263713836669921875e-01
4.825706407427787781e-02
2.792518772184848785e-02
1.191838160157203674e-01
-1.108438894152641296e-01
3.277086839079856873e-02
-1.406697779893875122e-01
-5.291804671287536621e-02
4.491166397929191589e-02
-2.582473456859588623e-01
3.486655354499816895e-01
