-1.678576618432998657e-01
1.676526814699172974e-01
-4.550687223672866821e-02
1.348486691713333130e-01
-1.361953467130661011e-01
1.188322156667709351e-02
4.821925237774848938e-02
1.527390629053115845e-01
2.537556365132331848e-02
-1.222921013832092285e-01
3.164931759238243103e-02
-2.766216360032558441e-02
1.206206455826759338e-01
-1.420825272798538208e-01
-2.360625565052032471e-02
1.850548945367336273e-02
1.153691764920949936e-02
-6.725516915321350098e-02
7.618930190801620483e-02
4.087008163332939148e-02
2.898850105702877045e-02
-4.184560477733612061e-02
6.315950304269790649e-02
1.675706058740615845e-01
1.370878517627716064e-01
3.665737807750701904e-02
-1.370296180248260498e-01
1.441288441419601440e-01
-2.171515077352523804e-01
1.594144850969314575e-01
-1.211205497384071350e-01
5.842120572924613953e-02
1.149408146739006042e-01
-3.828247636556625366e-02
1.847519129514694214e-01
1.781094968318939209e-01
1.371765583753585815e-01
1.032631024718284607e-01
1.659579761326313019e-02
1.172626987099647522e-01
-4.064299166202545166e-02
-6.939107086509466171e-03
1.395760029554367065e-01
4.113527014851570129e-02
-2.081985473632812500e-01
-2.493874728679656982e-02
6.505502760410308838e-02
-2.268087305128574371e-02
1.159498244524002075e-01
3.844822943210601807e-02
2.225410789251327515e-01
-2.451798915863037109e-01
1.490795463323593140e-01
5.891261622309684753e-02
-2.852686680853366852e-02
-1.150050573050975800e-02
8.162205666303634644e-02
1.552361696958541870e-01
6.655972450971603394e-02
1.859894767403602600e-02
-1.385506242513656616e-01
-5.299046263098716736e-02
8.498883992433547974e-02
8.115430921316146851e-02
-1.122130081057548523e-01
-7.363906502723693848e-02
1.975235296413302422e-03
-9.809408336877822876e-02
5.282671377062797546e-02
1.056369170546531677e-01
2.545050717890262604e-02
-1.946166716516017914e-02
-1.551423072814941406e-01
-5.883147940039634705e-02
-7.701262086629867554e-02
-7.022688537836074829e-02
-8.752208203077316284e-02
-1.223469339311122894e-02
1.250700205564498901e-01
2.412050515413284302e-01
2.754671871662139893e-02
4.166949912905693054e-02
1.400003880262374878e-01
-3.285723552107810974e-02
1.844804137945175171e-01
5.656729917973279953e-03
-1.337738633155822754e-01
2.709158137440681458e-02
-1.141517143696546555e-02
-1.369411777704954147e-02
-3.378472849726676941e-02
1.475538462400436401e-01
5.377158522605895996e-02
7.156579941511154175e-02
-4.711883142590522766e-02
6.477863341569900513e-02
-1.003655418753623962e-02
-2.757089212536811829e-02
-3.323021158576011658e-02
3.266105800867080688e-02
-2.097282744944095612e-02
-5.173301696777343750e-02
8.833301812410354614e-02
1.354358047246932983e-01
1.167682092636823654e-02
8.596851490437984467e-03
-2.745765447616577148e-02
1.830065548419952393e-01
-6.203627586364746094e-02
3.043181635439395905e-02
1.657504402101039886e-02
-1.508865654468536377e-01
-1.065789461135864258e-01
-1.703350543975830078e-01
-8.620072156190872192e-03
-6.119683012366294861e-02
-2.084383517503738403e-01
-1.343319714069366455e-01
-1.338992565870285034e-01
4.677779972553253174e-02
