-5.671953782439231873e-02
6.402245163917541504e-02
7.771504577249288559e-03
1.585546322166919708e-02
-8.861819282174110413e-03
-9.026041626930236816e-02
-8.196837455034255981e-02
1.876271516084671021e-02
7.299416512250900269e-02
-1.409111917018890381e-01
7.248066365718841553e-02
1.568815112113952637e-01
2.042021416127681732e-02
-1.537592560052871704e-01
-2.473650034517049789e-03
8.540191501379013062e-02
1.137202531099319458e-01
-9.559427946805953979e-02
-6.690856814384460449e-02
2.593955025076866150e-02
4.993249103426933289e-02
-1.428770720958709717e-01
1.547172851860523224e-02
7.854157686233520508e-02
-8.187164366245269775e-02
1.679486185312271118e-01
7.211143523454666138e-02
5.330894514918327332e-02
-2.779022231698036194e-02
1.176241114735603333e-01
1.871654763817787170e-02
6.069846451282501221e-02
1.993511021137237549e-01
-8.764518797397613525e-02
1.442726701498031616e-01
-1.580059900879859924e-02
1.006118766963481903e-02
8.191730827093124390e-02
2.179853767156600952e-01
-1.255660317838191986e-02
-9.025040268898010254e-02
-2.783126756548881531e-02
-1.370443254709243774e-01
3.965177759528160095e-02
-1.043086871504783630e-01
2.012230157852172852e-01
9.078101068735122681e-02
8.043991401791572571e-03
7.749366760253906250e-02
6.945420056581497192e-02
9.858807921409606934e-02
9.081919491291046143e-02
-1.328381150960922241e-02
3.703907132148742676e-02
-7.703694701194763184e-02
-8.779352903366088867e-02
1.221101824194192886e-02
6.017470732331275940e-02
-7.143969088792800903e-02
5.110941454768180847e-02
4.599386081099510193e-02
2.589305043220520020e-01
7.140734046697616577e-02
-1.465713083744049072e-01
7.622366398572921753e-02
2.119357883930206299e-02
-7.913634181022644043e-02
1.414394825696945190e-01
2.406215220689773560e-01
1.783017767593264580e-03
-4.172828420996665955e-02
4.588240385055541992e-02
-5.296353995800018311e-02
-2.518909610807895660e-02
-1.552352309226989746e-01
-5.211018398404121399e-02
-1.555342320352792740e-02
-5.810743570327758789e-02
-5.854655057191848755e-02
-7.982491701841354370e-02
-4.564848914742469788e-02
2.601790428161621094e-02
-4.069331288337707520e-02
1.133216097950935364e-01
5.776491016149520874e-02
-5.417282134294509888e-02
-6.180793046951293945e-02
5.496467649936676025e-02
-2.821058966219425201e-03
1.597273796796798706e-01
6.318673491477966309e-02
1.006920263171195984e-02
-4.037817195057868958e-02
8.278495073318481445e-02
3.243967518210411072e-02
-6.892430037260055542e-02
5.216780677437782288e-02
4.832032695412635803e-02
5.396574735641479492e-02
-8.374569565057754517e-02
2.452963292598724365e-01
-1.014642491936683655e-01
1.215399727225303650e-01
1.175608113408088684e-01
-6.421425938606262207e-02
1.109260022640228271e-01
-2.075150758028030396e-01
5.036649107933044434e-02
1.696085184812545776e-01
8.476490154862403870e-03
2.219143509864807129e-01
6.005784496665000916e-02
-2.066490501165390015e-01
4.921406973153352737e-03
-7.618497125804424286e-03
-1.018815487623214722e-01
-1.656565666198730469e-01
1.524218171834945679e-01
-1.097159683704376221e-01
1.670182496309280396e-01
