9.478883445262908936e-02
1.043544933199882507e-01
6.768335402011871338e-02
-1.601309627294540405e-01
-4.803861305117607117e-02
-3.826165944337844849e-02
-2.203207314014434814e-01
-8.852151781320571899e-02
2.648703753948211670e-01
1.720068901777267456e-01
-1.457415428012609482e-02
8.674257993698120117e-02
2.141635492444038391e-02
-2.777995541691780090e-02
-2.191790565848350525e-02
-1.390631683170795441e-02
-1.664028503000736237e-02
-1.102463304996490479e-01
-3.494770824909210205e-02
7.520180195569992065e-03
-9.426462650299072266e-02
6.268590688705444336e-02
-8.227967470884323120e-02
8.088404312729835510e-03
5.893796309828758240e-02
3.454796969890594482e-03
1.117906421422958374e-01
-1.095450483262538910e-02
-7.222379744052886963e-02
5.812754482030868530e-02
-4.978475347161293030e-02
-5.295287817716598511e-02
-1.739504039287567139e-01
6.933852285146713257e-02
6.696310639381408691e-02
-1.719818264245986938e-01
5.555917322635650635e-02
-8.239908143877983093e-03
-3.264280408620834351e-02
1.898359358310699463e-01
5.097851157188415527e-02
-1.561271250247955322e-01
1.102370843291282654e-01
-3.834897652268409729e-03
2.645212784409523010e-02
6.131593137979507446e-02
8.682033419609069824e-02
-1.339817419648170471e-02
1.439321190118789673e-01
1.198831200599670410e-01
-1.106504648923873901e-01
1.392124891281127930e-01
-5.417266488075256348e-02
-4.932725429534912109e-02
-7.641313970088958740e-02
-2.213770598173141479e-01
-1.438382863998413086e-01
6.446973234415054321e-02
7.089940831065177917e-03
6.214919686317443848e-02
4.145643487572669983e-02
5.781360715627670288e-02
6.324362754821777344e-02
6.058970838785171509e-02
3.708961606025695801e-02
-9.814684838056564331e-02
3.460568562150001526e-02
-3.680737316608428955e-02
-4.621295630931854248e-02
-6.272192299365997314e-02
-1.385476589202880859e-01
-5.156013369560241699e-02
-4.476959630846977234e-02
8.975819498300552368e-02
-1.422177255153656006e-01
-1.373296529054641724e-01
8.089714497327804565e-02
5.866745114326477051e-02
1.258131414651870728e-01
-4.376278258860111237e-03
8.378649502992630005e-02
4.064952582120895386e-02
1.091686785221099854e-01
-4.495820030570030212e-02
1.127712279558181763e-01
2.730092220008373260e-02
1.122951060533523560e-01
-5.032722651958465576e-02
2.534660696983337402e-02
1.061110571026802063e-01
-6.772275269031524658e-02
-9.506529197096824646e-03
2.889171615242958069e-02
1.130691096186637878e-01
4.327908158302307129e-02
-1.513168588280677795e-02
-4.658172279596328735e-02
6.874670088291168213e-02
-2.989005297422409058e-02
2.744504250586032867e-03
