-9.983310848474502563e-02
7.488713413476943970e-02
3.262947127223014832e-02
1.753415912389755249e-01
6.058452650904655457e-02
-3.035274744033813477e-01
1.139976009726524353e-01
1.579793840646743774e-01
1.333110630512237549e-01
6.332632899284362793e-02
-7.108724862337112427e-02
9.019795805215835571e-02
1.967239081859588623e-01
-4.563448578119277954e-02
-1.539745181798934937e-01
-2.747557125985622406e-02
-1.418900638818740845e-01
3.065407089889049530e-02
-1.542425453662872314e-01
-1.864702068269252777e-02
6.104681640863418579e-02
3.820855543017387390e-02
5.913825239986181259e-03
-1.919598877429962158e-01
-5.527279898524284363e-02
7.644234597682952881e-02
7.860860228538513184e-02
9.317051619291305542e-02
-2.334794998168945312e-01
-1.320161074399948120e-01
-1.425351053476333618e-01
-1.229806221090257168e-03
-1.456599235534667969e-01
-1.451027113944292068e-02
5.435219500213861465e-03
-4.173862189054489136e-02
9.980178438127040863e-03
6.436816602945327759e-02
-1.093692053109407425e-02
-1.518793869763612747e-02
-1.186912413686513901e-02
1.797724142670631409e-02
7.842511683702468872e-02
-5.357238650321960449e-02
6.349168252199888229e-03
2.741714119911193848e-01
1.162989512085914612e-01
-1.361876577138900757e-01
-1.001974344253540039e-01
-9.963644295930862427e-02
1.447293907403945923e-01
1.196280047297477722e-01
6.336028128862380981e-02
-5.508147552609443665e-02
1.358463168144226074e-01
2.131288796663284302e-01
-2.390796244144439697e-01
-1.524551510810852051e-01
-8.199649304151535034e-02
-1.150191351771354675e-01
-2.023518085479736328e-01
-7.579293847084045410e-02
3.523839637637138367e-02
4.616433382034301758e-02
6.159423664212226868e-02
2.028393931686878204e-02
1.178863793611526489e-01
-3.864739835262298584e-02
8.556956797838211060e-02
-1.936491280794143677e-01
5.265257786959409714e-03
1.385401636362075806e-01
-3.227180615067481995e-02
-5.241679772734642029e-02
1.181210055947303772e-01
-1.236345097422599792e-01
8.099570870399475098e-02
4.133904352784156799e-02
1.807157099246978760e-01
-6.741186976432800293e-02
-2.019154839217662811e-03
-3.359089419245719910e-02
-1.045512929558753967e-01
1.216738820075988770e-01
-1.209587007761001587e-01
-1.949354074895381927e-02
9.876201301813125610e-02
7.061180472373962402e-02
-8.956779725849628448e-03
1.142813339829444885e-01
-2.749514877796173096e-01
-9.813674539327621460e-02
-4.312521219253540039e-02
-4.709965363144874573e-02
-9.103501215577125549e-03
3.741535544395446777e-02
7.761951535940170288e-02
4.419682174921035767e-02
1.163301244378089905e-01
-4.592984169721603394e-02
4.286340624094009399e-02
-1.038160249590873718e-01
1.841137409210205078e-01
6.991077959537506104e-02
-4.889081045985221863e-02
-3.251130506396293640e-02
7.087202975526452065e-04
-5.417435988783836365e-02
-6.252826750278472900e-02
9.776546061038970947e-02
-2.229543179273605347e-01
7.335016876459121704e-02
1.641442440450191498e-02
-3.434542194008827209e-02
-1.284790486097335815e-01
6.329999119043350220e-02
9.808319061994552612e-02
-5.375358089804649353e-02
1.319870948791503906e-01
-3.206763416528701782e-02
