6.222967058420181274e-02
-1.121853813529014587e-01
-5.593034625053405762e-02
1.379827260971069336e-01
3.931497409939765930e-02
-9.898200631141662598e-02
-1.112257838249206543e-01
-3.998158499598503113e-02
4.089356865733861923e-03
2.236989093944430351e-03
3.435922861099243164e-01
-8.072453737258911133e-02
9.796330332756042480e-02
-2.037922441959381104e-01
1.431760340929031372e-01
-1.767393946647644043e-01
2.365271560847759247e-02
9.011063724756240845e-03
-5.371793732047080994e-02
-1.327292621135711670e-01
2.087712585926055908e-01
-7.353250682353973389e-02
-4.342282935976982117e-02
-7.873048074543476105e-03
2.952882647514343262e-02
5.073682591319084167e-02
-9.664495289325714111e-02
7.103123515844345093e-02
-5.738721415400505066e-02
1.593206971883773804e-01
-6.262633204460144043e-02
-5.559444893151521683e-03
8.347132056951522827e-02
1.851464807987213135e-01
-1.569189280271530151e-01
2.040764838457107544e-01
-1.603879779577255249e-01
-2.337086759507656097e-02
1.278481166809797287e-02
8.657148480415344238e-02
-1.479352116584777832e-01
-5.511676892638206482e-02
-4.518058616667985916e-03
5.778440460562705994e-02
-8.374588936567306519e-02
-4.925625026226043701e-02
7.091423869132995605e-02
1.046356335282325745e-01
8.516567945480346680e-02
-1.388421654701232910e-01
-9.580417536199092865e-03
-2.111769653856754303e-02
5.041402578353881836e-02
-1.042387410998344421e-01
4.688477516174316406e-02
1.416541356593370438e-02
-3.885938599705696106e-02
1.716729253530502319e-02
-5.709649994969367981e-02
4.591466858983039856e-02
1.144764572381973267e-01
-1.200802810490131378e-02
2.710509113967418671e-02
-1.208093762397766113e-01
1.952323317527770996e-02
1.493182629346847534e-01
1.651561856269836426e-01
-2.392432540655136108e-01
2.967760339379310608e-02
-6.412410736083984375e-02
-7.294894754886627197e-02
-3.385923802852630615e-02
-8.513449877500534058e-02
4.775493964552879333e-02
1.957703940570354462e-02
1.667983680963516235e-01
4.036020487546920776e-02
-7.286024838685989380e-02
2.561164833605289459e-02
-7.098446786403656006e-02
-3.503709658980369568e-02
6.607635412365198135e-03
-2.009337693452835083e-01
-4.974868521094322205e-02
4.994847998023033142e-02
6.529372185468673706e-02
1.149288192391395569e-01
-7.635075598955154419e-02
1.749409362673759460e-02
5.230806022882461548e-02
-2.618358470499515533e-02
7.909726118668913841e-04
6.461931765079498291e-02
-1.420086622238159180e-01
-1.993605680763721466e-02
-4.205999895930290222e-02
6.453771144151687622e-02
-5.094277858734130859e-02
9.995596855878829956e-02
3.432575240731239319e-02
4.356930404901504517e-02
3.460879670456051826e-03
-1.132913753390312195e-01
9.469866007566452026e-02
-4.953711852431297302e-02
1.740581095218658447e-01
-2.333232015371322632e-02
-4.310084972530603409e-03
3.680115565657615662e-02
-2.777444198727607727e-02
1.350305974483489990e-01
1.300989389419555664e-01
-2.914202027022838593e-02
1.509065777063369751e-01
2.136592566967010498e-02
-6.403227895498275757e-02
9.867475926876068115e-02
4.919660836458206177e-02
-2.804549410939216614e-02
4.030660539865493774e-02
