6.586019694805145264e-02
-1.232485920190811157e-01
7.072300463914871216e-02
9.712822735309600830e-03
-7.005684822797775269e-02
2.779777860268950462e-03
-8.450577408075332642e-02
9.586734697222709656e-03
-4.707030579447746277e-02
-2.858780883252620697e-02
-6.884418427944183350e-02
-4.598575457930564880e-02
-8.000147342681884766e-02
3.041433729231357574e-02
-8.267829567193984985e-02
1.348860710859298706e-01
-1.127834475482814014e-04
5.033887177705764771e-02
-7.649897783994674683e-02
5.236333608627319336e-02
-4.167107120156288147e-02
-1.877224305644631386e-03
-1.543099135160446167e-01
-3.511017933487892151e-02
2.938836626708507538e-02
-6.219720467925071716e-02
4.038585815578699112e-03
1.126415655016899109e-01
-1.924037635326385498e-01
-1.256354302167892456e-01
6.566638499498367310e-02
2.509441971778869629e-02
-1.966258510947227478e-02
1.463670935481786728e-02
-1.459579467773437500e-01
-3.819641098380088806e-02
-2.640399932861328125e-01
1.633020341396331787e-01
-1.678694039583206177e-01
-6.005352362990379333e-02
-3.264559060335159302e-02
-6.554338335990905762e-02
1.128365546464920044e-01
-8.452937006950378418e-02
5.298937112092971802e-02
-1.944964677095413208e-01
2.291920222342014313e-02
6.764506455510854721e-03
2.044638060033321381e-02
-1.437067687511444092e-01
-2.099804431200027466e-01
1.047238986939191818e-02
1.177660655230283737e-02
-5.774848535656929016e-02
1.149529218673706055e-01
3.715775907039642334e-02
-3.446068242192268372e-02
1.103630885481834412e-01
-4.500016942620277405e-02
-8.539352566003799438e-03
5.856304243206977844e-02
6.922360509634017944e-02
-1.322880089282989502e-01
1.044111251831054688e-01
9.667289257049560547e-02
-7.356265187263488770e-02
-1.778695434331893921e-01
-5.732607468962669373e-02
-2.463483810424804688e-02
1.305343955755233765e-02
-5.233136937022209167e-02
1.259728372097015381e-01
5.442775413393974304e-02
-7.544001936912536621e-02
1.588072180747985840e-01
-9.631830453872680664e-02
-9.439622052013874054e-03
-8.120606839656829834e-02
2.857470419257879257e-03
1.444932967424392700e-01
7.559914886951446533e-02
-1.561087220907211304e-01
1.877422444522380829e-02
1.521658003330230713e-01
3.867438063025474548e-02
-1.514862179756164551e-01
-7.220935076475143433e-02
-6.859030574560165405e-02
1.215044781565666199e-01
1.317446082830429077e-01
2.434065006673336029e-02
-8.275384455919265747e-02
-1.042598709464073181e-01
-3.033284842967987061e-02
1.641319505870342255e-02
-1.991039812564849854e-01
1.561549305915832520e-01
1.122813820838928223e-01
9.975109994411468506e-02
1.950105279684066772e-02
-2.066436111927032471e-01
2.671895921230316162e-02
-2.866540849208831787e-02
1.500253379344940186e-01
-2.324957400560379028e-02
-2.308575622737407684e-02
-4.480125755071640015e-02
-1.357129663228988647e-01
8.675619959831237793e-03
2.176544629037380219e-02
-2.110072411596775055e-02
-7.016377151012420654e-02
-7.274292409420013428e-02
-1.576163806021213531e-02
-3.292074427008628845e-02
1.962542235851287842e-01
-1.443882882595062256e-01
3.079442493617534637e-02
2.983747795224189758e-02
2.705695666372776031e-02
