1.990559995174407959e-01
1.137134656310081482e-01
2.660565637052059174e-02
-3.500046730041503906e-01
-1.076050400733947754e-01
1.732541620731353760e-01
4.348085075616836548e-02
-2.402091026306152344e-01
1.028020866215229034e-02
1.094119697809219360e-01
-3.790070116519927979e-02
-9.652223438024520874e-02
-3.099182806909084320e-02
1.298982882872223854e-03
3.817401453852653503e-02
-2.615414857864379883e-01
-7.253458350896835327e-02
-1.856463402509689331e-02
-7.676456868648529053e-02
-2.034612558782100677e-02
4.450691491365432739e-02
-4.595638718456029892e-03
1.917591542005538940e-01
4.398963600397109985e-02
-1.005350500345230103e-01
-2.765112183988094330e-02
8.707418292760848999e-02
-7.038225978612899780e-02
2.598367072641849518e-02
-1.563940644264221191e-01
7.972573488950729370e-02
5.726500228047370911e-02
2.285288125276565552e-01
8.747025579214096069e-02
7.893659919500350952e-02
-1.662769764661788940e-01
-1.213526874780654907e-01
3.191277012228965759e-02
1.067871004343032837e-01
-1.980442553758621216e-01
-6.424938328564167023e-03
1.514695119112730026e-02
2.392154186964035034e-02
1.626833342015743256e-02
-1.960722506046295166e-01
-1.328043192625045776e-01
-1.732462793588638306e-01
-1.900670379400253296e-01
-5.816349014639854431e-02
-3.686062619090080261e-02
6.312008481472730637e-03
2.712636627256870270e-02
-5.005736276507377625e-02
1.494231671094894409e-01
2.315819710493087769e-01
1.274328213185071945e-02
-3.104666247963905334e-02
-6.127441767603158951e-03
6.943879276514053345e-02
3.047585487365722656e-02
9.651952236890792847e-02
-3.602376580238342285e-02
2.364143170416355133e-02
1.672095432877540588e-02
5.985693261027336121e-02
1.733588241040706635e-02
7.417088747024536133e-02
-2.136312611401081085e-02
-7.752392441034317017e-02
-7.095653563737869263e-03
-5.081411078572273254e-02
1.209242269396781921e-01
-9.469503909349441528e-02
1.893650144338607788e-01
1.402166765183210373e-02
-1.098138559609651566e-02
1.012265235185623169e-01
-9.185151010751724243e-02
4.312692210078239441e-02
1.198260784149169922e-01
-6.161083653569221497e-02
1.216331124305725098e-01
5.960091575980186462e-02
-1.288786679506301880e-01
-8.728321641683578491e-02
6.098668649792671204e-02
-9.600098431110382080e-02
-8.093711733818054199e-02
-2.984726801514625549e-02
-5.812434107065200806e-02
-1.052904278039932251e-01
-1.747569292783737183e-01
4.445796087384223938e-02
-2.061989903450012207e-02
-6.293367594480514526e-03
2.161190472543239594e-02
-2.380324527621269226e-02
2.557212486863136292e-02
1.122700348496437073e-01
1.843591779470443726e-01
-1.834086491726338863e-03
9.301683865487575531e-03
1.047915145754814148e-01
6.492028385400772095e-02
-1.748056337237358093e-02
5.735459923744201660e-02
-1.912864148616790771e-01
6.524723023176193237e-02
1.200451031327247620e-01
1.693562567234039307e-01
2.106459811329841614e-02
-2.096618339419364929e-02
-6.993716210126876831e-02
-2.923833765089511871e-02
-8.316667377948760986e-02
-9.551934897899627686e-02
2.811285294592380524e-02
-3.723300620913505554e-02
-8.194070309400558472e-02
-3.121102415025234222e-02
