1.184470877051353455e-01
-5.500975996255874634e-02
-1.773872785270214081e-02
1.656249761581420898e-01
7.066128402948379517e-02
-1.344790160655975342e-01
1.667346507310867310e-01
-6.839500740170478821e-03
1.464872956275939941e-01
1.182417199015617371e-01
1.266778409481048584e-01
-1.305540651082992554e-01
-2.563732862472534180e-02
1.153114661574363708e-01
1.003749296069145203e-01
-2.227139472961425781e-01
2.878900431096553802e-02
1.216238886117935181e-01
5.948870256543159485e-02
9.485250338912010193e-03
-1.632187701761722565e-02
-2.842452228069305420e-01
-9.888245165348052979e-02
5.714180693030357361e-02
8.003097772598266602e-02
1.452636066824197769e-02
-1.297841817140579224e-01
-1.242888793349266052e-01
-4.830453079193830490e-03
-1.965774595737457275e-01
6.438649445772171021e-02
-1.092550382018089294e-01
-6.595373898744583130e-02
1.472183018922805786e-01
-2.659431472420692444e-02
-2.436048910021781921e-02
-2.118840068578720093e-01
4.918694496154785156e-02
3.511538356542587280e-02
1.980240046977996826e-01
-3.447890514507889748e-03
3.261857852339744568e-02
5.739312246441841125e-02
7.058664225041866302e-03
-1.997016929090023041e-02
2.946090139448642731e-02
-8.407860994338989258e-02
2.634272575378417969e-01
3.107041493058204651e-02
-7.504631765186786652e-03
2.053474932909011841e-01
1.249099373817443848e-01
3.002887964248657227e-02
-4.300330206751823425e-02
-9.121669828891754150e-02
1.895872130990028381e-02
-8.046434074640274048e-02
-6.786129623651504517e-02
1.184602603316307068e-01
-2.815955877304077148e-02
-7.019869238138198853e-02
-2.180281281471252441e-02
7.957792282104492188e-02
-2.227866649627685547e-01
1.779644638299942017e-01
3.962958604097366333e-02
2.254713028669357300e-01
5.514254793524742126e-02
9.953416883945465088e-02
6.603617221117019653e-02
6.933987140655517578e-02
-9.655482321977615356e-02
-1.257625073194503784e-01
-1.241809502243995667e-01
1.356797963380813599e-01
1.023940667510032654e-01
1.959135383367538452e-02
1.216008886694908142e-01
-3.750851377844810486e-02
-9.494242072105407715e-02
8.978620171546936035e-03
1.432693451642990112e-01
-5.218337848782539368e-02
2.116043418645858765e-01
2.137021571397781372e-01
2.394350618124008179e-02
-1.698430031538009644e-01
-7.619701325893402100e-02
4.676768928766250610e-02
3.441119194030761719e-02
7.618450373411178589e-02
1.574368099682033062e-03
6.124708801507949829e-03
1.621728539466857910e-01
2.504874579608440399e-02
-8.428996801376342773e-02
-1.716294735670089722e-01
-6.016143783926963806e-02
-4.598653875291347504e-03
7.082745432853698730e-02
2.249016761779785156e-01
1.574190855026245117e-01
4.415681958198547363e-02
-4.742880910634994507e-02
-1.880715638399124146e-01
8.466359227895736694e-02
-1.385144442319869995e-01
2.793284133076667786e-02
-1.003776118159294128e-01
5.179135594516992569e-03
1.504317373037338257e-01
-1.678403913974761963e-01
-8.859192579984664917e-02
4.127293452620506287e-02
-5.471527576446533203e-02
-1.852227188646793365e-02
2.937309145927429199e-01
9.809138625860214233e-02
1.164483577013015747e-01
-9.066279232501983643e-02
