3.003288619220256805e-02
-7.525351643562316895e-02
9.732642024755477905e-02
9.008044004440307617e-02
-2.072432637214660645e-02
2.383036166429519653e-02
-1.105793267488479614e-01
1.555874049663543701e-01
-2.251718752086162567e-02
8.553846925497055054e-02
3.682816401124000549e-02
1.701035052537918091e-01
-1.242190971970558167e-01
-5.359154194593429565e-03
-8.257009834051132202e-02
-4.984369128942489624e-02
1.130562424659729004e-01
1.513396203517913818e-02
-3.540821373462677002e-03
1.419658958911895752e-01
1.416781800799071789e-03
1.560674160718917847e-01
-9.472226351499557495e-02
1.233998406678438187e-02
-1.066663116216659546e-01
1.773525378666818142e-03
2.997814491391181946e-02
2.860842272639274597e-02
9.891369938850402832e-02
6.900572776794433594e-02
1.055961102247238159e-02
-7.626253180205821991e-03
-4.521057382225990295e-02
1.024539694190025330e-01
4.725173581391572952e-03
7.320283912122249603e-03
-1.131366640329360962e-01
-2.228159271180629730e-02
-3.381928056478500366e-02
-2.147654145956039429e-01
-7.862511277198791504e-02
1.985089667141437531e-02
5.225718393921852112e-02
-4.228698089718818665e-02
1.752012036740779877e-02
1.861640997231006622e-02
5.434681102633476257e-02
-1.040721163153648376e-01
-6.436307448893785477e-03
-6.644173059612512589e-03
9.257771074771881104e-02
1.888697221875190735e-02
-2.321616113185882568e-01
-1.029699370265007019e-01
-6.450836360454559326e-02
-5.105422809720039368e-02
-1.437800675630569458e-01
4.140061140060424805e-02
9.051313251256942749e-02
5.857407674193382263e-02
1.205163598060607910e-01
4.605582356452941895e-02
-1.322212629020214081e-03
4.311386868357658386e-02
-4.095491766929626465e-02
-1.329779066145420074e-02
1.682434603571891785e-02
2.791580185294151306e-02
1.213888600468635559e-01
-2.160959094762802124e-01
-4.537402465939521790e-02
2.396848201751708984e-01
-5.180377140641212463e-02
-2.141882851719856262e-02
2.992632240056991577e-02
1.488358229398727417e-01
-7.769037783145904541e-02
1.484121978282928467e-01
-1.806611716747283936e-01
-1.078472733497619629e-01
-2.729410827159881592e-01
-5.154548212885856628e-02
9.698968380689620972e-02
-3.179341852664947510e-01
-1.638297736644744873e-02
-9.554550051689147949e-03
-8.006944507360458374e-02
-3.479545935988426208e-02
-6.818623840808868408e-02
3.216705471277236938e-02
8.293978869915008545e-02
-1.162325441837310791e-01
9.112366475164890289e-03
-7.882290333509445190e-02
-1.020467206835746765e-01
1.383606493473052979e-01
-8.312512934207916260e-02
-8.695774525403976440e-02
5.485338345170021057e-02
6.770046800374984741e-02
1.279406435787677765e-02
-2.472495138645172119e-01
4.123030975461006165e-02
-9.313565492630004883e-02
-6.039160490036010742e-02
9.760452806949615479e-02
7.236170768737792969e-02
1.736611574888229370e-01
-2.968071494251489639e-03
2.823653519153594971e-01
-1.982782967388629913e-02
7.285556942224502563e-02
-6.150534842163324356e-03
2.767524681985378265e-02
-1.209140475839376450e-02
-2.760777482762932777e-03
-4.858753643929958344e-03
5.459805205464363098e-02
7.366046309471130371e-02
2.539294362068176270e-01
