4.431644082069396973e-02
-8.555659651756286621e-02
2.571657598018646240e-01
2.006845027208328247e-01
-1.051258668303489685e-01
-1.618681475520133972e-02
-6.149961426854133606e-02
-1.734032295644283295e-02
-4.979113861918449402e-02
1.472809314727783203e-01
8.603396266698837280e-02
-1.186353713274002075e-01
-2.719986997544765472e-02
-1.805748092010617256e-03
-2.531166970729827881e-01
8.658184111118316650e-02
1.472389549016952515e-01
1.210569515824317932e-01
5.227514542639255524e-03
-4.599059745669364929e-02
6.924804300069808960e-02
1.791027784347534180e-01
1.022556573152542114e-01
2.259134314954280853e-02
-3.905984759330749512e-02
1.665719896554946899e-01
-5.057306215167045593e-02
-7.928832620382308960e-02
1.388132423162460327e-01
5.976920202374458313e-02
-1.510290056467056274e-01
-3.509234264492988586e-02
2.949600815773010254e-01
-1.784386187791824341e-01
-5.328099057078361511e-02
-7.937075197696685791e-02
6.659933365881443024e-03
-2.438556589186191559e-02
-2.115118317306041718e-02
-1.122699752449989319e-01
1.758736521005630493e-01
1.318591535091400146e-01
-4.278776794672012329e-02
-1.049377247691154480e-01
-8.783486671745777130e-03
-2.119847759604454041e-02
-7.854335010051727295e-02
-4.193622246384620667e-02
-7.715564221143722534e-02
-2.697795443236827850e-02
1.271438132971525192e-02
1.555180102586746216e-01
1.291330065578222275e-02
1.309550702571868896e-01
8.245194703340530396e-02
1.008170470595359802e-01
7.436033338308334351e-02
5.976119078695774078e-03
1.009006500244140625e-01
-1.119690462946891785e-01
-1.015553995966911316e-01
-1.109927073121070862e-01
-2.992697954177856445e-01
2.123950421810150146e-02
-1.911000162363052368e-02
5.565895512700080872e-02
8.139650523662567139e-02
-3.724650293588638306e-02
-1.125397235155105591e-01
-2.578874528408050537e-01
2.522206306457519531e-01
-2.343411445617675781e-01
2.252740412950515747e-01
-1.452744193375110626e-02
-8.592283353209495544e-03
3.206454217433929443e-02
7.572387903928756714e-02
1.156017463654279709e-02
3.543151915073394775e-02
5.734618380665779114e-02
-9.335347265005111694e-02
4.093093797564506531e-02
-3.282317891716957092e-02
9.739771485328674316e-02
-3.645027801394462585e-02
-2.538833022117614746e-01
-1.529311090707778931e-01
-6.235533580183982849e-02
-1.413926184177398682e-01
-1.100687980651855469e-01
3.180499747395515442e-02
1.419324278831481934e-01
1.005843207240104675e-01
-1.108527462929487228e-02
1.289588212966918945e-01
5.741054564714431763e-02
4.506519064307212830e-03
1.651693508028984070e-02
1.124783381819725037e-01
5.520068481564521790e-02
-1.359234750270843506e-01
7.500361651182174683e-02
-2.352560497820377350e-02
7.527764886617660522e-02
-1.148653179407119751e-01
1.194863095879554749e-01
-3.223166987299919128e-02
1.245733723044395447e-01
7.445287704467773438e-02
9.290619194507598877e-02
5.086849257349967957e-02
1.011494398117065430e-01
1.024346351623535156e-01
8.573845773935317993e-02
9.028087556362152100e-02
1.031491439789533615e-02
-5.799722671508789062e-02
3.596431389451026917e-02
-1.127863209694623947e-02
-2.333822101354598999e-02
