-1.636348851025104523e-02
1.548663824796676636e-01
-4.178136959671974182e-02
1.385605335235595703e-01
-7.951013743877410889e-03
2.210630849003791809e-02
5.024315044283866882e-02
3.455401211977005005e-02
1.054264232516288757e-01
1.613708287477493286e-01
-1.682836264371871948e-01
9.854195266962051392e-02
4.860989749431610107e-02
3.104617819190025330e-02
-9.655954688787460327e-02
1.460224986076354980e-01
-3.433730825781822205e-02
8.563052862882614136e-02
-1.304379478096961975e-02
-1.021996513009071350e-01
2.149143442511558533e-02
9.585262835025787354e-02
-1.327586323022842407e-01
-6.857462972402572632e-02
7.131743431091308594e-02
1.390443593263626099e-01
1.581996679306030273e-01
2.630431652069091797e-01
3.525622934103012085e-02
1.400893479585647583e-01
-1.848336458206176758e-01
-8.539095520973205566e-02
3.223994374275207520e-02
-1.739760744385421276e-03
1.435881853103637695e-01
-1.005954444408416748e-01
-1.132243424654006958e-01
1.355250328779220581e-01
-1.477689482271671295e-02
3.723180666565895081e-02
-3.371233493089675903e-02
-2.404381893575191498e-02
2.384469658136367798e-02
-2.161431163549423218e-01
-7.733824849128723145e-02
-1.030681654810905457e-01
-7.917667180299758911e-02
-6.939326226711273193e-02
-2.700484590604901314e-03
-2.469312250614166260e-01
-1.273700743913650513e-01
8.691085875034332275e-02
-7.274743402376770973e-04
-1.540890336036682129e-01
2.054390609264373779e-01
-5.424429103732109070e-02
-1.522135455161333084e-02
6.777836382389068604e-02
2.728130817413330078e-01
3.581088408827781677e-02
-7.714694738388061523e-02
1.965179592370986938e-01
1.036066412925720215e-01
6.471686065196990967e-02
-2.333729565143585205e-01
5.953671783208847046e-02
-2.240364849567413330e-01
-6.043176725506782532e-02
3.363043442368507385e-02
7.380279153585433960e-02
-1.605450379429385066e-04
1.091130375862121582e-01
-3.462576866149902344e-02
1.558289770036935806e-02
4.461643472313880920e-02
2.615290880203247070e-02
1.790053583681583405e-02
3.433762118220329285e-02
-5.671950429677963257e-02
-5.413338541984558105e-02
9.855971485376358032e-02
8.328396826982498169e-02
-7.857091724872589111e-02
9.543822705745697021e-02
2.297347038984298706e-01
-7.272062450647354126e-02
9.216985851526260376e-02
-8.348735421895980835e-02
-1.310510784387588501e-01
7.187855988740921021e-02
8.642826229333877563e-02
-8.225356787443161011e-02
3.995500504970550537e-02
-2.183173410594463348e-02
-8.088283985853195190e-02
-8.042746782302856445e-02
-2.448715828359127045e-02
-1.170256286859512329e-01
7.210942357778549194e-02
-5.433545634150505066e-02
-9.254623204469680786e-02
4.900423809885978699e-02
2.410302637144923210e-03
-1.116416677832603455e-01
1.007652748376131058e-02
4.323251172900199890e-02
-5.186335649341344833e-03
5.095855891704559326e-02
1.594315022230148315e-01
1.430287957191467285e-02
-1.504372712224721909e-02
-3.111931122839450836e-02
1.313094347715377808e-01
1.048261895775794983e-01
-1.124646514654159546e-01
8.028910309076309204e-02
-1.598918884992599487e-01
-3.762893378734588623e-02
2.118624299764633179e-01
-9.630715847015380859e-02
