-8.876145631074905396e-02
-3.771771118044853210e-02
1.818517595529556274e-01
-1.037763282656669617e-01
9.279669821262359619e-02
9.770857542753219604e-02
-1.353583782911300659e-01
1.475723739713430405e-02
-4.606113582849502563e-02
-9.402514249086380005e-02
7.421165704727172852e-02
1.025847345590591431e-02
3.130635619163513184e-02
8.526777476072311401e-02
-1.102116331458091736e-01
-3.282076492905616760e-02
1.362384576350450516e-02
9.238585829734802246e-02
1.125277578830718994e-01
9.665837138891220093e-02
-1.234075427055358887e-02
2.486618421971797943e-02
2.665420807898044586e-02
2.821776457130908966e-02
-1.642208918929100037e-02
5.720216408371925354e-02
-1.344205588102340698e-01
4.068055376410484314e-02
1.052422150969505310e-01
1.253064572811126709e-01
1.846731901168823242e-01
3.947148844599723816e-02
4.844069480895996094e-02
6.367214024066925049e-02
-4.942802339792251587e-02
-9.661369025707244873e-02
-7.381930202245712280e-02
-7.171371020376682281e-03
9.290257468819618225e-03
1.063979789614677429e-01
-1.092628315091133118e-01
-1.754419952630996704e-01
6.157784722745418549e-03
-1.040415465831756592e-02
-1.048556808382272720e-02
-1.745479926466941833e-02
-1.433167755603790283e-01
1.540655344724655151e-01
1.791868954896926880e-01
-4.452408105134963989e-02
-1.763002574443817139e-01
1.046380847692489624e-01
-7.049481570720672607e-02
-1.088542640209197998e-01
-1.136454716324806213e-01
7.393675297498703003e-02
-8.854575455188751221e-02
-9.633859992027282715e-02
1.281627863645553589e-01
-4.931700974702835083e-02
1.532726828008890152e-02
1.174600273370742798e-01
2.269755490124225616e-02
4.548941180109977722e-02
6.784698367118835449e-02
-2.330820858478546143e-01
1.724995300173759460e-02
1.164359822869300842e-01
2.480087429285049438e-02
3.065066970884799957e-02
7.990261167287826538e-02
-9.023254364728927612e-02
4.431287944316864014e-02
2.311158739030361176e-02
-4.041497409343719482e-02
3.229112923145294189e-02
4.430567380040884018e-03
-5.506369099020957947e-02
1.245986670255661011e-01
-3.013756871223449707e-02
2.131158858537673950e-02
-7.676628977060317993e-02
9.607042372226715088e-02
1.943673789501190186e-01
-1.236353963613510132e-01
-9.611975401639938354e-02
-1.130419299006462097e-01
9.080415219068527222e-02
-7.117040921002626419e-03
-1.649829447269439697e-01
-1.260447651147842407e-01
-5.208693444728851318e-02
-9.898868203163146973e-02
2.641659416258335114e-02
-3.196894377470016479e-02
-3.819265961647033691e-02
-1.130799427628517151e-01
2.034021914005279541e-02
-1.797332912683486938e-01
6.694155931472778320e-02
-7.571148872375488281e-02
-1.235715206712484360e-02
-7.403746247291564941e-02
3.103484027087688446e-02
4.465215653181076050e-02
1.765478998422622681e-01
-1.508841663599014282e-01
8.826266974210739136e-02
-4.942616075277328491e-02
3.385231643915176392e-02
-4.038451705127954483e-03
2.396082505583763123e-02
-6.106820702552795410e-02
1.454220861196517944e-01
-4.397909343242645264e-02
6.214490905404090881e-02
1.518441885709762573e-01
8.369453251361846924e-02
1.939695030450820923e-01
-4.245848208665847778e-02
