1.304770470596849918e-03
1.440099328756332397e-01
6.960552930831909180e-02
1.379728019237518311e-01
1.630757898092269897e-01
-3.045310266315937042e-02
7.675725035369396210e-03
6.093737203627824783e-03
3.323879092931747437e-02
3.567362204194068909e-02
-1.455360054969787598e-01
-1.445896029472351074e-01
-1.859110966324806213e-02
3.256053104996681213e-02
1.875381916761398315e-01
1.020195614546537399e-02
8.999618887901306152e-02
2.630919516086578369e-01
9.197934716939926147e-02
4.057757556438446045e-02
-2.162186354398727417e-01
9.718498331494629383e-04
5.730659142136573792e-02
1.241774931550025940e-01
-8.742311969399452209e-03
-1.261923112906515598e-03
-1.113540008664131165e-01
2.128975242376327515e-01
1.266663521528244019e-01
-1.554882228374481201e-01
1.946531981229782104e-01
-3.763963282108306885e-02
-2.864363789558410645e-01
-9.048160165548324585e-02
-1.136877760291099548e-02
4.643188416957855225e-02
-3.053463809192180634e-02
9.140835143625736237e-03
1.050094962120056152e-01
-5.221969261765480042e-02
-3.402250632643699646e-02
1.671162247657775879e-02
-1.222618739120662212e-03
-1.165812164545059204e-01
-2.244136296212673187e-02
-1.476990431547164917e-01
5.288979783654212952e-02
1.758863218128681183e-02
1.719181425869464874e-02
1.745896339416503906e-01
-9.542253613471984863e-02
5.139208398759365082e-03
-1.940126717090606689e-02
-4.501632973551750183e-02
1.864166259765625000e-01
-2.738997526466846466e-02
-1.309559331275522709e-03
2.560151219367980957e-01
5.274922773241996765e-02
2.926123142242431641e-02
3.953572362661361694e-02
5.721033737063407898e-02
5.505208298563957214e-02
-5.092984065413475037e-02
9.199740737676620483e-02
-7.611595094203948975e-02
-1.701413304544985294e-03
-1.601123511791229248e-01
-1.922985911369323730e-01
-5.351033806800842285e-02
-5.996910110116004944e-02
9.503109008073806763e-02
-9.278496354818344116e-02
-6.028118729591369629e-02
1.629362553358078003e-01
4.764622077345848083e-03
-1.544615924358367920e-01
9.673529863357543945e-02
-4.915589466691017151e-02
-3.877597674727439880e-02
1.540941894054412842e-01
-1.328418701887130737e-01
-5.828572064638137817e-02
-2.508856914937496185e-02
-1.710777133703231812e-01
-2.614613063633441925e-02
1.156929954886436462e-01
-1.133861318230628967e-01
-1.560541391372680664e-01
-1.798558086156845093e-01
-2.413065731525421143e-01
-2.822642214596271515e-02
-1.999190747737884521e-01
-1.256262063980102539e-01
2.107059769332408905e-02
5.864034593105316162e-02
-7.317462563514709473e-02
-7.225698977708816528e-02
9.241018444299697876e-02
8.877255767583847046e-02
6.460223346948623657e-02
-4.188279435038566589e-02
-8.588881790637969971e-02
-4.265630990266799927e-02
-2.157683949917554855e-03
1.536488980054855347e-01
1.267803926020860672e-02
-6.423308700323104858e-02
-6.192622240632772446e-03
2.260372638702392578e-01
-8.186443895101547241e-02
1.185771450400352478e-01
1.626534461975097656e-01
-7.362189143896102905e-02
3.484276309609413147e-02
-8.436734206043183804e-04
-2.071924060583114624e-01
-1.289555728435516357e-01
-1.050381734967231750e-01
2.234860211610794067e-01
