-2.034189701080322266e-01
-2.173330262303352356e-02
4.721771925687789917e-02
5.961396917700767517e-02
-2.345240116119384766e-02
8.574911206960678101e-02
1.380021721124649048e-01
2.189944125711917877e-02
-3.190602362155914307e-02
6.168780964799225330e-04
-4.306071624159812927e-02
-8.122278749942779541e-02
9.251186996698379517e-02
6.069841608405113220e-02
6.108053028583526611e-03
-3.892491385340690613e-02
1.180725917220115662e-01
7.152897864580154419e-02
-3.676871582865715027e-02
1.897445172071456909e-01
7.745040208101272583e-02
-2.484081499278545380e-02
6.635127216577529907e-02
-1.862238161265850067e-02
-1.414488349109888077e-02
1.156177073717117310e-01
-8.848885446786880493e-02
-7.157431542873382568e-02
9.510009735822677612e-02
-1.092833876609802246e-01
1.221045404672622681e-01
-8.034848421812057495e-02
4.776839166879653931e-02
-1.340107768774032593e-01
-3.117391467094421387e-02
-1.891439408063888550e-01
-1.039194837212562561e-01
-9.690375626087188721e-02
-7.136551290750503540e-02
-1.217737570405006409e-01
1.925655826926231384e-02
-1.937637180089950562e-01
5.496359989047050476e-02
1.213422343134880066e-01
1.082765012979507446e-01
8.699106425046920776e-02
1.780033484101295471e-02
-3.153657019138336182e-01
5.688686296343803406e-02
-1.481094807386398315e-01
4.321093857288360596e-02
-5.183339491486549377e-02
-1.633131876587867737e-02
6.156935915350914001e-02
7.344162464141845703e-02
1.301162242889404297e-01
-7.343729585409164429e-02
1.020093336701393127e-01
-1.272764522582292557e-02
8.085901290178298950e-02
-8.580707013607025146e-03
-5.804607272148132324e-02
1.032993122935295105e-01
1.460380200296640396e-02
2.127021402120590210e-01
-2.773737907409667969e-02
4.847999662160873413e-03
1.546421051025390625e-01
5.958278104662895203e-02
1.604591459035873413e-01
1.777411997318267822e-01
-2.061766386032104492e-01
-8.572408556938171387e-02
2.032693848013877869e-02
1.127761695533990860e-02
1.059577390551567078e-01
-1.157911345362663269e-01
1.571844965219497681e-01
-3.789140656590461731e-02
8.258679509162902832e-02
-5.289207329042255878e-04
1.138211414217948914e-01
-5.805929377675056458e-02
1.052373424172401428e-01
-1.322128809988498688e-02
1.570048481225967407e-01
7.451025396585464478e-02
-6.981659680604934692e-02
-8.245980367064476013e-03
1.841969490051269531e-01
-2.963113784790039062e-01
2.237518690526485443e-02
-1.214230284094810486e-01
-1.636813431978225708e-01
2.762647718191146851e-02
-5.947189405560493469e-03
-3.458186611533164978e-02
2.112569287419319153e-03
3.021365217864513397e-02
-1.909922659397125244e-01
2.207478741183876991e-03
-2.512837015092372894e-02
-1.337819267064332962e-02
6.231255084276199341e-02
2.606764435768127441e-02
2.928422763943672180e-02
1.323516219854354858e-01
9.591954946517944336e-02
-2.597527578473091125e-02
1.164788529276847839e-01
2.482422888278961182e-01
-1.377836316823959351e-01
1.303388327360153198e-01
-1.898507028818130493e-02
-1.331237144768238068e-02
-5.184593424201011658e-02
-4.324182868003845215e-02
1.644139736890792847e-02
-9.450336918234825134e-03
-5.372653529047966003e-02
