1.998359151184558868e-02
-4.463341832160949707e-02
6.707058846950531006e-02
1.114892214536666870e-01
-5.825404543429613113e-03
-3.611471876502037048e-02
5.382437631487846375e-02
-1.349029392004013062e-01
4.106524959206581116e-02
-5.627026781439781189e-02
9.546238929033279419e-02
-3.217053413391113281e-02
4.483184963464736938e-02
2.402182668447494507e-02
1.861714385449886322e-02
7.606942206621170044e-02
-4.846609383821487427e-02
4.038510844111442566e-02
-1.634345352649688721e-01
1.228474676609039307e-01
7.769269496202468872e-02
-5.773889645934104919e-02
-5.206940323114395142e-02
-4.858029261231422424e-02
5.888823047280311584e-02
4.471159726381301880e-02
1.062261313199996948e-02
1.205849051475524902e-01
-9.066920727491378784e-02
-2.631982043385505676e-02
3.634971752762794495e-02
6.857024878263473511e-02
-1.431846916675567627e-01
1.367153823375701904e-01
1.943653635680675507e-02
5.108942836523056030e-02
1.027241721749305725e-01
-1.545086689293384552e-02
2.497021295130252838e-02
2.261105179786682129e-01
-3.383621945977210999e-02
-6.811434030532836914e-02
-9.063179022632539272e-04
4.266788810491561890e-02
-2.929768338799476624e-02
1.859767921268939972e-02
-2.661644108593463898e-02
1.495486218482255936e-02
-3.453636169433593750e-02
-1.259885579347610474e-01
-8.667731890454888344e-04
2.178273908793926239e-02
4.585671424865722656e-02
-9.594844654202461243e-03
1.620887517929077148e-01
6.078825518488883972e-02
-1.802780292928218842e-02
5.988844111561775208e-02
-9.952733665704727173e-02
-3.006213717162609100e-02
-1.523180026561021805e-02
-2.799607813358306885e-03
-4.221837222576141357e-02
2.876047976315021515e-02
-1.157804206013679504e-01
-6.282949470914900303e-04
5.657084402628242970e-04
-2.719705924391746521e-02
-2.612049132585525513e-02
-6.512700021266937256e-02
1.934320479631423950e-02
-4.285153374075889587e-02
-7.412026077508926392e-02
-4.498571902513504028e-02
2.706682495772838593e-02
3.284571692347526550e-02
-1.528297960758209229e-01
-1.882448606193065643e-02
5.409805104136466980e-02
-9.332712739706039429e-02
-2.766948426142334938e-03
-9.935539960861206055e-02
7.082156091928482056e-02
-4.479357227683067322e-02
7.167727500200271606e-02
-7.569864392280578613e-02
7.965366542339324951e-02
-2.280418761074542999e-02
-5.086854472756385803e-02
2.446740120649337769e-02
6.992563605308532715e-02
-1.274655908346176147e-01
7.066423445940017700e-02
-6.597899645566940308e-02
1.238565742969512939e-01
6.435278058052062988e-02
1.851462721824645996e-01
-7.351820170879364014e-02
1.059396564960479736e-01
2.241369150578975677e-02
-4.721311852335929871e-02
4.168181866407394409e-02
4.998290166258811951e-02
-2.744007110595703125e-02
-1.260552648454904556e-02
-2.167748287320137024e-02
2.024807333946228027e-01
-2.318793907761573792e-02
-4.446398839354515076e-02
6.386451423168182373e-02
1.525213718414306641e-01
-3.626593947410583496e-02
-1.813765242695808411e-02
-1.271520256996154785e-01
-8.965055644512176514e-02
-4.497641324996948242e-02
2.305652946233749390e-01
7.869420945644378662e-02
-2.772737666964530945e-02
1.116045787930488586e-01
