-1.631653308868408203e-02
-1.172743290662765503e-01
-2.941775321960449219e-02
2.831618487834930420e-02
3.175046294927597046e-02
-9.940580278635025024e-02
9.596811980009078979e-02
-7.646453380584716797e-02
4.057319089770317078e-02
-1.931062340736389160e-02
8.656943216919898987e-03
3.278185427188873291e-02
3.241836279630661011e-02
1.808366626501083374e-01
-1.136294975876808167e-01
8.158534020185470581e-02
-2.299152873456478119e-02
2.679487466812133789e-01
1.321627944707870483e-01
4.157754406332969666e-02
2.380210161209106445e-02
3.562055155634880066e-02
-4.076904058456420898e-02
1.003255769610404968e-01
-5.910242348909378052e-02
-1.419237405061721802e-01
-1.636210829019546509e-01
-7.956223934888839722e-02
7.980626076459884644e-02
4.499686416238546371e-03
-1.556171476840972900e-01
-1.874669492244720459e-01
-4.204002395272254944e-02
-8.844905346632003784e-02
-2.563658356666564941e-02
-7.058288156986236572e-02
8.533121645450592041e-02
1.177818104624748230e-01
7.445968687534332275e-03
-2.671272456645965576e-01
-1.059874147176742554e-01
-3.148115426301956177e-02
2.659532055258750916e-02
1.839082986116409302e-01
1.484464388340711594e-03
9.610228985548019409e-02
-6.438383460044860840e-02
2.984988503158092499e-02
2.471337467432022095e-02
3.222156316041946411e-02
7.603556849062442780e-03
1.367602944374084473e-01
8.711170405149459839e-02
4.806241020560264587e-02
1.283269077539443970e-01
-1.522669941186904907e-02
-9.375710040330886841e-02
1.570349931716918945e-01
2.951970323920249939e-03
-4.497604817152023315e-02
7.656237483024597168e-02
-3.415535017848014832e-02
8.652021177113056183e-03
2.252661250531673431e-02
-4.415595531463623047e-02
1.472459584474563599e-01
-1.196605041623115540e-01
-6.285335868597030640e-02
-2.584517234936356544e-03
-6.964307278394699097e-02
2.287158221006393433e-01
1.786895543336868286e-01
1.409440338611602783e-01
-2.460166662931442261e-01
-5.917561426758766174e-02
5.988204479217529297e-02
1.530180033296346664e-02
-1.462656706571578979e-01
1.276424527168273926e-01
-5.322513729333877563e-02
-3.482884541153907776e-02
-1.994349509477615356e-01
-1.127566322684288025e-01
5.270120501518249512e-02
-2.380551025271415710e-02
1.107765212655067444e-01
6.006666645407676697e-02
-1.022535189986228943e-01
7.769058644771575928e-02
-5.095799453556537628e-03
-2.713531069457530975e-02
1.707887090742588043e-02
-8.543504029512405396e-02
-1.327829360961914062e-01
-1.516954749822616577e-01
1.086411345750093460e-02
8.930977433919906616e-02
1.686473786830902100e-01
-6.706850975751876831e-02
-1.366425454616546631e-01
