1.005613133311271667e-01
-8.865982294082641602e-02
-1.799890846014022827e-01
1.063564643263816833e-01
-8.923406153917312622e-02
-5.317860469222068787e-02
-2.223987132310867310e-02
-5.257778987288475037e-02
9.556973725557327271e-02
-3.313414379954338074e-02
-2.698080055415630341e-02
7.158900797367095947e-02
-7.903183996677398682e-02
-2.383466064929962158e-01
-1.314559429883956909e-01
-2.221978083252906799e-02
4.873729124665260315e-02
-7.882540673017501831e-02
4.363118857145309448e-02
-3.234906867146492004e-02
-6.947106122970581055e-02
-9.499482065439224243e-02
-2.151369675993919373e-02
-2.710341848433017731e-02
1.184432059526443481e-01
-3.634526953101158142e-02
6.767358630895614624e-02
4.203841090202331543e-02
1.942638903856277466e-01
1.509108841419219971e-01
-1.187264472246170044e-01
-1.156745329499244690e-01
1.444632746279239655e-02
4.675879329442977905e-02
3.879857063293457031e-02
1.321527808904647827e-01
1.525404024869203568e-02
-7.802817970514297485e-02
-1.953501701354980469e-01
7.495858590118587017e-04
-7.954864948987960815e-02
-2.565449848771095276e-02
-2.153280191123485565e-02
-1.587326079607009888e-01
4.840338975191116333e-02
-1.053486689925193787e-01
-5.585953593254089355e-02
7.378231734037399292e-02
-5.592112895101308823e-03
-5.682038143277168274e-02
1.675985902547836304e-01
8.769228123128414154e-03
1.243646293878555298e-01
1.009872108697891235e-01
-3.188660368323326111e-02
-2.455688267946243286e-01
1.506214775145053864e-02
-9.311648458242416382e-02
3.861790522933006287e-02
6.733733415603637695e-02
5.520476028323173523e-02
7.436595112085342407e-02
1.052489429712295532e-01
-9.459071606397628784e-02
1.875671297311782837e-01
1.184497028589248657e-01
-1.669867336750030518e-01
-5.846816115081310272e-03
1.508297175168991089e-01
-1.623827069997787476e-01
-7.265461981296539307e-02
2.936285547912120819e-02
-1.928370073437690735e-02
1.160123497247695923e-01
2.448796033859252930e-01
-4.808677360415458679e-02
-1.605205051600933075e-02
-5.587020143866539001e-02
-5.571150779724121094e-02
1.111737173050642014e-02
-1.381617337465286255e-01
-1.619203388690948486e-01
1.126003041863441467e-01
-2.673966810107231140e-03
1.885383948683738708e-02
-8.960328251123428345e-02
1.245695501565933228e-01
8.998920768499374390e-02
9.608097374439239502e-02
2.759789861738681793e-02
-1.321562845259904861e-02
1.672996580600738525e-01
5.243587121367454529e-02
4.057929292321205139e-02
1.149088069796562195e-01
-1.368864346295595169e-02
1.450047641992568970e-02
1.394376307725906372e-01
1.045766472816467285e-01
-9.833945892751216888e-03
1.538441181182861328e-01
2.708173729479312897e-02
6.130334921181201935e-03
8.535435423254966736e-03
1.295375376939773560e-01
-8.457115292549133301e-02
1.251846849918365479e-01
-4.517855495214462280e-02
-7.021366804838180542e-02
-9.777158498764038086e-02
1.653368920087814331e-01
2.263935841619968414e-02
-4.361937940120697021e-02
2.808136120438575745e-02
2.775426767766475677e-02
-6.932521611452102661e-02
5.315208435058593750e-02
1.612548977136611938e-01
-1.467868983745574951e-01
-6.671991199254989624e-02
