-1.682084500789642334e-01
-1.373638957738876343e-01
1.758539229631423950e-01
7.404240220785140991e-02
-3.537181532010436058e-03
1.706950925290584564e-02
-1.052949652075767517e-01
2.973513305187225342e-02
-8.590318262577056885e-03
8.483595214784145355e-03
-1.098578721284866333e-01
6.724186241626739502e-02
-4.153113067150115967e-02
1.139191314578056335e-01
-3.155342070385813713e-03
-5.095911026000976562e-02
-4.387922957539558411e-02
7.032781094312667847e-02
-2.288675121963024139e-02
-1.172009706497192383e-01
9.261444956064224243e-02
1.556652691215276718e-02
-1.065617203712463379e-01
-1.318975538015365601e-02
4.505985602736473083e-02
1.235086470842361450e-01
-1.397483795881271362e-01
3.099597431719303131e-02
2.024949789047241211e-01
-2.103748619556427002e-01
1.175942793488502502e-01
-1.560519332997500896e-03
-4.542183130979537964e-02
1.551835425198078156e-02
-4.350282996892929077e-02
-1.006566211581230164e-01
1.217314600944519043e-01
-4.428352043032646179e-02
2.572570443153381348e-01
5.778864771127700806e-02
-7.731293886899948120e-02
-3.494329750537872314e-03
1.856380105018615723e-01
1.207383200526237488e-01
-1.023179888725280762e-01
-1.763461530208587646e-02
-1.298000067472457886e-01
-1.488765925168991089e-01
6.077636405825614929e-02
-4.920202121138572693e-02
-3.932575695216655731e-03
2.158793658018112183e-01
9.870164096355438232e-03
-1.671463847160339355e-01
2.010888233780860901e-02
-3.876924142241477966e-02
-1.112898513674736023e-01
6.804987043142318726e-02
1.012795567512512207e-01
5.412861704826354980e-02
1.658260226249694824e-01
-6.614798307418823242e-02
1.180303841829299927e-01
-6.347086280584335327e-02
-7.966522127389907837e-02
-6.749848276376724243e-02
-3.469342738389968872e-02
-2.639446593821048737e-02
-3.083208575844764709e-02
-2.365453541278839111e-02
1.092071756720542908e-01
-8.411850780248641968e-02
1.351199150085449219e-01
-9.333499521017074585e-02
-1.892354935407638550e-01
-3.163163363933563232e-02
4.137269780039787292e-02
-1.807395666837692261e-01
-1.248475909233093262e-01
-6.021258886903524399e-03
1.140970364212989807e-01
-4.009629040956497192e-02
-3.417313471436500549e-02
7.300871610641479492e-02
-1.568826586008071899e-01
1.292225718498229980e-01
1.262748539447784424e-01
1.560209989547729492e-01
8.235242217779159546e-02
-1.531232595443725586e-01
-7.263354212045669556e-02
1.342010647058486938e-01
-1.254247874021530151e-01
-2.407535351812839508e-02
1.059611365199089050e-01
5.234265327453613281e-02
1.018344983458518982e-01
-1.733519434928894043e-01
-4.607148095965385437e-02
6.289817392826080322e-02
-1.816598027944564819e-01
5.579229816794395447e-02
1.086076274514198303e-01
-3.893706714734435081e-03
6.807603687047958374e-02
4.382530599832534790e-02
-6.489543616771697998e-02
-4.433096200227737427e-02
-6.738966703414916992e-02
1.243048533797264099e-01
6.716149300336837769e-02
6.791442632675170898e-02
4.263131320476531982e-02
2.126988470554351807e-01
-2.742419019341468811e-02
2.458684742450714111e-01
1.271912306547164917e-01
-1.496699005365371704e-01
-1.703824847936630249e-02
-5.559729412198066711e-02
