-1.244939789175987244e-01
-1.366680115461349487e-01
7.533222436904907227e-02
-6.145757436752319336e-02
-1.228591725230216980e-01
3.246225789189338684e-02
-5.352733284235000610e-02
-3.130207210779190063e-02
5.928612500429153442e-02
-4.538544639945030212e-02
5.066370591521263123e-03
2.470789104700088501e-02
-8.848761767148971558e-02
1.282577868551015854e-02
9.706060402095317841e-03
-9.111265093088150024e-02
4.162770509719848633e-02
-1.600956469774246216e-01
2.967220358550548553e-02
1.403181701898574829e-01
-1.497543901205062866e-01
-7.286045700311660767e-03
2.363208495080471039e-02
6.522773951292037964e-02
-2.000800892710685730e-02
-1.505119819194078445e-02
1.220148131251335144e-01
7.590263616293668747e-03
5.117288231849670410e-02
-1.359819341450929642e-02
-2.407849393784999847e-02
2.420106381177902222e-01
-7.396571338176727295e-02
-1.355914771556854248e-01
-5.129833146929740906e-02
-5.911334231495857239e-02
-9.815487265586853027e-02
-1.133944168686866760e-01
-1.028534695506095886e-01
-1.047207713127136230e-01
-5.700413603335618973e-03
-6.816189736127853394e-02
-8.056373335421085358e-03
3.101633628830313683e-03
-5.409262608736753464e-03
1.117254700511693954e-02
8.621487766504287720e-02
2.425478212535381317e-02
-1.732437498867511749e-02
-3.029493093490600586e-01
-3.402304276823997498e-02
-3.267402574419975281e-02
8.151591569185256958e-02
1.068418174982070923e-01
-1.107682362198829651e-01
-4.758507385849952698e-02
1.058347746729850769e-01
-1.729928106069564819e-01
6.142576411366462708e-02
1.234757825732231140e-01
5.788525938987731934e-02
-7.634136080741882324e-02
5.959990620613098145e-02
-1.056455597281455994e-01
5.605770274996757507e-02
-2.577594853937625885e-02
-5.100348219275474548e-02
-2.275497913360595703e-01
1.723403297364711761e-02
1.333881821483373642e-02
1.753989420831203461e-02
-5.618607625365257263e-02
1.031215414404869080e-01
1.515843998640775681e-02
-5.309502407908439636e-02
-7.165203988552093506e-02
1.233344301581382751e-01
1.091057062149047852e-01
6.203038245439529419e-02
-3.617130592465400696e-02
5.525754019618034363e-02
-2.502091787755489349e-02
7.415792346000671387e-02
-1.719420589506626129e-02
-2.807610668241977692e-02
-2.875432670116424561e-01
2.464356599375605583e-03
4.852192010730504990e-03
1.892220675945281982e-01
-1.218786463141441345e-01
3.150703758001327515e-02
-4.665511474013328552e-02
5.833429843187332153e-02
1.293480247259140015e-01
1.140757128596305847e-01
6.600301712751388550e-02
4.408290237188339233e-02
1.510391831398010254e-01
-4.263282939791679382e-02
6.904422491788864136e-02
-1.415832340717315674e-01
-2.533292584121227264e-02
7.771360874176025391e-02
-2.676909556612372398e-03
1.652755774557590485e-02
2.334135584533214569e-02
5.959030985832214355e-02
-1.595079898834228516e-02
1.856679469347000122e-02
-1.395134329795837402e-01
2.100263833999633789e-01
4.196985438466072083e-02
1.680943965911865234e-01
-3.363008052110671997e-02
1.324042957276105881e-02
-1.353383809328079224e-01
-2.122332528233528137e-02
-1.221549287438392639e-01
7.679389417171478271e-02
-2.402359619736671448e-02
