8.610509335994720459e-03
1.155781149864196777e-01
1.031068190932273865e-01
9.353332966566085815e-02
-3.997722268104553223e-02
-7.662126328796148300e-03
2.558286488056182861e-02
-1.730278134346008301e-02
1.447202414274215698e-01
-7.786387205123901367e-02
-1.390203833580017090e-01
-5.051370337605476379e-02
-9.110336005687713623e-02
-8.608389645814895630e-02
6.222028285264968872e-02
6.528009474277496338e-02
-8.807282894849777222e-02
1.988708041608333588e-02
1.302020996809005737e-01
2.044499665498733521e-01
-1.394445300102233887e-01
5.679792910814285278e-02
-7.323496788740158081e-02
-1.366842687129974365e-01
-1.178255453705787659e-01
-3.738426417112350464e-02
9.634154289960861206e-02
-8.264761418104171753e-02
-8.446323126554489136e-02
9.126148186624050140e-03
1.073435097932815552e-01
1.883840113878250122e-01
5.059387907385826111e-02
-2.635337784886360168e-02
9.888928383588790894e-02
-1.146116293966770172e-02
-1.203327253460884094e-02
-1.454029828310012817e-01
1.188049688935279846e-01
1.771528571844100952e-01
-1.475229300558567047e-02
3.298716247081756592e-02
4.614947736263275146e-02
5.081168562173843384e-02
8.677177876234054565e-02
-1.985301962122321129e-03
1.001957580447196960e-01
1.303218603134155273e-01
1.557535231113433838e-01
8.499248325824737549e-02
-8.840366452932357788e-02
-4.154181107878684998e-02
1.091877818107604980e-01
-1.099675223231315613e-01
5.090677645057439804e-03
-8.343189209699630737e-02
-2.604437805712223053e-02
7.011025398969650269e-02
-2.952063083648681641e-02
-1.196903511881828308e-01
1.913691610097885132e-01
-5.939463898539543152e-02
-7.112371176481246948e-02
1.068646684288978577e-01
1.969007998704910278e-01
2.510062791407108307e-02
6.218879297375679016e-02
5.325801298022270203e-02
-5.775274476036429405e-04
5.683444067835807800e-02
-1.297330111265182495e-01
8.225217461585998535e-02
-6.010847911238670349e-02
-1.292601078748703003e-01
-1.652087084949016571e-02
7.965922355651855469e-02
-4.223835840821266174e-02
7.130292803049087524e-02
1.720540672540664673e-01
3.784462809562683105e-02
7.308671716600656509e-03
9.649100154638290405e-02
5.758147221058607101e-03
1.524660438299179077e-01
1.096975430846214294e-01
-9.847450256347656250e-02
3.032851591706275940e-02
3.778880834579467773e-02
-6.840071827173233032e-02
3.255189955234527588e-02
-4.661128669977188110e-02
-1.211293861269950867e-01
1.055444702506065369e-01
1.779352314770221710e-02
7.254447788000106812e-02
1.560629755258560181e-01
1.152959391474723816e-01
2.243093550205230713e-01
-5.082270503044128418e-02
-1.814823597669601440e-01
-9.333762340247631073e-03
4.200168326497077942e-02
-9.805521368980407715e-02
-1.738231480121612549e-01
-3.720301389694213867e-02
1.186007633805274963e-02
3.659698367118835449e-02
-1.430802699178457260e-02
1.420050114393234253e-01
-1.204337477684020996e-01
-9.277417510747909546e-02
1.156452521681785583e-01
-4.816768225282430649e-03
-1.217554807662963867e-01
9.980251640081405640e-02
-1.112910285592079163e-01
-1.087495237588882446e-01
1.276552584022283554e-02
-1.615241318941116333e-01
-5.632990226149559021e-02
