-1.529679284431040287e-03
-8.207526803016662598e-02
-1.266779750585556030e-02
-2.360130287706851959e-02
-1.601489931344985962e-01
4.901786893606185913e-02
-9.032375179231166840e-03
-9.593447297811508179e-02
-7.047353684902191162e-02
4.937608912587165833e-02
-1.084311008453369141e-01
4.982604458928108215e-02
2.819702401757240295e-02
5.173767730593681335e-02
-3.770095645450055599e-04
-6.653418391942977905e-02
-1.017563268542289734e-01
-6.295048631727695465e-03
1.874645501375198364e-01
5.852457508444786072e-02
-1.586296223104000092e-02
1.293953508138656616e-01
-1.980764605104923248e-02
-1.735626310110092163e-01
-1.565971821546554565e-01
4.513600096106529236e-02
3.705396130681037903e-02
1.122819408774375916e-01
4.054075572639703751e-03
-3.316541016101837158e-02
2.207655645906925201e-02
-8.734903298318386078e-03
5.665883421897888184e-02
1.687964238226413727e-02
-4.953764006495475769e-02
2.612860873341560364e-02
-1.340741217136383057e-01
-1.376378834247589111e-01
6.951040029525756836e-02
-7.255153357982635498e-02
6.109908223152160645e-02
4.657729342579841614e-02
7.599140703678131104e-02
1.167419329285621643e-01
6.479603052139282227e-02
1.225184127688407898e-01
-4.243470355868339539e-02
-6.597801297903060913e-02
1.075048670172691345e-01
-7.156847417354583740e-02
2.512057498097419739e-02
1.712928526103496552e-02
-2.877440862357616425e-02
1.784746795892715454e-01
8.817009627819061279e-02
1.260298341512680054e-01
1.632556170225143433e-01
1.196749731898307800e-01
1.707989722490310669e-01
-1.147746965289115906e-01
8.082005381584167480e-02
-6.026457622647285461e-02
5.629658326506614685e-02
1.234988123178482056e-01
1.125317811965942383e-01
1.154132261872291565e-01
-9.351487271487712860e-03
8.020644634962081909e-02
1.396836489439010620e-01
-1.507624238729476929e-01
-1.591758579015731812e-01
-1.101666614413261414e-01
-3.814421221613883972e-02
1.373128294944763184e-01
-4.446731507778167725e-02
4.783999919891357422e-02
-1.318902522325515747e-01
-3.085005283355712891e-02
-7.940655201673507690e-02
3.003052175045013428e-01
7.437250763177871704e-02
5.713732913136482239e-02
-1.069855019450187683e-01
-5.217188596725463867e-02
-1.461672335863113403e-01
-2.821394614875316620e-02
2.657035365700721741e-02
9.745218791067600250e-03
-4.568785429000854492e-02
1.554739754647016525e-02
5.039479956030845642e-02
-5.635991692543029785e-02
-7.851555943489074707e-02
2.020354121923446655e-01
5.214508995413780212e-02
2.190885879099369049e-02
2.460445649921894073e-02
1.538974046707153320e-01
-1.676256023347377777e-02
-1.739294268190860748e-03
-8.722447603940963745e-02
-1.381052285432815552e-01
-6.574458628892898560e-02
1.085942760109901428e-01
-1.732124686241149902e-01
-5.719463154673576355e-02
3.070928715169429779e-02
-1.322116255760192871e-01
8.797269314527511597e-02
-5.808494519442319870e-03
-5.250182747840881348e-02
-1.933053694665431976e-02
-7.947130501270294189e-02
-6.003198772668838501e-02
7.971010357141494751e-02
-2.746821939945220947e-02
1.808314472436904907e-01
3.763888031244277954e-02
-2.401844784617424011e-02
2.666421793401241302e-02
