-4.903002083301544189e-02
-3.252295404672622681e-02
-1.043496951460838318e-01
-5.029191449284553528e-02
-2.103363126516342163e-01
-1.071338579058647156e-01
-1.242232844233512878e-01
-1.623049527406692505e-01
-2.088459730148315430e-01
-6.420273566618561745e-04
5.896309018135070801e-02
7.712400704622268677e-02
1.158713269978761673e-02
-4.725967347621917725e-02
-4.609220102429389954e-02
1.555822640657424927e-01
2.312762476503849030e-02
-2.193701639771461487e-02
6.573989242315292358e-02
3.621217235922813416e-02
-1.460513621568679810e-01
2.021296694874763489e-02
-7.389456778764724731e-02
-5.415779352188110352e-02
1.215915605425834656e-01
-1.753048151731491089e-01
-1.485545188188552856e-01
2.110157757997512817e-01
-2.254458889365196228e-02
-1.450133770704269409e-01
4.404320567846298218e-02
-1.580815911293029785e-01
8.727673441171646118e-02
-1.259709298610687256e-01
5.277640745043754578e-02
-3.651215881109237671e-02
1.447982788085937500e-01
4.281607642769813538e-02
3.859020397067070007e-02
-6.133543327450752258e-02
-9.644651412963867188e-02
-9.554527699947357178e-02
-8.935694396495819092e-02
1.496869921684265137e-01
-1.270498037338256836e-01
-7.006224989891052246e-02
-2.511431090533733368e-02
-2.353199385106563568e-02
-7.571256905794143677e-02
-9.238295257091522217e-02
4.973952099680900574e-02
-1.353018879890441895e-01
3.237010166049003601e-02
9.521340578794479370e-02
-1.158454641699790955e-01
-1.042131707072257996e-01
-1.927939429879188538e-02
9.582749009132385254e-02
9.487681090831756592e-02
-2.664730884134769440e-02
1.153020411729812622e-01
1.406221836805343628e-01
1.513904780149459839e-01
-5.306806787848472595e-02
1.563809961080551147e-01
-1.677576750516891479e-01
-9.133640676736831665e-02
-1.419477015733718872e-01
6.004706025123596191e-02
6.993860006332397461e-02
1.049115583300590515e-01
-5.545930936932563782e-02
5.240259226411581039e-03
7.770707458257675171e-02
-2.470809035003185272e-02
1.383023113012313843e-01
-1.044676229357719421e-01
2.675547637045383453e-02
-9.133032709360122681e-02
9.396685659885406494e-02
6.473410129547119141e-02
2.551018260419368744e-02
-3.332924842834472656e-02
2.274960977956652641e-03
-3.834086656570434570e-01
-9.795384854078292847e-02
4.977121576666831970e-02
-1.813121326267719269e-02
1.152823716402053833e-01
-1.753129065036773682e-01
4.032456129789352417e-02
6.952376663684844971e-02
-1.646392345428466797e-01
-4.347322136163711548e-02
3.820497170090675354e-02
5.629040673375129700e-02
-1.300246864557266235e-01
-1.384676098823547363e-01
-4.329932853579521179e-02
5.722971633076667786e-03
-1.128891482949256897e-01
4.875057935714721680e-02
2.109063863754272461e-01
-9.639519266784191132e-03
-1.289062201976776123e-01
1.931810826063156128e-01
1.188223138451576233e-01
-2.048176378011703491e-01
7.115473598241806030e-02
-9.247173368930816650e-02
-7.301232218742370605e-02
-5.900445580482482910e-02
1.114279553294181824e-01
-9.285236895084381104e-02
-1.394068300724029541e-01
-1.161975041031837463e-01
1.619391143321990967e-02
1.167336478829383850e-01
-1.310007274150848389e-01
3.579600155353546143e-02
