-1.014318242669105530e-01
-1.310042012482881546e-02
4.138548672199249268e-02
-6.852301210165023804e-02
9.483666718006134033e-02
2.848388627171516418e-02
1.162965819239616394e-01
1.969784498214721680e-01
-9.168011695146560669e-02
-1.749494671821594238e-01
-5.549567192792892456e-02
-9.965947829186916351e-03
-3.274009749293327332e-02
9.329890459775924683e-02
1.486113816499710083e-01
-9.827519953250885010e-02
-6.691645830869674683e-02
-3.929754719138145447e-02
9.111604839563369751e-02
-3.714322671294212341e-02
-5.359299480915069580e-02
-8.669857680797576904e-02
-1.897436939179897308e-02
-2.270211838185787201e-02
1.170337796211242676e-01
-1.554449647665023804e-01
3.355599939823150635e-02
3.416858240962028503e-02
-8.546891808509826660e-02
-1.200564056634902954e-01
-1.153978332877159119e-01
-5.839388817548751831e-02
-2.020989805459976196e-01
-4.625481367111206055e-02
-1.148852258920669556e-01
2.093066275119781494e-01
7.106523960828781128e-02
6.725038588047027588e-02
-2.716423198580741882e-02
3.426425158977508545e-02
-4.524239152669906616e-02
1.273869872093200684e-01
-3.531426563858985901e-02
-6.556626409292221069e-03
-1.324133574962615967e-02
-5.218153074383735657e-02
6.277303397655487061e-02
1.294800490140914917e-01
5.723892524838447571e-02
1.369585096836090088e-01
4.548792913556098938e-02
8.817049115896224976e-02
-5.055367946624755859e-02
1.364643722772598267e-01
-1.140066683292388916e-01
-5.631979927420616150e-02
-1.081878915429115295e-01
-8.746129460632801056e-03
-1.810903698205947876e-01
-2.719884738326072693e-02
-7.976286858320236206e-02
1.712531894445419312e-01
7.592601235955953598e-03
-8.813848346471786499e-02
-3.283627927303314209e-01
-1.360856089740991592e-02
-7.092770934104919434e-02
1.867708936333656311e-02
-4.614605382084846497e-02
2.446790598332881927e-02
-4.418979957699775696e-02
-4.675105214118957520e-03
-1.377161592245101929e-02
1.978548467159271240e-01
-6.848195940256118774e-02
6.952434033155441284e-02
1.261668056249618530e-01
1.087584048509597778e-01
5.076042935252189636e-02
-8.082915097475051880e-02
-1.226510778069496155e-01
-1.284343888983130455e-04
3.221782296895980835e-02
-8.289536833763122559e-02
5.250948294997215271e-02
-1.722044199705123901e-01
1.752070337533950806e-01
7.860794663429260254e-02
-1.271348744630813599e-01
-1.431560218334197998e-01
2.715956605970859528e-02
5.663821101188659668e-02
-2.960709854960441589e-03
1.926266029477119446e-02
-6.427857279777526855e-02
1.684061735868453979e-01
-5.755098909139633179e-02
6.554188579320907593e-02
2.068938314914703369e-01
-3.527157753705978394e-02
4.535976052284240723e-02
2.381276898086071014e-02
-2.434568479657173157e-02
3.068224787712097168e-01
-4.096958320587873459e-03
1.725010275840759277e-01
1.841211691498756409e-02
-1.118290200829505920e-01
9.166165255010128021e-03
2.817002236843109131e-01
-1.448760926723480225e-01
-1.285443603992462158e-01
-1.195098236203193665e-01
1.618474423885345459e-01
-1.703006029129028320e-01
7.984296232461929321e-02
-3.485143557190895081e-02
1.204452961683273315e-01
-1.045801043510437012e-01
1.075190827250480652e-01
