2.004138752818107605e-02
2.783066220581531525e-02
4.811535589396953583e-03
-8.567090332508087158e-02
1.672795265913009644e-01
-8.345277607440948486e-02
5.823172256350517273e-02
-2.269240468740463257e-01
7.011213153600692749e-02
7.874488830566406250e-02
6.459029763936996460e-02
1.652043312788009644e-01
-1.459509283304214478e-01
9.055447578430175781e-02
-7.318343967199325562e-02
-4.818990081548690796e-02
-1.139424666762351990e-01
-6.386285275220870972e-02
6.987196952104568481e-02
-1.757709234952926636e-01
1.345379352569580078e-01
1.055967733263969421e-01
-1.632068604230880737e-01
1.044283285737037659e-01
-7.399149239063262939e-02
-1.710033714771270752e-01
-2.245346643030643463e-02
-4.135356098413467407e-02
-1.609752140939235687e-02
8.054430037736892700e-02
6.282837688922882080e-02
3.191412612795829773e-02
-7.721219211816787720e-03
-3.102402761578559875e-02
3.524291515350341797e-02
-6.917540729045867920e-02
1.924603581428527832e-01
-1.256744712591171265e-01
3.964644670486450195e-02
6.000257655978202820e-02
-1.804634928703308105e-01
-7.914360612630844116e-02
5.508347600698471069e-02
-1.595783531665802002e-01
-7.279994338750839233e-02
-5.615491047501564026e-02
4.410537332296371460e-02
1.967567354440689087e-01
3.909345716238021851e-02
1.375667601823806763e-01
8.261264115571975708e-02
-1.712360233068466187e-02
7.175575941801071167e-02
-2.038134783506393433e-01
-1.172190904617309570e-02
-2.680028788745403290e-02
-5.241734907031059265e-02
8.418048173189163208e-02
-2.016195282340049744e-02
-9.190683811902999878e-02
-9.401657432317733765e-02
-1.251635402441024780e-01
-7.436864078044891357e-02
3.678299859166145325e-02
2.332910522818565369e-02
4.186853766441345215e-02
2.207420766353607178e-03
-4.129368811845779419e-03
-9.208916872739791870e-02
-6.274899095296859741e-02
6.240382418036460876e-02
-4.747711867094039917e-02
-3.440704941749572754e-02
-2.626553475856781006e-01
-1.926714032888412476e-01
6.137258931994438171e-02
1.738351434469223022e-01
-4.492050781846046448e-02
-7.481658458709716797e-02
5.663356184959411621e-02
-6.554516404867172241e-02
-9.855373203754425049e-02
7.819013297557830811e-02
-2.197459936141967773e-01
5.470269918441772461e-02
3.926591947674751282e-02
-3.284382820129394531e-02
1.570931673049926758e-01
2.018725126981735229e-02
2.061135619878768921e-01
-2.137145027518272400e-02
-1.040164604783058167e-01
1.381397396326065063e-01
-6.062528118491172791e-02
-2.228463254868984222e-02
-8.572495728731155396e-02
-8.258613944053649902e-02
-2.309731245040893555e-01
-5.875577405095100403e-02
-2.326497063040733337e-02
-1.682296395301818848e-01
-1.406446248292922974e-01
1.802906841039657593e-01
-8.288359642028808594e-02
9.707161784172058105e-02
7.160889357328414917e-02
1.100243702530860901e-01
1.355327814817428589e-01
-6.531094759702682495e-02
-7.803709059953689575e-02
3.947917371988296509e-02
-8.538650721311569214e-02
8.759924024343490601e-02
-3.356127440929412842e-02
3.849769756197929382e-02
1.039693653583526611e-01
-3.383298963308334351e-02
1.021582633256912231e-02
2.369097024202346802e-01
-1.341863274574279785e-01
