3.403862565755844116e-02
3.573269024491310120e-02
-2.033154815435409546e-01
6.262657046318054199e-02
-9.794258326292037964e-02
-4.745194164570420980e-04
5.989876016974449158e-02
9.998937696218490601e-02
2.118024043738842010e-02
-3.852122277021408081e-02
-6.061877682805061340e-02
6.757394224405288696e-02
1.901086419820785522e-01
4.521237686276435852e-02
-5.895286798477172852e-02
4.392506554722785950e-02
9.954792261123657227e-02
1.502929925918579102e-01
-1.091482043266296387e-01
-2.227689884603023529e-02
-1.061208397150039673e-01
-1.000461131334304810e-01
-4.723887145519256592e-02
-1.603805273771286011e-01
1.157423481345176697e-01
1.386214345693588257e-01
9.716598317027091980e-03
-6.862854212522506714e-02
2.441888898611068726e-01
3.713112697005271912e-02
-2.972701787948608398e-01
-1.647106260061264038e-01
-6.077167391777038574e-02
6.026252231094986200e-05
-7.373261451721191406e-02
1.119100823998451233e-01
7.028937339782714844e-02
-1.440844777971506119e-02
-5.805994942784309387e-02
-7.127625495195388794e-02
1.619699001312255859e-01
6.094836071133613586e-02
6.094570085406303406e-02
7.322168350219726562e-02
-2.722367644309997559e-01
7.257105410099029541e-02
1.090898290276527405e-01
-1.005221754312515259e-01
9.787227213382720947e-02
-1.620611697435379028e-01
1.280701607465744019e-01
2.048248611390590668e-02
1.468674987554550171e-01
-1.497096866369247437e-01
1.847998611629009247e-02
-6.060350686311721802e-02
6.691486388444900513e-02
-8.174241334199905396e-02
-4.051531851291656494e-02
1.582754403352737427e-02
6.589869409799575806e-02
6.099147722125053406e-02
4.084030911326408386e-02
4.963406547904014587e-02
3.287299722433090210e-02
1.442192643880844116e-01
-4.517986997961997986e-02
-8.020966500043869019e-02
-2.011099085211753845e-02
-1.018350869417190552e-01
1.388895064592361450e-01
7.436657696962356567e-02
-1.065796539187431335e-01
2.450893446803092957e-02
1.246144529432058334e-02
-6.305164098739624023e-02
-2.631526999175548553e-02
3.496623784303665161e-02
6.395085901021957397e-02
1.245542094111442566e-01
-5.516900494694709778e-02
3.899661824107170105e-02
4.353570565581321716e-02
2.131579965353012085e-01
4.265100136399269104e-02
-6.602037698030471802e-02
-3.088308870792388916e-02
9.877103567123413086e-02
1.203394085168838501e-01
-1.335707455873489380e-01
-5.637582018971443176e-02
7.071077078580856323e-02
9.737958759069442749e-02
8.287851512432098389e-02
5.355880409479141235e-02
8.586147427558898926e-02
1.083610281348228455e-01
-9.315454959869384766e-02
-7.113757729530334473e-02
-9.264595061540603638e-02
-4.159808624535799026e-03
-1.934526711702346802e-01
1.669536978006362915e-01
2.047778367996215820e-01
6.510456651449203491e-02
1.478741783648729324e-02
-1.537211984395980835e-01
2.403540536761283875e-02
-4.309226945042610168e-02
9.444937109947204590e-02
-6.356637924909591675e-02
1.214890740811824799e-02
1.618384569883346558e-01
1.289925873279571533e-01
-7.770030945539474487e-02
6.280712038278579712e-02
-1.079789623618125916e-01
-3.133618831634521484e-02
4.745684191584587097e-02
-8.097549527883529663e-02
