-2.188071422278881073e-02
9.685663878917694092e-02
-1.483671925961971283e-02
8.889942429959774017e-03
8.855594694614410400e-02
1.281075328588485718e-01
3.829361870884895325e-02
-2.020320445299148560e-01
3.570858016610145569e-02
-1.570233376696705818e-03
-2.251222133636474609e-01
4.806548357009887695e-02
-1.555831432342529297e-01
3.584468737244606018e-02
3.423681482672691345e-02
-2.884788811206817627e-02
8.135160058736801147e-02
-3.334068879485130310e-02
-2.135941982269287109e-01
6.184176728129386902e-02
-5.119752883911132812e-02
-6.069023534655570984e-02
7.541606575250625610e-02
-9.523602575063705444e-02
-2.173581533133983612e-02
1.004107221961021423e-01
1.933784633874893188e-01
3.609987720847129822e-02
1.388285011053085327e-01
-3.899840638041496277e-02
-8.393669500946998596e-03
-8.058095723390579224e-02
2.153344154357910156e-01
7.966028060764074326e-04
2.651518397033214569e-02
-2.987325564026832581e-02
-3.274663165211677551e-02
-1.225455552339553833e-01
-6.746837496757507324e-02
2.672327868640422821e-02
-9.978885948657989502e-02
-6.138854078017175198e-04
-2.157911658287048340e-02
-5.444118380546569824e-02
5.425452813506126404e-02
-5.604287981986999512e-02
-6.840517371892929077e-02
-3.624187037348747253e-02
6.291597336530685425e-02
-3.212750703096389771e-02
1.672948300838470459e-01
7.621683180332183838e-02
-5.069820210337638855e-02
-2.958006225526332855e-02
-1.004802957177162170e-01
-3.387643769383430481e-02
-1.572612971067428589e-01
1.064162980765104294e-02
-1.501698195934295654e-01
2.612041234970092773e-01
-1.058618444949388504e-02
2.686666846275329590e-01
-2.499738894402980804e-02
5.476333573460578918e-02
1.386367976665496826e-01
-1.489069908857345581e-01
9.722776710987091064e-02
2.255688756704330444e-01
2.827242948114871979e-02
-1.832878142595291138e-01
-9.026692807674407959e-02
1.821555756032466888e-02
-2.632057368755340576e-01
-7.777339220046997070e-02
2.823578715324401855e-01
-4.024079814553260803e-02
-1.292952746152877808e-01
-1.161267329007387161e-02
-1.050725504755973816e-01
2.383917104452848434e-03
-4.042504355311393738e-02
-1.078857704997062683e-01
1.527223289012908936e-01
3.226369246840476990e-02
1.601069718599319458e-01
-7.692486047744750977e-02
-1.540118455886840820e-01
2.541120946407318115e-01
-2.119245976209640503e-01
1.306261308491230011e-02
4.714991431683301926e-03
3.333259746432304382e-02
1.969215832650661469e-02
-1.167440041899681091e-01
1.369782835245132446e-01
-2.078397385776042938e-02
-1.132008899003267288e-02
-3.694484755396842957e-02
-4.438998550176620483e-02
-3.719209507107734680e-02
3.153597936034202576e-02
6.921207159757614136e-02
6.324069201946258545e-02
1.693535298109054565e-01
9.466537833213806152e-02
2.415699064731597900e-01
3.010249347425997257e-04
-1.307028681039810181e-01
-2.619117200374603271e-01
2.966304495930671692e-02
-3.333408618345856667e-03
1.973489522933959961e-01
-7.424658536911010742e-02
-7.022243924438953400e-03
-4.600399360060691833e-02
1.970137655735015869e-01
4.952414706349372864e-02
2.240083217620849609e-01
-1.484303772449493408e-01
-8.046781271696090698e-02
