-1.567347049713134766e-01
-9.115709364414215088e-02
-1.943541876971721649e-02
2.389493957161903381e-02
7.088652998208999634e-02
6.965748220682144165e-02
-1.070586070418357849e-01
1.971497433260083199e-03
1.450567543506622314e-01
-6.102744862437248230e-02
-1.882922500371932983e-01
7.013065367937088013e-02
-6.861146539449691772e-02
-6.568799167871475220e-02
1.015915255993604660e-02
-8.034405112266540527e-02
-3.077707067131996155e-02
-1.780283823609352112e-02
-2.648857655003666878e-03
1.938835233449935913e-01
5.388844013214111328e-02
-1.646703481674194336e-01
-1.654094904661178589e-01
-9.132320433855056763e-02
-9.119872003793716431e-02
1.215641051530838013e-01
6.028267741203308105e-02
-3.689059615135192871e-02
-7.003884762525558472e-02
1.200129017233848572e-01
5.330972746014595032e-02
2.388505488634109497e-01
7.151067256927490234e-03
1.272472273558378220e-02
-5.395689606666564941e-02
5.643064528703689575e-02
5.670797452330589294e-02
-1.619269140064716339e-02
5.606550257652997971e-03
-2.345870714634656906e-03
-2.992374077439308167e-02
-8.519370853900909424e-02
7.230591028928756714e-02
-1.635408848524093628e-01
9.255853295326232910e-02
-1.238657236099243164e-01
-6.844813376665115356e-02
-8.102336525917053223e-02
3.480738773941993713e-02
-9.408149123191833496e-02
-5.320112034678459167e-02
-6.448986381292343140e-02
2.024160139262676239e-02
1.235777232795953751e-02
-4.611903801560401917e-02
-8.434812724590301514e-02
-2.146300375461578369e-01
-1.136467009782791138e-01
8.535310626029968262e-02
1.064989119768142700e-01
-7.502787560224533081e-02
2.650198712944984436e-02
-2.015571482479572296e-02
1.647737435996532440e-02
-1.539438068866729736e-01
7.481621950864791870e-02
-2.746257558465003967e-02
-1.016785874962806702e-01
1.436740811914205551e-02
2.907289564609527588e-02
3.018999658524990082e-02
-1.595101654529571533e-01
-5.159202963113784790e-02
3.906227275729179382e-02
-8.383525162935256958e-02
1.563314199447631836e-01
1.605831682682037354e-01
5.099984630942344666e-02
-2.368208616971969604e-01
-3.985325992107391357e-02
-9.311534464359283447e-02
-8.714395016431808472e-02
-2.489470317959785461e-02
1.697203814983367920e-01
-2.311107665300369263e-01
1.803820580244064331e-01
-1.248553674668073654e-02
8.530607074499130249e-02
1.248970441520214081e-02
-2.874393761157989502e-02
1.740951836109161377e-01
9.353064745664596558e-02
6.923951953649520874e-02
6.435404717922210693e-02
-1.196169387549161911e-02
2.700389130041003227e-03
1.347388979047536850e-02
6.523808091878890991e-02
7.910974323749542236e-02
-1.619221419095993042e-01
-1.461305618286132812e-01
-1.331478655338287354e-01
-1.805446743965148926e-01
5.975314974784851074e-02
-5.455639585852622986e-02
-1.955292522907257080e-01
-1.742703169584274292e-01
-6.267183274030685425e-02
-1.687334291636943817e-02
-2.340258210897445679e-01
7.551585137844085693e-02
-3.405905887484550476e-02
2.670605778694152832e-01
-6.910274922847747803e-02
9.704937785863876343e-02
-6.408300995826721191e-02
-1.178218517452478409e-02
-1.765818148851394653e-02
1.035521402955055237e-01
5.171785876154899597e-02
