-2.179734967648983002e-02
2.170311808586120605e-01
-1.654762923717498779e-01
9.821957349777221680e-02
2.837830781936645508e-02
1.857812553644180298e-01
-1.481333673000335693e-01
-1.637563705444335938e-01
-4.495232552289962769e-02
7.034951448440551758e-02
-4.736126866191625595e-03
-4.981056973338127136e-02
-7.892685383558273315e-02
4.378278926014900208e-02
1.537902802228927612e-01
-1.223408654332160950e-01
-3.881092369556427002e-02
1.590828746557235718e-01
7.964082062244415283e-02
-2.954623103141784668e-02
1.356435865163803101e-01
-4.041342809796333313e-02
-4.035991057753562927e-02
-2.502985671162605286e-02
4.449013795237988234e-04
1.511463243514299393e-02
-3.207472711801528931e-02
-8.077237010002136230e-02
7.568865269422531128e-02
-7.584073115140199661e-03
-4.746639728546142578e-02
-8.045340329408645630e-02
-1.313439905643463135e-01
4.955625906586647034e-02
-8.926810324192047119e-02
-1.144450902938842773e-02
-1.052556559443473816e-01
-2.093908749520778656e-02
9.771737456321716309e-02
-3.749082610011100769e-02
5.904499068856239319e-02
-2.206676825881004333e-02
-1.075425222516059875e-01
-1.801130175590515137e-01
-7.546492666006088257e-02
2.377016469836235046e-02
1.713311299681663513e-02
-7.846044749021530151e-02
-1.807096153497695923e-01
-3.174994513392448425e-02
4.807707667350769043e-02
3.683667257428169250e-02
-1.718928664922714233e-02
6.177605595439672470e-03
-6.136633921414613724e-03
1.659546792507171631e-02
-7.976817339658737183e-02
-1.204349622130393982e-01
-5.890048667788505554e-02
-1.249027997255325317e-01
-3.113628327846527100e-01
2.168064266443252563e-01
7.064457982778549194e-02
-1.335224788635969162e-02
2.548879571259021759e-02
-1.744280569255352020e-03
-2.524967491626739502e-02
-1.067269667983055115e-01
8.432479947805404663e-02
-3.802207997068762779e-03
-1.766265630722045898e-01
-4.298875853419303894e-02
-2.645733952522277832e-02
-7.676496356725692749e-02
1.253536641597747803e-01
7.469241321086883545e-02
3.478477150201797485e-02
-5.914631113409996033e-02
-5.806736648082733154e-03
2.173049449920654297e-01
-2.258086018264293671e-02
-1.350733935832977295e-01
2.399139292538166046e-02
3.725535795092582703e-02
5.936846602708101273e-03
1.256612986326217651e-01
4.673171788454055786e-02
-1.771238893270492554e-01
-5.139719322323799133e-02
1.397147029638290405e-01
-3.851279616355895996e-03
-1.533820331096649170e-01
-7.069413363933563232e-02
-1.141447722911834717e-01
-1.235502511262893677e-01
2.616294845938682556e-02
4.479467496275901794e-02
-5.611378699541091919e-02
1.227733641862869263e-01
2.816120721399784088e-02
1.272942125797271729e-01
7.296254485845565796e-02
1.643792986869812012e-01
4.274221509695053101e-02
1.301331222057342529e-01
-2.026915550231933594e-02
7.487260550260543823e-02
-3.269073739647865295e-02
-8.937517553567886353e-02
-4.389050975441932678e-02
-1.048268005251884460e-02
-2.078114897012710571e-01
9.826227091252803802e-03
1.000283882021903992e-01
1.369939595460891724e-01
-6.904096901416778564e-02
1.185229886323213577e-02
1.101447716355323792e-01
5.856220424175262451e-02
1.474253684282302856e-01
