-3.395292162895202637e-02
-2.235402911901473999e-01
6.754411756992340088e-02
3.518824279308319092e-02
-1.540757268667221069e-01
-1.751714199781417847e-01
-3.543964773416519165e-02
3.185847401618957520e-02
1.211424842476844788e-01
-4.419467598199844360e-02
7.265385705977678299e-03
1.092201098799705505e-01
2.561497874557971954e-02
-4.745873739011585712e-04
-1.002490296959877014e-01
-6.063839048147201538e-02
3.516317903995513916e-02
-1.058719381690025330e-01
-4.468164592981338501e-02
2.518414556980133057e-01
-8.335778862237930298e-02
-5.217921733856201172e-02
7.501149922609329224e-02
-5.078468471765518188e-02
-1.509281098842620850e-01
-1.625909954309463501e-01
-1.237374693155288696e-01
-9.348054975271224976e-02
-6.153583526611328125e-02
3.984717279672622681e-02
-3.445033356547355652e-02
-1.853499710559844971e-01
1.499119848012924194e-01
-1.248831897974014282e-01
-1.331056207418441772e-01
-1.025969162583351135e-01
8.703104406595230103e-02
-6.558293849229812622e-02
3.334276378154754639e-02
8.500890433788299561e-02
-3.324061632156372070e-02
-1.841683126986026764e-02
7.808700948953628540e-02
1.064970716834068298e-02
-1.059899479150772095e-02
-4.040893912315368652e-02
-9.946507960557937622e-02
-7.939973473548889160e-02
1.735182851552963257e-01
-1.083194613456726074e-01
-1.488559097051620483e-01
-1.309240311384201050e-01
1.480978876352310181e-01
3.502729907631874084e-02
-1.529935002326965332e-01
4.710516333580017090e-02
5.663231015205383301e-02
-1.255922764539718628e-01
6.793560832738876343e-02
-2.438575029373168945e-02
4.197619855403900146e-02
1.212789639830589294e-01
-2.286218665540218353e-02
-7.188235968351364136e-02
-2.140510641038417816e-02
7.756748050451278687e-02
1.220841258764266968e-01
-5.071805417537689209e-02
-1.862490922212600708e-02
-1.384789310395717621e-02
-1.085607185959815979e-01
7.385879009962081909e-02
1.565904766321182251e-01
-1.443105041980743408e-01
-7.965490221977233887e-02
6.388949602842330933e-02
1.243453994393348694e-01
3.832197934389114380e-02
5.989671219140291214e-03
-4.381734877824783325e-02
7.349002361297607422e-02
-1.982355713844299316e-01
-1.074546873569488525e-01
-6.134580075740814209e-02
2.650696225464344025e-02
1.211951449513435364e-01
-2.765418775379657745e-02
-8.661217242479324341e-02
1.093051284551620483e-01
5.820580199360847473e-02
1.374922990798950195e-01
4.950670525431632996e-03
-1.488204002380371094e-01
-7.909042388200759888e-02
-6.974904984235763550e-02
1.710068434476852417e-01
-1.929026097059249878e-02
1.349402368068695068e-01
2.180856317281723022e-01
-1.094758734107017517e-01
