4.294355586171150208e-02
-1.191456913948059082e-01
1.072788462042808533e-01
1.644482612609863281e-01
7.168436795473098755e-02
-6.985938549041748047e-02
1.573153585195541382e-01
1.238135844469070435e-01
4.057127982378005981e-03
6.090598180890083313e-02
-1.034874916076660156e-01
-7.559205591678619385e-02
-1.280771940946578979e-02
-1.211452037096023560e-01
-1.746437251567840576e-01
-2.134370058774948120e-01
1.769948601722717285e-01
5.435497686266899109e-02
8.349892497062683105e-02
3.701365366578102112e-02
5.434624105691909790e-02
-1.123083829879760742e-01
2.245646156370639801e-02
-1.708489470183849335e-02
9.287360310554504395e-02
3.196633979678153992e-02
-1.185469031333923340e-01
-1.146751567721366882e-01
-1.337801665067672729e-01
3.892410174012184143e-02
-2.003857642412185669e-01
1.160136386752128601e-01
-5.731781199574470520e-02
-7.037272304296493530e-02
1.346215456724166870e-01
1.993885189294815063e-01
-1.627350896596908569e-01
-9.009366482496261597e-02
9.546597488224506378e-03
2.385668605566024780e-01
1.122533231973648071e-01
1.039169292198494077e-04
-8.541147224605083466e-03
1.070623174309730530e-01
-7.447911053895950317e-02
-4.544866271317005157e-03
-2.245468199253082275e-01
-1.749716699123382568e-01
-4.174847155809402466e-02
-7.913701981306076050e-02
1.066877990961074829e-01
-5.624079331755638123e-02
-1.867092214524745941e-02
5.624494981020689011e-03
-9.153268486261367798e-02
1.248613521456718445e-01
-2.590566575527191162e-01
1.437967270612716675e-02
3.205656260251998901e-02
-1.318575441837310791e-01
-4.950222745537757874e-02
2.338141016662120819e-02
-1.223935112357139587e-01
-5.438083410263061523e-02
1.126666888594627380e-01
2.018453925848007202e-01
8.604910224676132202e-03
-4.927769675850868225e-02
8.107899874448776245e-02
-2.545818453654646873e-03
-1.854394078254699707e-01
1.718044728040695190e-01
-5.750321969389915466e-02
2.558811940252780914e-02
-8.091208338737487793e-02
1.556502431631088257e-01
1.496355384588241577e-01
-1.076805815100669861e-01
1.068174391984939575e-01
8.778377622365951538e-02
-4.943440482020378113e-02
-2.535893619060516357e-01
2.011317759752273560e-01
-1.762521825730800629e-02
1.352212578058242798e-01
-1.092914268374443054e-01
-1.538163982331752777e-03
-1.731612235307693481e-01
-7.476272433996200562e-02
3.665676340460777283e-02
-1.366391032934188843e-01
4.918230697512626648e-02
-5.540447309613227844e-02
-6.967255473136901855e-02
-7.242055982351303101e-02
-6.581433862447738647e-02
8.864088356494903564e-02
7.409797608852386475e-02
1.358288675546646118e-01
-3.012704290449619293e-02
6.779953092336654663e-02
-2.158336490392684937e-01
1.691098064184188843e-01
1.315853446722030640e-01
7.695094496011734009e-02
1.072897911071777344e-01
-1.254574358463287354e-01
5.411311984062194824e-02
-1.066813245415687561e-01
1.817341297864913940e-01
2.453526295721530914e-02
6.751056760549545288e-02
2.530402503907680511e-02
7.123313099145889282e-02
-1.158229932188987732e-01
-8.337678015232086182e-02
9.247630834579467773e-02
-3.093364648520946503e-02
8.785649389028549194e-02
7.401536405086517334e-02
