-1.169302016496658325e-01
-5.372862797230482101e-03
1.065614223480224609e-01
9.507823735475540161e-02
-1.673830002546310425e-01
-2.102104425430297852e-01
8.229247480630874634e-02
-3.014608658850193024e-02
1.290922015905380249e-01
3.666556626558303833e-02
3.296641632914543152e-02
2.987879216670989990e-01
1.645263880491256714e-01
1.747320406138896942e-02
5.490976199507713318e-02
7.964657247066497803e-02
-1.838429719209671021e-01
-2.664706204086542130e-03
-2.130845747888088226e-02
-2.827791264280676842e-03
-4.965841770172119141e-02
-3.896753489971160889e-02
-5.030402168631553650e-02
-7.042717188596725464e-02
1.189339533448219299e-01
7.814243435859680176e-02
-1.081197857856750488e-01
-3.505275771021842957e-02
6.396209448575973511e-02
-3.722240403294563293e-02
-1.710673235356807709e-02
-5.640292167663574219e-02
-4.800774529576301575e-02
1.424133926630020142e-01
-2.385555580258369446e-02
-1.834574937820434570e-01
-7.219034433364868164e-02
3.132976219058036804e-02
-2.028436213731765747e-01
-1.691094934940338135e-01
1.044575944542884827e-01
6.129644438624382019e-02
-7.664876431226730347e-02
8.147799223661422729e-02
-1.252557188272476196e-01
1.046824082732200623e-02
6.698054820299148560e-02
-1.486290991306304932e-02
-1.268462557345628738e-02
1.556912213563919067e-01
5.527839809656143188e-02
1.447111219167709351e-01
1.194576770067214966e-01
-8.694603107869625092e-03
-1.339132636785507202e-01
-1.361216008663177490e-01
-1.255242079496383667e-01
-6.194604560732841492e-02
6.214260682463645935e-02
1.767578572034835815e-01
-1.892514526844024658e-01
1.111497506499290466e-01
-1.118082627654075623e-01
9.102301299571990967e-02
-8.955094218254089355e-02
-5.598200485110282898e-02
-7.283250987529754639e-02
1.151706557720899582e-02
-1.360288709402084351e-01
9.290643781423568726e-02
-1.379098743200302124e-01
8.305649273097515106e-03
-4.451049899216741323e-04
-7.648891303688287735e-03
5.834547430276870728e-02
-8.063121885061264038e-02
-8.047779649496078491e-02
-2.785224094986915588e-02
-1.589613705873489380e-01
3.788672015070915222e-02
-2.014486817643046379e-03
1.159662194550037384e-02
-1.356095355004072189e-02
-1.225152760744094849e-01
-9.056454151868820190e-02
5.690948106348514557e-03
-5.969191342592239380e-02
6.909953802824020386e-02
-1.754166930913925171e-01
6.577491015195846558e-02
3.405933082103729248e-02
-1.717218458652496338e-01
2.171471714973449707e-02
2.042900584638118744e-02
-1.105940863490104675e-01
-1.388864815235137939e-01
-1.450315024703741074e-02
5.175647884607315063e-02
2.867532707750797272e-02
3.160955011844635010e-02
-1.205651313066482544e-01
9.356635622680187225e-03
-9.395232051610946655e-02
5.279025062918663025e-02
5.748626589775085449e-02
-9.267113171517848969e-03
2.507284581661224365e-01
1.774981021881103516e-01
-8.581218123435974121e-02
2.228594124317169189e-01
-3.372313082218170166e-02
6.146802380681037903e-02
-1.942676119506359100e-02
-1.239849328994750977e-01
-1.311285495758056641e-01
-5.853082612156867981e-02
1.081115603446960449e-01
-3.269965993240475655e-03
1.424811780452728271e-02
-1.434170305728912354e-01
