1.450987011194229126e-01
-6.644338369369506836e-02
6.630170345306396484e-02
2.652584910392761230e-01
-1.901927404105663300e-02
1.099254488945007324e-01
-8.550562709569931030e-02
1.364909261465072632e-01
-1.105032581835985184e-02
-1.477659195661544800e-01
1.602805554866790771e-01
2.216220945119857788e-01
2.122331708669662476e-01
1.120992675423622131e-01
1.649437658488750458e-02
1.239012107253074646e-01
5.708926822990179062e-03
-6.040338799357414246e-02
-5.048504099249839783e-02
1.244261786341667175e-01
-6.277584284543991089e-02
-2.283312147483229637e-03
7.817693799734115601e-02
1.064703892916440964e-02
-8.701620995998382568e-02
-1.401848793029785156e-01
1.388248503208160400e-01
5.745980422943830490e-03
-1.575287431478500366e-01
-4.091958329081535339e-02
-2.200847119092941284e-01
-1.476744096726179123e-02
9.484895505011081696e-03
3.220746293663978577e-02
-5.404064059257507324e-02
-4.293914139270782471e-02
-4.142817109823226929e-02
-4.101075977087020874e-02
-6.368198245763778687e-02
-8.295495063066482544e-02
7.288681715726852417e-02
-1.635184437036514282e-01
7.284998148679733276e-02
-1.802043169736862183e-01
-7.493914663791656494e-02
-6.901414692401885986e-02
-7.463265210390090942e-02
3.333223238587379456e-02
1.683379262685775757e-01
1.292908042669296265e-01
-1.243412122130393982e-01
-3.477949276566505432e-02
-2.871021442115306854e-02
-7.714840024709701538e-02
4.883256927132606506e-02
-4.607959464192390442e-02
4.996324703097343445e-02
-2.014826983213424683e-01
-1.181855425238609314e-01
6.731520872563123703e-03
3.176894411444664001e-02
-1.372769474983215332e-02
5.729092285037040710e-02
1.508991420269012451e-01
1.358270496129989624e-01
1.082990765571594238e-01
4.898111894726753235e-02
-1.729412227869033813e-01
5.261157825589179993e-02
1.246408820152282715e-01
1.748105138540267944e-01
3.276126459240913391e-03
-1.582563370466232300e-01
5.190151929855346680e-02
-1.630331948399543762e-02
1.903865300118923187e-02
1.354327946901321411e-01
-5.875417590141296387e-02
-2.346705943346023560e-01
-7.241662591695785522e-02
-1.541918665170669556e-01
1.278145015239715576e-01
-4.371284693479537964e-02
-2.865488268435001373e-02
6.121313571929931641e-02
6.166726350784301758e-02
-2.330916188657283783e-02
-7.356038782745599747e-03
1.448094844818115234e-01
7.156953215599060059e-02
6.432466953992843628e-02
1.615444868803024292e-01
5.840935930609703064e-02
7.212257385253906250e-02
-7.162063568830490112e-02
-9.313201904296875000e-02
-4.091356322169303894e-02
-1.288020312786102295e-01
1.295747607946395874e-01
4.701174423098564148e-02
1.557848900556564331e-01
-8.648954331874847412e-02
-1.208134517073631287e-01
-1.933718919754028320e-01
5.259859561920166016e-02
-3.373553603887557983e-02
-8.283170312643051147e-02
-3.993701562285423279e-02
-4.946710914373397827e-02
-1.625941246747970581e-01
2.507877163589000702e-02
-1.163353845477104187e-01
-3.109103068709373474e-03
-1.116152778267860413e-01
1.292820572853088379e-01
-1.944254785776138306e-01
6.386580318212509155e-02
9.483519010245800018e-03
4.474788159132003784e-02
1.243061386048793793e-02
