-1.017176434397697449e-01
-4.758337140083312988e-02
-2.399177290499210358e-03
8.189698308706283569e-02
-3.114674473181366920e-05
-3.578788042068481445e-02
1.107378825545310974e-01
-2.807863056659698486e-02
5.311655998229980469e-02
8.483789116144180298e-02
2.299504578113555908e-01
4.083266109228134155e-02
4.072269052267074585e-02
-2.177548408508300781e-01
-1.232378110289573669e-01
4.112140089273452759e-02
-2.750201523303985596e-02
-1.678902655839920044e-01
5.925177410244941711e-02
-2.432567812502384186e-02
-9.510389715433120728e-02
-1.626087576150894165e-01
4.906277358531951904e-02
-6.159839034080505371e-02
-3.469694778323173523e-02
5.444428324699401855e-02
9.954148903489112854e-03
-3.408530727028846741e-02
6.792424619197845459e-02
-7.213683426380157471e-02
-5.302793532609939575e-02
-1.005742475390434265e-01
2.110085487365722656e-01
-2.971697412431240082e-02
1.156397815793752670e-02
4.171922919340431690e-04
6.050863489508628845e-02
5.982748791575431824e-02
1.404827833175659180e-01
-4.943895339965820312e-02
-4.324341565370559692e-02
1.061004400253295898e-01
3.834297880530357361e-02
-7.606599479913711548e-02
1.046242937445640564e-01
1.623454988002777100e-01
1.063360720872879028e-01
2.986518200486898422e-03
-4.275583103299140930e-02
3.627550229430198669e-02
-5.168492719531059265e-02
2.541867783293128014e-03
-7.324255257844924927e-02
-1.625078767538070679e-01
-1.695606508292257786e-03
-3.479449823498725891e-02
1.290585398674011230e-01
-2.321807853877544403e-02
-1.867487281560897827e-01
-2.764380276203155518e-01
-1.211432740092277527e-01
-8.604934066534042358e-02
-8.883655071258544922e-02
-6.205595657229423523e-02
1.370870321989059448e-01
-2.062416523694992065e-01
-9.424819611012935638e-03
2.112699598073959351e-01
-9.615899622440338135e-02
-3.556894883513450623e-02
-8.055458217859268188e-02
1.552616208791732788e-01
7.014729082584381104e-02
2.089979685842990875e-02
-4.284289851784706116e-02
-1.112715005874633789e-01
9.221524000167846680e-02
-6.062589958310127258e-02
1.194848772138357162e-02
-6.163122877478599548e-02
7.071594148874282837e-02
-1.176633983850479126e-01
-1.180855631828308105e-01
5.126689001917839050e-02
3.360048681497573853e-02
4.387300089001655579e-02
-1.589926034212112427e-01
-1.308040767908096313e-01
-1.457975059747695923e-01
2.584554255008697510e-02
1.880053617060184479e-02
1.444651037454605103e-01
-1.364054679870605469e-01
-3.769173100590705872e-02
-1.356609314680099487e-01
-1.607363671064376831e-01
1.213840246200561523e-01
-6.062957644462585449e-02
-2.422744333744049072e-01
9.655969589948654175e-02
1.906012743711471558e-01
-2.097261995077133179e-01
5.257429089397192001e-03
-9.682497009634971619e-03
-7.750944234430789948e-03
6.318336725234985352e-02
9.499796479940414429e-02
5.558115988969802856e-02
-5.297182127833366394e-02
5.250386521220207214e-02
-3.752423450350761414e-02
4.446579143404960632e-02
-1.640504002571105957e-01
-2.829722128808498383e-02
1.866247504949569702e-01
-2.269603498280048370e-02
-1.560144275426864624e-01
1.597990840673446655e-01
1.540815681219100952e-01
2.012041397392749786e-03
