-7.758284360170364380e-02
-3.809516131877899170e-02
2.187484502792358398e-01
2.251554653048515320e-02
-1.188416220247745514e-02
-1.616395264863967896e-01
1.167332939803600311e-02
-7.734991610050201416e-03
1.284247636795043945e-01
5.281217023730278015e-02
-1.596269458532333374e-01
-4.506580065935850143e-03
-1.533579677343368530e-01
4.310093447566032410e-02
-8.349033445119857788e-02
2.300871908664703369e-01
-2.065825909376144409e-01
3.167769685387611389e-02
-4.813662171363830566e-02
-6.418997049331665039e-02
5.270183086395263672e-02
2.130857296288013458e-02
-2.446897029876708984e-01
4.514383897185325623e-02
-1.397468440700322390e-04
-6.816875189542770386e-02
8.144705742597579956e-02
1.268451511859893799e-01
-2.260453552007675171e-01
8.573032915592193604e-02
4.399690777063369751e-02
1.257194578647613525e-02
-1.213721558451652527e-01
-1.027024388313293457e-01
-1.277571767568588257e-01
-9.210684895515441895e-02
-7.113729417324066162e-02
3.195783123373985291e-02
8.882872015237808228e-02
3.875635936856269836e-02
1.260394006967544556e-01
1.663871705532073975e-01
-4.406362399458885193e-02
3.413608297705650330e-02
1.125459000468254089e-01
-6.063640862703323364e-02
3.161891549825668335e-02
-1.533219069242477417e-01
8.192902803421020508e-02
-3.095657564699649811e-02
-7.618866860866546631e-02
4.116343334317207336e-02
9.857562929391860962e-02
-8.395464718341827393e-02
5.027869343757629395e-02
-5.238416418433189392e-02
7.972305268049240112e-02
-1.874798387289047241e-01
-2.542310655117034912e-01
1.291563659906387329e-01
2.431720495223999023e-02
1.376335471868515015e-01
-2.821942046284675598e-02
1.735891029238700867e-02
1.737864613533020020e-01
1.447933632880449295e-02
-3.303456306457519531e-02
-5.721580982208251953e-02
6.485764682292938232e-02
6.174192950129508972e-02
6.032061204314231873e-02
7.451848685741424561e-02
1.069020256400108337e-01
-4.270782228559255600e-03
-6.425629835575819016e-03
-1.691556125879287720e-01
-1.415691375732421875e-01
-3.337570279836654663e-02
1.577141694724559784e-02
-1.697575896978378296e-01
-6.472639739513397217e-02
-2.054475992918014526e-01
-2.240398712456226349e-02
-9.946693480014801025e-02
-1.866988651454448700e-02
-1.266214102506637573e-01
6.744143366813659668e-02
1.634409278631210327e-01
-5.368041619658470154e-02
1.014989614486694336e-02
8.782526850700378418e-02
4.458158463239669800e-02
-8.400253951549530029e-02
1.421905905008316040e-01
-3.059620037674903870e-02
-8.286410570144653320e-02
3.635086864233016968e-02
7.860613614320755005e-02
1.242599356919527054e-02
2.290305867791175842e-02
-4.262522980570793152e-02
-8.567735552787780762e-02
9.222639352083206177e-02
1.204374581575393677e-01
-8.167644590139389038e-02
-1.947595328092575073e-01
-1.307487338781356812e-01
3.647244302555918694e-03
1.622678488492965698e-01
9.272590279579162598e-03
-1.365441381931304932e-01
-9.365601837635040283e-02
-1.392306983470916748e-01
-2.113315612077713013e-01
9.868133813142776489e-03
-1.004644632339477539e-01
-4.603786394000053406e-02
7.572471350431442261e-02
3.724888665601611137e-03
-2.703028619289398193e-01
