-1.160334125161170959e-01
1.791276335716247559e-01
-1.810493133962154388e-02
-1.173616647720336914e-01
2.004794180393218994e-01
-1.472272723913192749e-02
-2.262324467301368713e-02
2.497995086014270782e-02
1.528289616107940674e-01
-7.810692489147186279e-02
-4.516954999417066574e-03
6.027495488524436951e-02
2.969559840857982635e-02
1.590284146368503571e-02
9.449767321348190308e-02
-1.044305879622697830e-02
-1.034837886691093445e-01
4.306644201278686523e-03
6.212519481778144836e-02
5.699878931045532227e-02
1.898127794265747070e-01
8.204894512891769409e-02
-9.065268188714981079e-02
9.808213263750076294e-02
7.947182655334472656e-02
-8.735489100217819214e-02
-5.349642038345336914e-02
-1.921597309410572052e-02
2.329520136117935181e-02
-1.415424197912216187e-01
9.036472439765930176e-02
8.035528473556041718e-03
7.171867787837982178e-02
-8.545311540365219116e-02
-5.497013404965400696e-02
1.191765069961547852e-01
4.792363569140434265e-02
-4.761671647429466248e-02
-1.350734829902648926e-01
1.418083012104034424e-01
-5.803732946515083313e-02
-9.445012360811233521e-02
-1.538715362548828125e-01
-1.036364585161209106e-01
2.446541562676429749e-02
3.931346163153648376e-02
8.722214959561824799e-03
-4.549464955925941467e-02
-4.133317247033119202e-02
5.657894536852836609e-02
-1.891214633360505104e-03
6.361845135688781738e-02
3.756373748183250427e-02
1.206227540969848633e-01
1.298689562827348709e-02
1.500451117753982544e-01
1.053513064980506897e-01
7.980047166347503662e-02
2.209954522550106049e-02
3.630554303526878357e-03
-1.247305274009704590e-01
-1.219904050230979919e-01
1.165159940719604492e-01
-1.711560934782028198e-01
1.189820393919944763e-01
-9.362421184778213501e-02
-6.187782436609268188e-02
1.003585606813430786e-01
4.949930682778358459e-02
-5.255571007728576660e-02
4.173379763960838318e-02
-1.610191538929939270e-02
-1.110672131180763245e-01
-1.014700680971145630e-01
6.789619475603103638e-02
2.328299134969711304e-01
1.556868553161621094e-01
1.131585836410522461e-01
-7.041919231414794922e-02
-2.606153488159179688e-01
-5.169493611901998520e-03
6.740882992744445801e-02
3.387598693370819092e-02
1.984757035970687866e-01
6.171312928199768066e-02
1.062302850186824799e-02
8.730257302522659302e-02
-1.014309450984001160e-01
1.141246501356363297e-02
1.028459426015615463e-02
-1.092435270547866821e-01
-1.015000492334365845e-01
-2.991801872849464417e-02
-7.608468178659677505e-03
-1.856108903884887695e-01
1.232355162501335144e-01
3.064250946044921875e-02
4.030508920550346375e-02
-6.958629470318555832e-03
5.571213364601135254e-02
1.965526118874549866e-02
-4.293170198798179626e-02
1.484228223562240601e-01
8.912964165210723877e-02
-4.697721824049949646e-02
8.629830926656723022e-02
5.916444584727287292e-02
-1.412705797702074051e-02
-2.500779628753662109e-01
-4.743063449859619141e-02
-4.117954522371292114e-02
-6.399552524089813232e-02
3.141653537750244141e-02
2.033917456865310669e-01
1.512048114091157913e-02
-1.282051056623458862e-01
1.676127314567565918e-01
-2.789789438247680664e-02
-7.759214937686920166e-02
2.760711908340454102e-01
