-1.637275665998458862e-01
-1.050903722643852234e-01
1.620405912399291992e-01
9.055660665035247803e-02
3.122199140489101410e-02
2.569052875041961670e-01
-3.460821136832237244e-02
-9.559910744428634644e-02
-1.321267336606979370e-01
-1.198644861578941345e-01
-8.913297951221466064e-02
1.657661646604537964e-01
6.526013463735580444e-02
8.722945302724838257e-02
-1.346877869218587875e-02
9.779607504606246948e-02
-1.065432950854301453e-01
1.181309856474399567e-02
-2.452455274760723114e-02
-3.099160268902778625e-02
6.809034943580627441e-02
8.859482407569885254e-02
-5.737970024347305298e-02
-1.789549551904201508e-02
1.035426035523414612e-01
1.612725406885147095e-01
-1.173875257372856140e-01
2.064696848392486572e-01
2.092608213424682617e-01
-1.472852677106857300e-01
-1.261823922395706177e-01
-1.485298760235309601e-02
4.227890446782112122e-02
2.114377766847610474e-01
1.005114316940307617e-01
1.144043579697608948e-01
-8.836533874273300171e-02
-8.035434037446975708e-02
4.821504279971122742e-02
1.095498800277709961e-01
-8.979513496160507202e-02
1.908550709486007690e-01
-3.714440017938613892e-02
-1.772754043340682983e-01
-2.393803559243679047e-02
4.455307871103286743e-02
3.419762477278709412e-02
4.076775908470153809e-02
1.679143458604812622e-01
-2.380528114736080170e-02
1.425765454769134521e-01
-5.116014555096626282e-02
-8.465342223644256592e-02
-1.187357902526855469e-01
1.203472390770912170e-01
6.733939796686172485e-02
9.981842339038848877e-02
1.065856590867042542e-01
-1.719467192888259888e-01
-2.141121625900268555e-01
-3.270111232995986938e-02
7.587046176195144653e-02
7.204529643058776855e-02
-1.180355474352836609e-01
1.213887110352516174e-01
-2.257623709738254547e-04
-1.146965399384498596e-01
1.139047965407371521e-01
-9.206055104732513428e-02
8.745669573545455933e-02
9.134361892938613892e-02
7.880081981420516968e-02
-2.914311364293098450e-02
-4.252929612994194031e-02
8.634214848279953003e-02
1.035539507865905762e-01
-4.071421921253204346e-02
-1.715681403875350952e-01
-3.069915249943733215e-02
-1.086091995239257812e-01
-1.501586139202117920e-01
-8.321911096572875977e-02
-1.871519386768341064e-01
1.094769015908241272e-01
1.369603425264358521e-01
3.115302138030529022e-02
-1.729506999254226685e-02
-2.540090382099151611e-01
-4.580588266253471375e-02
4.257104545831680298e-02
-3.153416886925697327e-02
1.917674019932746887e-02
-8.701271563768386841e-02
6.565074622631072998e-02
1.490374505519866943e-01
-1.697069257497787476e-01
-9.136200882494449615e-03
9.392973035573959351e-02
4.695815220475196838e-02
5.452030524611473083e-02
8.373269438743591309e-02
9.608077257871627808e-02
1.062787771224975586e-01
-1.036216393113136292e-01
3.717589005827903748e-02
-7.546053826808929443e-02
9.834002703428268433e-02
1.882256381213665009e-02
-6.377894431352615356e-02
1.011143326759338379e-01
3.683749213814735413e-02
-7.588922977447509766e-02
-5.341607332229614258e-02
-3.412774577736854553e-02
1.829145997762680054e-01
-4.933775588870048523e-02
9.064557403326034546e-02
1.527260094881057739e-01
6.250940263271331787e-02
9.013056987896561623e-04
