7.381889503449201584e-03
-7.320726756006479263e-03
-3.740604221820831299e-02
5.971729755401611328e-02
1.542671769857406616e-01
5.637257173657417297e-02
-1.376053392887115479e-01
9.184132330119609833e-03
1.262286305427551270e-01
-7.373109459877014160e-02
1.100642457604408264e-01
-2.102566510438919067e-01
1.461244672536849976e-01
-2.924433676525950432e-03
-1.058464571833610535e-01
1.130879111588001251e-02
-3.857689350843429565e-02
1.042426154017448425e-01
1.272557303309440613e-03
-7.718727737665176392e-02
4.309881106019020081e-02
-5.458824709057807922e-02
7.536854129284620285e-03
-8.078238368034362793e-02
-7.918660342693328857e-02
-8.361221849918365479e-02
-1.980734430253505707e-02
7.423875480890274048e-02
-1.501068174839019775e-01
-8.955176919698715210e-02
1.101570650935173035e-01
1.440620422363281250e-01
-1.260025352239608765e-01
7.046200335025787354e-03
1.132319215685129166e-02
1.044492349028587341e-01
-2.509834468364715576e-01
-1.613545268774032593e-01
1.508626043796539307e-01
-2.382882684469223022e-02
4.754240810871124268e-02
1.671868413686752319e-01
3.443896397948265076e-02
2.315961420536041260e-01
1.278615146875381470e-01
-2.131129950284957886e-01
-1.634249836206436157e-02
6.965426262468099594e-03
1.051887199282646179e-01
5.230665206909179688e-02
-3.119027316570281982e-01
-7.224473357200622559e-02
1.402175426483154297e-01
-9.502260386943817139e-02
-1.129519492387771606e-01
-1.434855815023183823e-02
-8.080364763736724854e-02
8.647879213094711304e-02
6.850494444370269775e-02
-7.757815718650817871e-02
4.825248941779136658e-02
6.780742853879928589e-02
-6.631375849246978760e-02
1.704801172018051147e-01
6.738435477018356323e-02
4.484250396490097046e-02
9.475177526473999023e-02
1.769428104162216187e-01
-7.997668534517288208e-02
-1.506712287664413452e-01
-1.037785932421684265e-01
2.342319488525390625e-01
4.448324814438819885e-02
-1.052001118659973145e-01
1.852799765765666962e-02
-3.985565155744552612e-02
-1.520670205354690552e-02
2.904479857534170151e-03
2.262533158063888550e-01
4.346663504838943481e-02
1.849757134914398193e-02
-8.852500468492507935e-02
-8.926561474800109863e-02
-1.319994181394577026e-01
1.993803493678569794e-02
-1.464405097067356110e-02
-1.364034949801862240e-03
-1.051562950015068054e-01
-1.774142235517501831e-01
6.244148686528205872e-02
1.085262671113014221e-01
-3.047023527324199677e-02
-5.356259271502494812e-02
-3.822242468595504761e-02
-1.423582285642623901e-01
1.118812486529350281e-01
8.471506834030151367e-02
1.224919557571411133e-01
-9.717687219381332397e-02
-5.353405606001615524e-03
-7.872413843870162964e-02
2.873153686523437500e-01
2.668752335011959076e-02
6.052064895629882812e-02
-1.440213769674301147e-01
6.460286676883697510e-02
-4.419095441699028015e-02
-1.772412061691284180e-01
3.444292116910219193e-03
8.965869992971420288e-02
1.740027219057083130e-02
-8.076840080320835114e-03
2.684361673891544342e-02
5.888451263308525085e-02
-5.199131369590759277e-02
3.882217034697532654e-02
-4.717786610126495361e-02
1.434302423149347305e-03
-2.814892865717411041e-02
3.836974129080772400e-02
