8.041422069072723389e-02
-2.963981532957404852e-04
3.504556789994239807e-02
-5.291885696351528168e-03
1.199250146746635437e-01
-1.308102309703826904e-01
7.126668095588684082e-02
-6.977423280477523804e-02
2.639980614185333252e-02
6.844029575586318970e-02
-3.939210996031761169e-02
3.646307066082954407e-02
4.529660940170288086e-02
7.432112842798233032e-02
-9.093996137380599976e-02
1.716260462999343872e-01
-5.654070526361465454e-02
-2.315248595550656319e-03
-9.524817764759063721e-02
-6.009957939386367798e-02
7.273594290018081665e-02
-3.724907338619232178e-02
1.293686181306838989e-01
-7.366346567869186401e-02
-3.420059010386466980e-02
1.099915429949760437e-01
-1.842514425516128540e-01
-8.878490887582302094e-03
-1.068103462457656860e-01
4.000127688050270081e-02
-6.747452169656753540e-02
-1.704299747943878174e-01
7.809452712535858154e-03
-6.030855700373649597e-02
2.033796608448028564e-01
-1.997716538608074188e-02
1.426785718649625778e-02
-3.450625389814376831e-02
4.149327427148818970e-02
-4.579070210456848145e-02
-3.714424965437501669e-04
-5.803315714001655579e-02
4.184193164110183716e-02
1.298793703317642212e-01
1.688281074166297913e-02
4.130282904952764511e-03
-1.652173399925231934e-01
1.122633442282676697e-01
-1.120698973536491394e-01
6.934917718172073364e-02
7.701640576124191284e-02
-1.683835238218307495e-01
-1.186087131500244141e-01
5.419195815920829773e-02
-6.931130774319171906e-03
-1.970282383263111115e-02
7.998812198638916016e-02
-4.103808198124170303e-03
3.883229196071624756e-02
4.155465867370367050e-03
3.645857051014900208e-02
5.261265859007835388e-02
-3.369898721575737000e-02
-7.518657296895980835e-02
5.172936245799064636e-02
2.467173710465431213e-02
-9.913205355405807495e-02
1.116193458437919617e-01
1.627580262720584869e-02
2.446657605469226837e-02
-1.728530377149581909e-01
-8.736172318458557129e-02
1.710009127855300903e-01
3.604528307914733887e-02
1.218133792281150818e-01
-1.086098104715347290e-01
-3.444528579711914062e-02
5.836135242134332657e-03
2.089132070541381836e-01
6.134748086333274841e-02
-3.054427169263362885e-02
-4.919739440083503723e-02
-1.743793934583663940e-01
2.986395061016082764e-01
-2.556097321212291718e-02
3.678241046145558357e-03
2.925848402082920074e-02
-1.392591893672943115e-01
-3.934880346059799194e-02
-8.434166200459003448e-03
-3.933914005756378174e-02
3.038942813873291016e-02
-9.165530651807785034e-02
-1.168383508920669556e-01
-1.507873088121414185e-01
-1.628925353288650513e-01
-4.883270710706710815e-02
1.886381357908248901e-01
1.293357741087675095e-02
5.103968456387519836e-02
6.836174428462982178e-02
-6.967431306838989258e-02
-2.666196227073669434e-01
6.284188479185104370e-02
-2.781956281978636980e-04
4.380738362669944763e-02
4.034994170069694519e-02
-3.744693472981452942e-02
-9.157646447420120239e-02
-6.256758421659469604e-02
1.993056684732437134e-01
3.593918634578585625e-03
-1.474599540233612061e-01
-5.692941695451736450e-02
-6.843590736389160156e-02
-1.727089583873748779e-01
-1.153227612376213074e-01
-5.769832804799079895e-02
2.913014031946659088e-02
-7.075005024671554565e-02
