1.784280389547348022e-01
3.648947179317474365e-02
-9.646872431039810181e-02
4.761847481131553650e-02
3.597749862819910049e-03
-1.197590008378028870e-01
1.915049552917480469e-02
6.280712038278579712e-02
1.414041370153427124e-01
2.834774367511272430e-02
8.848564699292182922e-03
-5.042538791894912720e-02
-1.010916754603385925e-01
5.715075880289077759e-02
-2.877940796315670013e-02
-1.193422824144363403e-01
3.525677695870399475e-02
-8.804889023303985596e-02
-5.484144762158393860e-02
1.989092081785202026e-01
-1.098915562033653259e-01
2.786090970039367676e-02
5.462297424674034119e-02
1.684463322162628174e-01
-8.968107402324676514e-03
1.762575358152389526e-01
-1.866781860589981079e-01
-8.445787243545055389e-04
-7.699715346097946167e-02
7.681003957986831665e-02
-2.505794167518615723e-02
8.266507834196090698e-02
6.459420919418334961e-02
-1.531320512294769287e-01
8.730465546250343323e-03
-2.293905764818191528e-01
-3.681864216923713684e-02
-1.934524439275264740e-02
-8.977196365594863892e-02
-3.672837466001510620e-02
5.601674318313598633e-02
2.389069348573684692e-01
8.565920591354370117e-02
9.084930270910263062e-02
-1.601794809103012085e-01
-8.983161300420761108e-02
5.073576048016548157e-02
1.096837446093559265e-01
-7.062967121601104736e-02
-1.710207143332809210e-04
9.082424454391002655e-03
-3.813780471682548523e-02
5.280085839331150055e-03
1.425034552812576294e-02
2.430840581655502319e-02
5.088093504309654236e-02
-3.737954422831535339e-03
7.304620812647044659e-04
-1.174529548734426498e-02
2.162273228168487549e-02
4.401163011789321899e-02
-8.625540882349014282e-02
-7.052442524582147598e-03
1.182166393846273422e-02
-4.240676388144493103e-02
4.813132062554359436e-02
-1.357265710830688477e-01
-1.753181815147399902e-01
7.647360861301422119e-02
-2.272059768438339233e-01
-2.375560440123081207e-02
9.958539158105850220e-02
1.215293779969215393e-01
-1.330019235610961914e-01
2.061335295438766479e-01
-7.714609801769256592e-02
7.517694681882858276e-02
2.067303955554962158e-01
-4.763161763548851013e-02
-1.488829106092453003e-01
-7.626054435968399048e-02
3.473811969161033630e-02
-1.539713330566883087e-02
7.875788211822509766e-02
4.439467564225196838e-02
8.550211042165756226e-02
8.489607274532318115e-02
-4.550550505518913269e-02
-3.616718575358390808e-02
2.823972143232822418e-02
1.306679993867874146e-01
2.303617075085639954e-02
-1.282539125531911850e-02
-4.441190883517265320e-02
1.029692068696022034e-01
1.304547674953937531e-02
4.500851035118103027e-02
1.148034110665321350e-01
-2.837384678423404694e-02
-4.375513270497322083e-02
-3.089810255914926529e-03
3.941891342401504517e-02
4.236963763833045959e-02
3.659869730472564697e-02
4.749890044331550598e-02
4.998185113072395325e-02
-8.112075179815292358e-02
7.046481221914291382e-02
1.528244763612747192e-01
-3.932258114218711853e-02
1.210448667407035828e-01
-3.624245151877403259e-02
1.414802521467208862e-01
-1.687287539243698120e-01
2.998232543468475342e-01
1.264217942953109741e-01
-1.830247789621353149e-01
8.545764535665512085e-02
-3.022082746028900146e-01
-1.298479139804840088e-01
