5.525925382971763611e-02
-2.815772965550422668e-02
-6.527006626129150391e-02
1.152177341282367706e-02
-2.193663828074932098e-02
1.164524480700492859e-01
-1.209558397531509399e-01
-5.207749083638191223e-02
1.402215808629989624e-01
-3.508092090487480164e-02
1.434230804443359375e-02
1.232567802071571350e-01
-4.821044858545064926e-03
-9.160899370908737183e-02
1.726671867072582245e-02
-3.868103399872779846e-02
1.056886315345764160e-01
-8.812541491352021694e-04
-3.101178407669067383e-01
-8.336292952299118042e-02
1.596753746271133423e-01
-6.403178907930850983e-03
-7.741324603557586670e-02
-6.280305236577987671e-02
1.308903098106384277e-01
2.276124209165573120e-01
1.174699589610099792e-01
-2.299308031797409058e-02
-1.415571272373199463e-01
1.198367401957511902e-01
-7.970064133405685425e-02
2.610458992421627045e-02
5.283825471997261047e-02
-1.130669936537742615e-02
3.397579491138458252e-02
6.666070967912673950e-02
1.754023283720016479e-01
1.741943135857582092e-02
1.195904705673456192e-02
5.709280446171760559e-02
8.081164956092834473e-02
-1.491590868681669235e-02
1.306573897600173950e-01
-3.766439110040664673e-02
2.536202967166900635e-02
-2.851252630352973938e-02
1.280672997236251831e-01
-3.513415902853012085e-02
5.424091964960098267e-02
-5.479183793067932129e-02
1.210092473775148392e-02
3.554272279143333435e-02
-8.021483570337295532e-02
1.891850084066390991e-01
-1.217283159494400024e-01
8.579360693693161011e-02
-9.485416859388351440e-02
3.542121499776840210e-02
5.752442032098770142e-02
8.049120008945465088e-02
1.694567687809467316e-02
-6.947327405214309692e-02
-3.426637873053550720e-02
-9.189490973949432373e-02
1.569271534681320190e-01
5.207179859280586243e-02
-2.242345362901687622e-01
1.424172073602676392e-01
-9.753625094890594482e-02
-8.143108338117599487e-03
-4.101782292127609253e-02
7.435127045027911663e-04
4.442320391535758972e-02
-1.836596131324768066e-01
-1.449643075466156006e-01
-2.192131429910659790e-02
3.755910694599151611e-02
-3.961279615759849548e-02
9.619357436895370483e-02
1.488550603389739990e-01
2.551875822246074677e-02
-1.372993439435958862e-01
6.200670078396797180e-02
1.065244078636169434e-01
8.682342618703842163e-02
1.271586269140243530e-01
4.161988571286201477e-02
-8.730535954236984253e-02
1.065290533006191254e-02
5.996193364262580872e-02
-5.177923664450645447e-02
-2.493047388270497322e-03
-9.231948852539062500e-02
-1.472382843494415283e-01
1.105730682611465454e-01
4.109786078333854675e-02
-7.264988869428634644e-02
1.072307005524635315e-01
1.699087955057621002e-02
2.325648069381713867e-02
1.279692500829696655e-01
8.442923426628112793e-02
1.164898425340652466e-01
-1.220565810799598694e-01
-3.314149007201194763e-02
-1.656496524810791016e-01
8.563004434108734131e-02
-7.864564657211303711e-02
1.958971917629241943e-01
3.065352514386177063e-02
1.233203560113906860e-01
2.162717580795288086e-01
-3.284271433949470520e-02
-5.330356955528259277e-02
-7.316165417432785034e-02
-6.036183796823024750e-03
-3.341550752520561218e-02
1.174562126398086548e-01
3.809599578380584717e-02
9.815406054258346558e-02
