-2.237849310040473938e-02
3.207581117749214172e-03
-9.855295717716217041e-02
-1.250006854534149170e-01
1.533433496952056885e-01
-2.375128306448459625e-02
8.581139147281646729e-02
1.376810073852539062e-01
2.345660887658596039e-02
1.218027397990226746e-01
-1.530085355043411255e-01
1.104520931839942932e-01
2.447961270809173584e-02
-4.031967744231224060e-02
3.323259577155113220e-02
1.880413591861724854e-01
1.913692951202392578e-01
4.316872730851173401e-02
-1.770449988543987274e-02
9.730685502290725708e-02
9.280369617044925690e-03
-9.412261098623275757e-02
8.196017891168594360e-02
-1.866421848535537720e-01
-1.079432144761085510e-01
-2.174855582416057587e-02
-1.923319697380065918e-01
1.906443387269973755e-01
2.770858071744441986e-02
2.929960750043392181e-02
1.615471392869949341e-02
2.608878612518310547e-01
-1.073201522231101990e-01
-4.576339945197105408e-02
4.360968619585037231e-02
7.972664386034011841e-02
-3.110233321785926819e-02
-1.745257340371608734e-02
-7.351547479629516602e-02
1.474580019712448120e-01
2.370623871684074402e-02
-2.177905291318893433e-01
2.113241255283355713e-01
1.304804384708404541e-01
-1.872283034026622772e-02
-1.191807314753532410e-01
2.723100595176219940e-02
-4.168580844998359680e-02
9.852731972932815552e-02
1.620429158210754395e-01
-1.427429914474487305e-02
-4.408784583210945129e-02
-8.219085633754730225e-02
1.809683293104171753e-01
2.722294069826602936e-02
2.016717046499252319e-01
-1.955174505710601807e-01
-6.740529090166091919e-02
-4.792951419949531555e-02
6.530217826366424561e-02
-2.933348529040813446e-02
-1.123364791274070740e-01
-1.435793042182922363e-01
-9.253457188606262207e-02
-2.072945982217788696e-02
4.182263463735580444e-02
-1.338677257299423218e-01
-9.477798640727996826e-02
1.292203962802886963e-01
5.205928161740303040e-02
-1.467948257923126221e-01
-8.014612644910812378e-02
1.299252063035964966e-01
-2.005979791283607483e-02
2.942766249179840088e-02
-3.002895116806030273e-01
1.210980042815208435e-01
-6.631438434123992920e-02
-1.009559780359268188e-01
-6.058423896320164204e-04
7.642409205436706543e-02
-7.944007962942123413e-02
1.569022983312606812e-01
-1.430460661649703979e-01
1.260146349668502808e-01
-6.050192192196846008e-02
2.747892141342163086e-01
1.469911783933639526e-01
3.296825662255287170e-02
-1.058438792824745178e-01
-6.665290333330631256e-03
-4.087134823203086853e-02
-1.884186267852783203e-01
1.326548457145690918e-01
-1.375658810138702393e-02
-5.852377042174339294e-02
4.054088785778731108e-04
-8.523353375494480133e-03
3.586747869849205017e-02
-1.579933017492294312e-01
-1.881670206785202026e-01
-3.035530447959899902e-02
2.691724710166454315e-02
6.117871031165122986e-02
2.266742847859859467e-02
-1.227917522192001343e-02
2.699425816535949707e-02
-5.755108594894409180e-02
4.849686846137046814e-02
-9.502340853214263916e-02
-6.890588253736495972e-02
-1.464507449418306351e-02
3.612109273672103882e-02
1.401719897985458374e-01
5.561585351824760437e-02
-1.493056267499923706e-01
5.373207479715347290e-02
1.404664069414138794e-01
2.487932294607162476e-01
5.336812883615493774e-02
