-1.034598350524902344e-01
-1.413708627223968506e-01
4.035963118076324463e-02
2.027246057987213135e-01
-3.934746608138084412e-02
-3.620748221874237061e-02
8.974164724349975586e-02
7.663900405168533325e-02
1.460161991417407990e-02
4.348310083150863647e-02
1.853878349065780640e-01
4.525695368647575378e-02
-2.001724392175674438e-02
-1.162793263792991638e-01
9.410753846168518066e-02
1.463577002286911011e-01
-1.920944824814796448e-02
-3.690435783937573433e-03
-1.297224164009094238e-01
-6.707437336444854736e-02
-2.570821903645992279e-02
1.279878169298171997e-01
8.349531143903732300e-02
3.356990963220596313e-02
4.669742658734321594e-02
-1.412881072610616684e-02
-1.912238891236484051e-03
8.204374462366104126e-02
-1.298916637897491455e-01
-5.713858082890510559e-02
4.335336014628410339e-02
-2.538686059415340424e-02
-3.370700404047966003e-02
8.926066011190414429e-02
-1.253162473440170288e-01
-1.250270903110504150e-01
-3.044802509248256683e-02
-1.442052572965621948e-01
2.421364746987819672e-02
-3.597339242696762085e-02
-1.576448380947113037e-01
3.624448180198669434e-02
5.278611928224563599e-02
-2.536245621740818024e-02
-4.501939192414283752e-02
-9.218650311231613159e-02
1.039149314165115356e-01
4.175599664449691772e-02
1.289988011121749878e-01
1.008189842104911804e-01
-4.147152975201606750e-02
4.661797732114791870e-02
-1.447711884975433350e-01
-7.123189419507980347e-02
-6.651532649993896484e-02
-1.030054502189159393e-02
2.821739390492439270e-02
-5.157611891627311707e-02
1.586259901523590088e-02
2.540959790349006653e-02
-9.130349010229110718e-02
-2.974710240960121155e-02
-6.634999066591262817e-03
1.417583227157592773e-01
1.587267778813838959e-02
2.646222710609436035e-02
-1.451352089643478394e-01
1.520421206951141357e-01
-4.118748381733894348e-02
-7.752758264541625977e-02
5.791435390710830688e-02
9.419491887092590332e-02
-1.329511255025863647e-01
2.405368350446224213e-02
-9.979512542486190796e-02
1.014319881796836853e-01
-6.399755924940109253e-02
2.886574948206543922e-04
7.137474417686462402e-02
1.686876267194747925e-01
-1.709217391908168793e-02
-5.953459069132804871e-02
5.547257885336875916e-02
-5.390499904751777649e-02
-9.485334903001785278e-02
-5.342531204223632812e-02
1.071178913116455078e-02
-5.475316569209098816e-02
8.694516867399215698e-02
-7.123839110136032104e-02
6.672579795122146606e-03
-2.790393866598606110e-02
7.963855750858783722e-03
1.095389500260353088e-01
-9.226679056882858276e-02
-4.482245072722434998e-02
1.104618087410926819e-01
8.086092770099639893e-02
2.639974991325289011e-04
-1.094301566481590271e-01
-1.245929375290870667e-01
1.378260701894760132e-01
7.683292776346206665e-02
-2.851764438673853874e-03
1.043147873133420944e-02
5.482476949691772461e-02
-4.092269390821456909e-02
5.544550251215696335e-03
-1.510348170995712280e-01
-5.731226876378059387e-02
-2.430230677127838135e-01
7.788228336721658707e-03
-5.363347753882408142e-02
-3.039491549134254456e-02
-1.462556421756744385e-01
-2.023511938750743866e-02
5.064062401652336121e-02
-1.176753416657447815e-01
-1.072487384080886841e-01
-2.127930968999862671e-01
