-2.423837035894393921e-02
1.401733607053756714e-01
5.356953665614128113e-02
-5.322438105940818787e-02
9.201017022132873535e-02
-9.998916089534759521e-02
5.775438621640205383e-02
8.399289101362228394e-02
9.797345846891403198e-02
-8.207794278860092163e-02
1.452965140342712402e-01
5.822269991040229797e-02
-4.291090369224548340e-02
1.217354163527488708e-01
1.889384090900421143e-01
-5.269391089677810669e-02
-8.124201744794845581e-02
-2.507850825786590576e-01
1.656230539083480835e-01
-6.266966462135314941e-02
-9.986838698387145996e-02
-2.329676151275634766e-01
-5.005164816975593567e-02
1.032498478889465332e-01
-3.080403804779052734e-01
3.013224340975284576e-02
7.562771439552307129e-02
1.959048584103584290e-02
-1.693615913391113281e-01
-7.108518481254577637e-02
-9.258463233709335327e-02
-4.235212132334709167e-02
1.531842052936553955e-01
5.941281840205192566e-02
1.916337758302688599e-01
-1.007748208940029144e-02
-1.103672012686729431e-01
1.921076625585556030e-01
-1.871036179363727570e-02
-1.269913762807846069e-01
7.807163149118423462e-02
-6.774639338254928589e-02
-4.172347858548164368e-02
7.588279992341995239e-02
7.801009714603424072e-02
1.194654628634452820e-01
-1.852344535291194916e-02
-5.441598966717720032e-02
1.783355325460433960e-02
5.717416480183601379e-02
2.637560665607452393e-02
-1.252388954162597656e-01
-1.066354513168334961e-01
2.082925848662853241e-02
1.300891488790512085e-01
7.410999387502670288e-02
2.021537534892559052e-02
-3.055128268897533417e-02
8.826909214258193970e-02
8.753038197755813599e-02
-1.742069572210311890e-01
-7.716790586709976196e-02
5.482959747314453125e-02
-9.225955232977867126e-03
-2.432802170515060425e-01
5.904052406549453735e-02
-1.264133900403976440e-01
-3.211328759789466858e-02
-6.557521224021911621e-02
-5.067258700728416443e-02
1.586575657129287720e-01
9.505947236903011799e-04
3.317840024828910828e-02
9.670024365186691284e-02
-1.993987336754798889e-02
-5.511100869625806808e-03
-1.248868703842163086e-01
-2.583836950361728668e-02
1.154391840100288391e-02
1.591023057699203491e-01
-8.174025267362594604e-02
1.237441319972276688e-02
-1.133759617805480957e-01
-2.348047792911529541e-01
-6.960090249776840210e-02
-6.312551349401473999e-02
-2.996271662414073944e-02
2.757528983056545258e-02
1.329923141747713089e-02
1.451806724071502686e-01
-4.130785912275314331e-02
1.919973343610763550e-01
-9.132069535553455353e-03
-2.973335981369018555e-02
5.434777960181236267e-02
-1.822193115949630737e-01
-7.281894236803054810e-02
-2.279725521802902222e-01
-1.177760586142539978e-01
9.581865370273590088e-02
1.014706026762723923e-02
5.016489420086145401e-03
-1.539459526538848877e-01
7.005431503057479858e-02
-1.129877120256423950e-01
3.047086112201213837e-02
1.039773002266883850e-01
5.234441906213760376e-02
-6.559555232524871826e-02
2.848718129098415375e-02
-3.771507367491722107e-02
4.447885230183601379e-02
-1.006178483366966248e-01
3.498159348964691162e-02
-5.289612337946891785e-02
4.207630082964897156e-02
4.565392807126045227e-02
4.981980100274085999e-02
1.213322877883911133e-01
1.111804172396659851e-01
