-6.273680180311203003e-02
1.813555210828781128e-01
-9.697779268026351929e-02
-1.774061173200607300e-01
7.489039003849029541e-02
1.897639781236648560e-01
-1.903906650841236115e-02
3.604244813323020935e-02
-7.123051676899194717e-03
2.099380046129226685e-01
6.064233928918838501e-02
4.616631660610437393e-03
-1.133134309202432632e-02
8.434369415044784546e-02
1.659472882747650146e-01
-1.710641235113143921e-01
-7.826601713895797729e-02
-2.601943910121917725e-01
-1.741958260536193848e-01
1.451128572225570679e-01
-1.233216151595115662e-01
-1.099850460886955261e-01
-1.170876435935497284e-02
9.077452868223190308e-02
-1.574665307998657227e-01
-1.163299679756164551e-01
-3.565807268023490906e-02
1.363393813371658325e-01
3.798015043139457703e-02
-7.154726982116699219e-02
-1.445510536432266235e-01
1.202335357666015625e-01
-1.274373829364776611e-01
5.356314405798912048e-02
8.799698203802108765e-02
4.128356277942657471e-02
2.288471348583698273e-02
-7.186391949653625488e-02
-9.459272772073745728e-02
-1.569578647613525391e-01
-1.765538901090621948e-01
8.510781452059745789e-03
5.210527218878269196e-03
-8.808069676160812378e-02
-1.695156991481781006e-01
1.502332985401153564e-01
-9.697092324495315552e-02
-2.972221374511718750e-01
1.340735405683517456e-01
6.655737012624740601e-02
-9.021514654159545898e-02
8.560092747211456299e-02
1.463603079319000244e-01
-2.865763008594512939e-02
1.207828521728515625e-01
1.483386196196079254e-02
8.091332763433456421e-02
2.252424322068691254e-02
1.207403317093849182e-01
-5.813897401094436646e-02
9.276714175939559937e-02
1.459435671567916870e-01
6.420917063951492310e-02
1.141374856233596802e-01
5.859676003456115723e-02
-1.664059311151504517e-01
-8.298128098249435425e-02
-8.378923684358596802e-02
-3.990568220615386963e-02
-2.726737596094608307e-02
-1.727597862482070923e-01
-9.104354679584503174e-02
5.054203793406486511e-02
-3.498617187142372131e-02
-4.006689041852951050e-02
1.071877218782901764e-02
1.433659344911575317e-01
-3.863442316651344299e-02
-7.037688046693801880e-02
-8.147315680980682373e-02
-3.949768841266632080e-02
3.820871701464056969e-03
-9.617380052804946899e-02
1.151718720793724060e-01
-3.239610418677330017e-02
1.760907769203186035e-01
1.434292793273925781e-01
3.134154900908470154e-02
-8.345149457454681396e-03
-5.948862433433532715e-02
-1.326127350330352783e-01
-7.220800220966339111e-02
1.599868983030319214e-01
-1.863039582967758179e-01
1.626888215541839600e-01
1.058413982391357422e-01
-8.650923520326614380e-02
2.082580327987670898e-01
7.633167505264282227e-02
6.112801656126976013e-02
7.986238598823547363e-02
-4.555102810263633728e-02
-1.067527681589126587e-01
-5.703926831483840942e-02
-5.963198095560073853e-02
2.003916352987289429e-01
7.814046926796436310e-03
-3.052620887756347656e-01
1.737654581665992737e-02
1.360406400635838509e-03
-2.190058082342147827e-01
-1.126750335097312927e-01
-7.238870114088058472e-02
-1.953440159559249878e-02
-2.224320545792579651e-02
-2.010700553655624390e-01
6.062809750437736511e-02
-2.575392089784145355e-02
-1.388957649469375610e-01
5.056693218648433685e-03
