-1.027134060859680176e-01
-1.169274598360061646e-01
-2.046994306147098541e-02
-5.329971387982368469e-02
-2.251855283975601196e-02
-1.439839303493499756e-01
-4.323397763073444366e-03
-8.843069523572921753e-02
5.404370650649070740e-02
1.627686619758605957e-02
7.983684539794921875e-02
1.887815892696380615e-01
-1.905748248100280762e-02
3.825070336461067200e-02
2.454850971698760986e-01
7.171938661485910416e-03
-6.810021400451660156e-02
-6.976982206106185913e-02
1.154548954218626022e-02
-3.749112412333488464e-02
8.491955697536468506e-03
-5.705873295664787292e-02
8.014178276062011719e-02
-1.596855372190475464e-01
9.889781475067138672e-02
-6.333320587873458862e-02
3.847298026084899902e-02
6.862590461969375610e-02
-5.963703989982604980e-02
-8.349289000034332275e-02
-4.090568050742149353e-02
-9.618038684129714966e-02
1.306466013193130493e-01
-1.138541325926780701e-01
-1.325176358222961426e-01
-2.907703518867492676e-01
1.803766749799251556e-02
-5.426437407732009888e-02
-1.208096519112586975e-01
-4.867443814873695374e-03
2.528419531881809235e-02
-5.451277643442153931e-02
-1.183882579207420349e-01
1.748563349246978760e-01
-8.529498241841793060e-03
5.391406640410423279e-02
4.477556422352790833e-02
1.200266405940055847e-01
5.111009627580642700e-02
6.999852508306503296e-02
1.550616919994354248e-01
2.988590858876705170e-02
6.427776068449020386e-02
-3.481386229395866394e-02
-6.059560924768447876e-02
8.410605043172836304e-02
-5.047170072793960571e-02
4.900856316089630127e-02
5.967155843973159790e-02
-4.935099184513092041e-02
1.759432405233383179e-01
-7.285878062248229980e-02
2.709165588021278381e-02
-1.321494132280349731e-01
-2.019736617803573608e-01
2.039619237184524536e-01
3.248762711882591248e-02
1.502446681261062622e-01
2.820702828466892242e-02
4.347682744264602661e-02
-3.576305508613586426e-02
6.394940614700317383e-02
-8.278307504951953888e-03
1.342107206583023071e-01
6.985031068325042725e-04
4.585647210478782654e-02
-3.002891317009925842e-02
6.025104597210884094e-02
-1.671386212110519409e-01
8.274184912443161011e-02
1.083208099007606506e-01
1.049943342804908752e-01
-7.191067188978195190e-02
-9.227647632360458374e-02
-2.242847681045532227e-01
1.089230775833129883e-01
3.315966576337814331e-03
3.730666637420654297e-02
-1.053999066352844238e-01
-3.268147632479667664e-02
-1.329994481056928635e-02
-3.168257698416709900e-02
1.021522446535527706e-03
-3.399686887860298157e-02
1.049788203090429306e-03
2.270084172487258911e-01
-7.751064747571945190e-02
7.173573970794677734e-02
-1.049989238381385803e-01
1.564933657646179199e-01
4.117742180824279785e-01
-8.938601240515708923e-03
-1.460357755422592163e-02
-1.086754947900772095e-01
7.775763422250747681e-02
-8.017991669476032257e-03
-5.162378307431936264e-03
9.677689522504806519e-02
-7.642912864685058594e-02
1.389487236738204956e-01
-3.988951444625854492e-02
-4.387393221259117126e-02
-3.375396504998207092e-02
-1.010462734848260880e-02
8.297460526227951050e-02
2.523035183548927307e-02
-4.028430208563804626e-02
1.355584710836410522e-01
-9.878867119550704956e-02
5.338070448487997055e-03
