2.690745890140533447e-02
8.704536408185958862e-02
2.595788799226284027e-02
-1.080649495124816895e-01
9.094636142253875732e-02
-8.512847870588302612e-02
-2.373583763837814331e-01
1.878165081143379211e-02
-1.345820277929306030e-01
-6.999131292104721069e-02
-1.262737363576889038e-01
-2.512461505830287933e-02
-9.090635180473327637e-02
-2.741857245564460754e-02
2.225397340953350067e-02
7.230468839406967163e-02
4.112520813941955566e-02
-1.040875688195228577e-01
1.593806408345699310e-02
-8.180666714906692505e-02
-5.325110032572411001e-05
1.314398050308227539e-01
-4.061517864465713501e-02
-1.150550991296768188e-01
-2.153601497411727905e-01
-1.828073523938655853e-02
1.011407896876335144e-01
-7.532039284706115723e-02
-1.226321607828140259e-01
-7.651671022176742554e-02
-7.578965276479721069e-02
-1.306778043508529663e-01
-3.251255676150321960e-02
-1.614966839551925659e-01
-7.090122252702713013e-02
8.944001793861389160e-02
-3.211044892668724060e-02
5.735310912132263184e-02
-1.356620341539382935e-01
7.156547158956527710e-02
1.223619729280471802e-01
1.388419419527053833e-02
-7.052283734083175659e-02
1.375815458595752716e-02
-1.020670309662818909e-01
-1.586820632219314575e-01
4.073640331625938416e-02
3.263489156961441040e-02
1.352031677961349487e-01
-1.970110684633255005e-01
-1.839351207017898560e-01
-2.263733893632888794e-01
-1.707147061824798584e-01
-1.344097107648849487e-01
1.653701514005661011e-01
5.353168398141860962e-02
8.985348045825958252e-02
1.037688031792640686e-01
9.837337583303451538e-02
-8.717904984951019287e-02
1.481776684522628784e-01
-3.045334480702877045e-02
-3.408432751893997192e-02
-2.949140779674053192e-02
8.538708835840225220e-02
-2.313044480979442596e-02
2.342523448169231415e-02
9.887169115245342255e-03
-5.263645201921463013e-02
8.325012773275375366e-02
-2.701744437217712402e-01
-4.909266158938407898e-02
7.220871001482009888e-02
8.690771460533142090e-02
-1.502722054719924927e-01
-1.308791786432266235e-01
6.050138548016548157e-02
1.563836485147476196e-01
-1.588052958250045776e-01
-1.809730753302574158e-02
-2.179832430556416512e-03
1.260591447353363037e-01
-6.947847455739974976e-02
2.749242819845676422e-02
6.149312853813171387e-02
-5.262690782546997070e-02
1.717758029699325562e-01
-3.270421922206878662e-02
5.904886871576309204e-02
-7.149165868759155273e-02
9.597817435860633850e-03
-1.170679703354835510e-01
6.950970739126205444e-02
-3.234883770346641541e-02
-5.452073365449905396e-02
1.064788922667503357e-01
4.883983358740806580e-02
-9.131138771772384644e-02
-4.289280623197555542e-02
-2.504569105803966522e-02
-6.339140236377716064e-02
2.270624637603759766e-01
8.433084189891815186e-02
-1.526422798633575439e-01
-7.053629308938980103e-02
1.132782697677612305e-01
-1.036041602492332458e-01
2.427839860320091248e-02
-1.714921444654464722e-01
1.211871653795242310e-01
2.004749327898025513e-01
2.231647633016109467e-02
1.111529674381017685e-02
-1.118193380534648895e-02
4.985208436846733093e-02
9.805174916982650757e-02
-1.493076514452695847e-02
-9.058346599340438843e-02
5.691210180521011353e-02
1.327431052923202515e-01
