-3.246263787150382996e-02
-2.564042620360851288e-02
7.590910047292709351e-02
2.654121257364749908e-02
3.664917871356010437e-02
1.494127362966537476e-01
1.267528533935546875e-01
-6.046063266694545746e-03
1.377925127744674683e-01
3.370745480060577393e-01
-1.371902134269475937e-02
7.730928063392639160e-02
-1.660833060741424561e-01
1.044420748949050903e-01
-1.236359253525733948e-01
1.062704846262931824e-01
-4.906028509140014648e-02
2.861293964087963104e-02
-4.731426015496253967e-02
5.820440128445625305e-02
-3.897770494222640991e-02
2.294323295354843140e-01
-2.563628852367401123e-01
-1.199377998709678650e-01
1.331623643636703491e-01
-1.425197273492813110e-01
8.330775797367095947e-02
-2.547930739820003510e-02
6.426258385181427002e-02
-1.127320080995559692e-01
-1.676507852971553802e-02
1.436768621206283569e-01
1.507728695869445801e-01
-8.722748607397079468e-02
1.092798262834548950e-01
-4.205387085676193237e-02
-9.962109476327896118e-02
2.077193260192871094e-01
6.587634235620498657e-02
-1.286138743162155151e-01
4.357567988336086273e-03
-2.411998622119426727e-02
-2.738215588033199310e-02
9.404911845922470093e-02
-6.557320803403854370e-02
3.250990062952041626e-02
7.765052374452352524e-03
8.713220059871673584e-02
8.898743242025375366e-02
1.271479297429323196e-02
-7.348752766847610474e-02
-1.575634181499481201e-01
-1.985093951225280762e-02
-5.591373424977064133e-03
5.042979866266250610e-02
-4.933310672640800476e-02
-7.103396207094192505e-02
6.122514232993125916e-02
8.148517459630966187e-03
2.638852968811988831e-02
5.348079279065132141e-02
-2.243342846632003784e-01
8.354634791612625122e-02
6.722344458103179932e-02
-7.716112583875656128e-02
-1.846080422401428223e-01
-2.834106050431728363e-02
-3.264507278800010681e-02
-1.098714023828506470e-01
3.019199706614017487e-02
-2.454381734132766724e-01
5.560539197176694870e-03
9.148617833852767944e-02
-1.607264205813407898e-02
-1.341188848018646240e-01
3.520399332046508789e-02
1.254965513944625854e-01
-1.828015744686126709e-01
-1.221740394830703735e-01
-6.049461197108030319e-03
6.507634371519088745e-02
2.652893662452697754e-01
1.241403743624687195e-01
5.875055864453315735e-02
-4.612931236624717712e-02
-9.527922421693801880e-02
-8.782657980918884277e-02
-4.798216372728347778e-02
-1.740614026784896851e-01
-1.820108853280544281e-02
3.247240558266639709e-02
-1.327650547027587891e-01
1.982862316071987152e-02
-2.529549412429332733e-02
8.125863224267959595e-02
-1.410153657197952271e-01
-5.887660384178161621e-02
-5.165848135948181152e-02
5.569065362215042114e-02
7.997203618288040161e-02
-1.958339512348175049e-01
9.878900647163391113e-02
-7.210668176412582397e-02
3.802753984928131104e-02
1.230995263904333115e-02
-2.480704151093959808e-02
5.693868547677993774e-02
-8.837658166885375977e-02
1.436896920204162598e-01
1.911220848560333252e-01
1.056350469589233398e-01
3.379730507731437683e-02
5.723680183291435242e-02
4.532557353377342224e-02
3.078851103782653809e-02
1.883598417043685913e-02
-5.122461915016174316e-02
-1.336377114057540894e-02
3.136286884546279907e-02
-2.715913765132427216e-02
