-1.938834190368652344e-01
-8.273806422948837280e-02
9.702543169260025024e-02
1.023514270782470703e-01
-1.596865504980087280e-01
1.730416342616081238e-02
-9.144525229930877686e-02
2.214947715401649475e-02
-9.125924110412597656e-02
5.176304653286933899e-02
-8.141721598803997040e-03
6.908659636974334717e-02
-3.190971165895462036e-02
-4.636641591787338257e-02
1.046424657106399536e-01
1.450796872377395630e-01
-5.690037086606025696e-02
-3.452480211853981018e-02
4.602734744548797607e-02
1.298783998936414719e-02
-3.107633069157600403e-02
1.912306398153305054e-01
-1.947052180767059326e-01
1.091052293777465820e-01
5.191853642463684082e-02
-5.999857932329177856e-02
8.325009793043136597e-02
5.746321752667427063e-02
3.543565794825553894e-02
1.029925979673862457e-02
-4.180803149938583374e-02
6.982216984033584595e-02
7.399999350309371948e-02
-2.323765866458415985e-02
-5.622312054038047791e-02
-8.168426156044006348e-02
1.363057941198348999e-01
-5.229811742901802063e-02
7.196638733148574829e-03
-4.041799530386924744e-02
1.961860433220863342e-02
1.244812645018100739e-02
-1.558696478605270386e-01
1.473244428634643555e-01
-4.151590913534164429e-02
-3.557552024722099304e-02
2.041605859994888306e-02
-5.461554601788520813e-02
9.464324451982975006e-03
7.758842408657073975e-02
7.304715365171432495e-02
1.182216331362724304e-01
5.301240831613540649e-02
9.576611220836639404e-02
-4.754984006285667419e-02
-1.398190706968307495e-01
-4.161202162504196167e-02
-1.494551450014114380e-02
-5.803061276674270630e-02
1.575558632612228394e-01
-2.431846410036087036e-01
-1.079462766647338867e-01
-9.590645879507064819e-02
9.897615760564804077e-02
2.615604177117347717e-02
1.441770792007446289e-02
1.538277715444564819e-01
-1.137456819415092468e-01
-2.380357235670089722e-01
-7.390321046113967896e-02
1.395687460899353027e-01
1.204344034194946289e-01
5.450862273573875427e-02
-1.000312622636556625e-02
7.803338766098022461e-02
-1.929438263177871704e-01
-4.453035071492195129e-02
-1.184710264205932617e-01
4.714664816856384277e-02
-1.129234209656715393e-01
-2.446828410029411316e-02
-1.200194284319877625e-01
-1.230006814002990723e-01
1.277124136686325073e-01
3.034729324281215668e-02
1.824200004339218140e-01
-4.773376509547233582e-02
1.392581462860107422e-01
1.649148464202880859e-01
2.753238752484321594e-02
-1.174537539482116699e-01
-6.170696020126342773e-02
-7.558650523424148560e-02
-5.133305862545967102e-02
4.394980520009994507e-02
-2.929861284792423248e-02
-2.411122620105743408e-02
-2.981257811188697815e-02
4.069563373923301697e-02
-1.447058934718370438e-02
1.481420397758483887e-01
5.975556001067161560e-02
2.322942204773426056e-02
1.839490607380867004e-02
-3.413178399205207825e-02
1.847606301307678223e-01
7.765869796276092529e-02
-9.179299324750900269e-02
-6.041549518704414368e-02
-6.141545996069908142e-02
5.070225521922111511e-02
1.571199297904968262e-02
-7.201965199783444405e-04
1.781994551420211792e-01
4.524518921971321106e-02
-2.241012156009674072e-01
9.638206101953983307e-03
8.482333272695541382e-02
-1.364745199680328369e-01
-4.187395796179771423e-02
