5.173606798052787781e-02
9.225224703550338745e-02
3.214465826749801636e-02
-1.204863004386425018e-02
-9.811957925558090210e-02
-6.471280008554458618e-02
-3.824031446129083633e-03
1.028724312782287598e-01
5.162989720702171326e-02
4.508170112967491150e-02
8.247738331556320190e-02
2.048682421445846558e-01
3.801726549863815308e-02
-9.299328178167343140e-02
-1.192886158823966980e-01
9.085934609174728394e-02
-1.535347551107406616e-01
8.837204426527023315e-02
3.649511933326721191e-02
2.945901267230510712e-02
7.240229099988937378e-02
1.183186545968055725e-01
2.285008318722248077e-02
8.040937781333923340e-02
-3.047125414013862610e-02
-1.563963852822780609e-02
-2.198638831032440066e-04
-1.159769073128700256e-01
-3.195500746369361877e-02
1.949632465839385986e-01
1.915304511785507202e-01
2.105401642620563507e-02
-1.734346300363540649e-01
-2.072148621082305908e-01
2.031892836093902588e-01
1.457087546586990356e-01
1.126293763518333435e-01
5.972201377153396606e-02
-3.615648671984672546e-02
-9.415894746780395508e-02
5.499720573425292969e-02
6.521146744489669800e-02
-3.165877982974052429e-02
-7.435427606105804443e-02
-5.122227594256401062e-02
-1.376080960035324097e-01
-3.230219474062323570e-03
-2.183453142642974854e-01
-6.037096306681632996e-02
-1.203748956322669983e-01
-1.093334332108497620e-01
-8.930641412734985352e-02
-1.762272417545318604e-02
1.319126188755035400e-01
-2.166324406862258911e-01
4.317691177129745483e-02
1.053537055850028992e-01
1.360299438238143921e-01
1.990613527595996857e-02
8.061079680919647217e-02
1.027303934097290039e-01
4.430188238620758057e-02
-1.337496470659971237e-02
8.937565237283706665e-02
-1.051134243607521057e-01
1.392256002873182297e-02
-1.064761504530906677e-01
3.912916779518127441e-02
-4.894130397588014603e-03
-1.549097746610641479e-01
-8.176846057176589966e-02
-3.813461586833000183e-02
-1.273786425590515137e-01
8.965553343296051025e-02
-1.129536405205726624e-01
-1.340780109167098999e-01
4.476161673665046692e-02
-1.217251792550086975e-01
1.744010299444198608e-01
1.310996990650892258e-02
5.915130302309989929e-02
-4.729017615318298340e-02
-1.097039356827735901e-01
8.940177410840988159e-02
6.466795504093170166e-02
3.249473124742507935e-02
7.096611708402633667e-02
6.769122928380966187e-02
1.503083389252424240e-02
8.189682848751544952e-03
-3.573512425646185875e-03
2.250345796346664429e-01
9.469383209943771362e-02
-7.646242529153823853e-02
-1.481061428785324097e-01
-2.686349442228674889e-03
1.640751063823699951e-01
1.503352820873260498e-02
1.072532758116722107e-01
-1.635647118091583252e-01
5.676867440342903137e-02
-7.682561129331588745e-02
7.308289408683776855e-02
4.301163554191589355e-02
-9.238192811608314514e-03
8.542903512716293335e-02
9.957474470138549805e-02
-8.738640695810317993e-02
8.634882420301437378e-02
-5.024102050811052322e-03
-8.204311132431030273e-02
-4.073692485690116882e-02
-4.144861549139022827e-02
7.969363592565059662e-03
1.064618229866027832e-01
-1.349466890096664429e-01
-4.573221877217292786e-02
1.209607049822807312e-01
1.590028218924999237e-02
5.645738914608955383e-02
