5.216885358095169067e-03
2.747432328760623932e-02
-1.255163848400115967e-01
-1.748220920562744141e-01
-7.162220031023025513e-02
-8.062565326690673828e-02
-2.876755893230438232e-01
4.053527861833572388e-02
-2.232921123504638672e-02
-5.400859937071800232e-02
5.232853442430496216e-02
7.654007524251937866e-02
-4.658626019954681396e-02
1.102867349982261658e-01
-1.145546957850456238e-01
-1.534329652786254883e-01
-4.990021698176860809e-03
-1.403752900660037994e-02
-2.511509135365486145e-02
3.762784227728843689e-02
1.432374566793441772e-01
1.434042900800704956e-01
-3.409210219979286194e-02
9.922506660223007202e-02
-4.495231062173843384e-02
-2.570828199386596680e-01
-2.145866118371486664e-02
-3.224648162722587585e-02
-7.874783128499984741e-02
8.939941972494125366e-02
-3.346109017729759216e-02
1.319048851728439331e-01
2.800547890365123749e-02
1.122556552290916443e-01
4.908307269215583801e-02
-6.398519128561019897e-02
1.485523432493209839e-01
1.506281346082687378e-01
4.990527033805847168e-02
-1.302804797887802124e-01
-2.313527092337608337e-02
3.516363352537155151e-02
8.373051881790161133e-02
4.714224860072135925e-02
-4.665023460984230042e-02
-4.742067772895097733e-03
-1.460445970296859741e-01
8.185683935880661011e-02
-8.611416071653366089e-02
-9.665786474943161011e-02
1.553385704755783081e-01
-2.931236289441585541e-02
1.735678762197494507e-01
-2.116383053362369537e-02
8.907302282750606537e-03
-8.092511445283889771e-02
1.771919243037700653e-02
3.695894777774810791e-02
-8.294268697500228882e-02
-1.919333636760711670e-02
2.499502850696444511e-03
1.404514610767364502e-01
7.133582979440689087e-02
5.558725073933601379e-02
-7.980171591043472290e-02
-9.974543936550617218e-03
2.326310984790325165e-02
7.947552204132080078e-02
-5.059446766972541809e-02
-5.673560779541730881e-03
-1.661645919084548950e-01
-6.984438002109527588e-02
-1.043571010231971741e-01
6.584372371435165405e-02
-1.725225299596786499e-01
-6.461688876152038574e-02
-1.416307091712951660e-01
-9.711859375238418579e-02
1.322943121194839478e-01
-3.181556984782218933e-02
2.847102843225002289e-02
5.878236517310142517e-02
-1.790184527635574341e-01
1.041489839553833008e-01
4.611129686236381531e-02
-5.481997132301330566e-02
-8.009275794029235840e-02
-1.599463075399398804e-01
2.188656292855739594e-02
8.215350657701492310e-02
3.525038808584213257e-02
-8.901270478963851929e-02
3.881734982132911682e-02
-7.805334776639938354e-02
1.066354848444461823e-02
-9.341791272163391113e-02
-1.732781878672540188e-03
-2.585785463452339172e-02
1.286389380693435669e-01
1.705236583948135376e-01
-5.335900187492370605e-02
-4.277617856860160828e-02
-5.195664986968040466e-02
-3.833658993244171143e-03
-4.794916510581970215e-02
2.634897641837596893e-02
-7.511028088629245758e-03
1.198524981737136841e-01
3.430598601698875427e-02
-4.517929628491401672e-02
-1.414763182401657104e-01
3.246208280324935913e-02
2.250512829050421715e-03
2.308519631624221802e-01
1.698562689125537872e-02
-3.650658577680587769e-02
-4.194637015461921692e-02
1.688112318515777588e-02
-4.710009321570396423e-02
8.596658706665039062e-02
