7.168509811162948608e-02
3.514226898550987244e-02
6.799977272748947144e-02
-8.212917298078536987e-02
-5.855533108115196228e-02
-2.156699448823928833e-01
1.396349966526031494e-01
3.501065075397491455e-02
-9.139931946992874146e-02
-1.331549435853958130e-01
2.798208594322204590e-02
-8.457640558481216431e-02
1.348851174116134644e-01
9.155108779668807983e-02
3.753972426056861877e-02
-5.487272143363952637e-02
4.071092978119850159e-02
1.457323282957077026e-01
2.188594266772270203e-02
-2.071994990110397339e-01
-6.155125051736831665e-02
-2.719371393322944641e-02
-1.001648511737585068e-02
1.376155316829681396e-01
1.305615305900573730e-01
-7.937224209308624268e-02
3.133274242281913757e-02
-9.604157879948616028e-03
-6.115555390715599060e-02
1.866108626127243042e-01
2.355990745127201080e-02
-8.018729835748672485e-02
1.340557038784027100e-01
-1.678382009267807007e-01
-1.018910929560661316e-01
-1.314891502261161804e-03
7.442049682140350342e-02
-5.420202855020761490e-03
-1.042510271072387695e-01
-6.548934429883956909e-02
-2.836034074425697327e-02
7.651245687156915665e-03
-1.468371599912643433e-01
6.090174429118633270e-03
1.782846152782440186e-01
-6.306537985801696777e-02
1.454784125089645386e-01
4.966455325484275818e-02
-7.329171150922775269e-02
6.328633427619934082e-02
1.230949983000755310e-01
2.095647901296615601e-01
1.320053935050964355e-01
4.709046706557273865e-02
4.133519157767295837e-02
6.781861931085586548e-02
8.635070919990539551e-02
-4.078513011336326599e-02
1.429648846387863159e-01
4.171410948038101196e-02
4.364139586687088013e-02
1.427008491009473801e-02
-2.911878190934658051e-02
6.519120186567306519e-02
-1.285810722038149834e-03
-4.850704595446586609e-02
-1.308582127094268799e-01
-5.209338665008544922e-02
-1.078212261199951172e-01
4.775650054216384888e-02
-5.200272426009178162e-02
-3.956538438796997070e-02
-2.897979319095611572e-01
-1.370998322963714600e-01
2.269812077283859253e-01
1.609919071197509766e-01
-7.899132370948791504e-02
-1.686251536011695862e-02
-1.247276663780212402e-01
-2.066579647362232208e-03
3.071968257427215576e-02
3.514753654599189758e-02
8.148714154958724976e-02
-1.595873832702636719e-01
4.490749165415763855e-02
7.745193690061569214e-02
8.522385358810424805e-02
1.046730056405067444e-01
-2.183316498994827271e-01
8.465271443128585815e-02
-1.767092384397983551e-02
-9.084451943635940552e-02
-2.134227566421031952e-02
-1.478940248489379883e-01
1.608167886734008789e-01
2.436643838882446289e-01
-2.445829473435878754e-02
5.784063413739204407e-02
-7.014892995357513428e-02
6.832767277956008911e-02
-1.360334362834692001e-02
3.096615709364414215e-02
1.122087389230728149e-01
2.237260341644287109e-01
-5.800354480743408203e-02
2.374826669692993164e-01
-1.917005144059658051e-02
1.810574680566787720e-01
-1.838657446205615997e-02
6.832975894212722778e-02
2.150265686213970184e-02
3.643497526645660400e-01
1.053034663200378418e-01
3.997232392430305481e-02
1.200738102197647095e-01
-1.114303022623062134e-01
7.828732579946517944e-02
-5.729441717267036438e-02
1.632059365510940552e-01
-6.581004709005355835e-03
