-8.420414477586746216e-02
1.087565254420042038e-02
-5.348968505859375000e-02
2.492634579539299011e-02
-1.364711374044418335e-01
-1.037249490618705750e-01
-1.517783291637897491e-02
-6.385679543018341064e-02
-8.372165262699127197e-03
-2.213374823331832886e-01
-1.351852715015411377e-01
1.771987043321132660e-02
-2.270763181149959564e-02
-4.623078927397727966e-02
9.192464500665664673e-02
8.968966454267501831e-02
-8.036729693412780762e-02
6.158171966671943665e-02
1.143315955996513367e-01
-5.208939313888549805e-02
8.749655634164810181e-02
-3.056998923420906067e-02
1.012549996376037598e-01
-3.437924757599830627e-02
-3.780391812324523926e-02
1.070734411478042603e-01
-6.046073511242866516e-02
7.759422063827514648e-02
-3.048120439052581787e-02
5.183267220854759216e-02
-2.851898036897182465e-02
-2.053785324096679688e-02
6.611108779907226562e-02
-3.060026839375495911e-02
-5.878879502415657043e-02
-2.391643077135086060e-01
-1.259578913450241089e-01
6.194585189223289490e-02
3.760133311152458191e-02
-7.228655368089675903e-02
8.563708513975143433e-02
-4.513581842184066772e-02
-1.099076271057128906e-01
-5.922855809330940247e-02
4.849431104958057404e-03
-1.099210930988192558e-04
3.810707852244377136e-02
-4.029821977019309998e-02
9.105603396892547607e-02
-4.988316074013710022e-02
1.260631680488586426e-01
6.681893765926361084e-02
-1.121634393930435181e-01
-1.406263113021850586e-01
1.207833886146545410e-01
1.814932911656796932e-03
-4.292324557900428772e-02
1.669589802622795105e-02
-6.442632526159286499e-02
9.588515385985374451e-03
-4.792983829975128174e-02
-1.452215667814016342e-02
5.952331051230430603e-02
-1.002347841858863831e-01
4.643292352557182312e-02
-8.369074761867523193e-02
-8.475337177515029907e-02
-1.481782365590333939e-02
-1.406844109296798706e-01
4.106345586478710175e-03
-2.518757246434688568e-02
-8.708884567022323608e-02
5.728499498218297958e-03
1.095229759812355042e-01
-1.622081361711025238e-02
1.048507839441299438e-01
1.431996822357177734e-01
-1.141894385218620300e-01
8.980761468410491943e-02
-1.086861267685890198e-01
-4.119593277573585510e-02
-1.438205391168594360e-01
6.695284694433212280e-02
-6.431867927312850952e-02
-1.579034775495529175e-01
-1.655671931803226471e-02
2.769660437479615211e-03
2.002331763505935669e-01
1.503642499446868896e-01
6.892327219247817993e-02
9.845779836177825928e-02
1.332023441791534424e-01
1.551661547273397446e-02
-8.112844824790954590e-02
-1.927357465028762817e-01
-1.459836214780807495e-01
-9.531559795141220093e-02
1.952398866415023804e-01
-2.450926788151264191e-02
-1.279822438955307007e-01
-1.669701337814331055e-01
-8.129831403493881226e-02
-1.048468872904777527e-01
1.785356178879737854e-02
5.423935130238533020e-02
4.741135612130165100e-02
-7.619237154722213745e-02
-9.536910057067871094e-02
-1.145380176603794098e-02
1.446799188852310181e-01
-4.745018109679222107e-02
4.241069406270980835e-02
5.206817388534545898e-02
2.181988907977938652e-03
5.587381124496459961e-02
-1.439968049526214600e-01
5.782009288668632507e-02
-1.602009683847427368e-01
1.695175096392631531e-02
2.178341150283813477e-01
