1.350051313638687134e-01
1.329174339771270752e-01
6.200993806123733521e-02
-4.363376647233963013e-02
1.401289403438568115e-01
-8.743199706077575684e-02
1.671923510730266571e-02
-1.804134063422679901e-02
-1.512036770582199097e-01
3.711752220988273621e-02
7.877583801746368408e-02
-8.736367523670196533e-02
8.627759665250778198e-02
-9.383957833051681519e-02
1.445856061764061451e-03
2.747755311429500580e-02
1.046941205859184265e-01
-8.481997996568679810e-03
7.300426810979843140e-02
-1.023162752389907837e-01
-3.706012293696403503e-02
-6.903991103172302246e-02
-1.065956875681877136e-01
4.246639832854270935e-02
-4.559452459216117859e-02
-2.125898003578186035e-02
-1.368561573326587677e-02
-1.539100706577301025e-01
-1.418933924287557602e-02
1.369111388921737671e-01
1.652178019285202026e-01
2.493299171328544617e-02
1.316727250814437866e-01
7.218302041292190552e-02
6.710524857044219971e-02
-1.501799672842025757e-01
7.377722114324569702e-02
-4.506976529955863953e-02
-7.510790973901748657e-02
1.381868422031402588e-01
-5.814194679260253906e-02
1.073918342590332031e-01
1.488938629627227783e-01
1.304141432046890259e-02
-6.989579647779464722e-02
-1.523927748203277588e-01
-2.874009311199188232e-02
9.926477819681167603e-02
-1.348697543144226074e-01
-7.245592027902603149e-02
-6.846215575933456421e-02
2.135896235704421997e-01
-2.202094905078411102e-02
8.207191526889801025e-02
-1.844423078000545502e-02
4.884152859449386597e-02
-6.376399192959070206e-03
-2.483498901128768921e-01
-7.798554003238677979e-02
1.269983351230621338e-01
1.304571330547332764e-01
2.157755345106124878e-01
1.482741981744766235e-01
-5.550016090273857117e-02
5.245644971728324890e-02
6.104390695691108704e-02
-7.471903413534164429e-02
-4.793586209416389465e-02
-7.884664833545684814e-02
-5.357146728783845901e-03
9.712991863489151001e-02
-1.322529762983322144e-01
-1.154405847191810608e-01
-5.582252889871597290e-02
-3.298945724964141846e-02
-5.794071778655052185e-02
-4.610371962189674377e-02
1.470436304807662964e-01
-4.735713824629783630e-02
6.659906357526779175e-02
-1.816386543214321136e-02
1.159833222627639771e-01
1.978714764118194580e-01
-3.022281825542449951e-02
-4.045414179563522339e-02
1.483587455004453659e-02
-5.185507610440254211e-02
2.290114611387252808e-01
-3.394048660993576050e-02
9.209261834621429443e-02
-8.956816047430038452e-02
9.881374426186084747e-03
-3.735885769128799438e-02
3.449671715497970581e-02
-1.491695083677768707e-02
1.018398031592369080e-01
-4.076182097196578979e-02
1.278521269559860229e-01
-5.522834137082099915e-02
5.081874318420886993e-03
1.208019405603408813e-01
3.162441775202751160e-02
-3.449888154864311218e-02
-1.796002089977264404e-01
1.371088027954101562e-01
-1.805616468191146851e-01
1.854365766048431396e-01
4.116740822792053223e-02
9.488665312528610229e-02
-2.308433689177036285e-02
6.701009720563888550e-02
4.356442019343376160e-02
1.478042304515838623e-01
-9.366035461425781250e-02
1.171176210045814514e-01
1.903269998729228973e-02
-1.380932182073593140e-01
2.120149582624435425e-01
2.665978670120239258e-02
-1.809742450714111328e-01
