-8.497792482376098633e-02
1.466834098100662231e-01
1.785863377153873444e-02
-7.368406746536493301e-03
1.662255972623825073e-01
1.394620984792709351e-01
-3.713783249258995056e-02
4.271420463919639587e-02
-1.630679965019226074e-01
-6.721838563680648804e-02
1.824334561824798584e-01
1.733810901641845703e-01
-2.066609822213649750e-02
-2.784904837608337402e-02
-1.588854640722274780e-01
-7.620645221322774887e-03
9.032266587018966675e-02
1.419827193021774292e-01
-1.994051337242126465e-01
6.881591677665710449e-02
1.236268207430839539e-01
5.243627354502677917e-02
2.563889324665069580e-02
2.615968696773052216e-03
2.607101574540138245e-02
1.364808976650238037e-01
-1.280365884304046631e-01
-2.582818865776062012e-01
-6.176560744643211365e-02
-1.844616234302520752e-01
1.881734468042850494e-02
7.547120004892349243e-02
-2.288592420518398285e-02
2.361472323536872864e-02
2.195455878973007202e-02
7.402731478214263916e-02
-6.506069004535675049e-02
-2.417176961898803711e-02
1.417062152177095413e-02
-1.013179570436477661e-01
-5.424582585692405701e-02
-1.096287295222282410e-01
-1.246947869658470154e-01
2.669608891010284424e-01
2.813620259985327721e-03
-1.477339714765548706e-01
-1.394227147102355957e-01
1.323039382696151733e-01
-1.256569474935531616e-01
1.108623147010803223e-01
3.237131610512733459e-02
-5.260058119893074036e-02
-1.164775639772415161e-01
3.475536778569221497e-02
-4.476078227162361145e-02
1.539908465929329395e-03
9.914427995681762695e-02
-1.109984740614891052e-01
6.711408495903015137e-02
-3.250752389430999756e-02
6.139776110649108887e-02
-1.345558315515518188e-01
3.390562534332275391e-02
7.354144006967544556e-03
4.925657995045185089e-03
5.070081353187561035e-02
-4.552812874317169189e-02
-5.777613446116447449e-02
-1.214846386574208736e-03
-1.223225221037864685e-01
-4.991267248988151550e-02
4.586820956319570541e-03
2.412364631891250610e-02
-8.115203678607940674e-02
1.323954612016677856e-01
5.192031338810920715e-02
5.581019446253776550e-02
-2.909873425960540771e-02
-1.385355927050113678e-02
-3.838071599602699280e-02
-1.991830021142959595e-02
-7.680842280387878418e-02
-9.406283497810363770e-02
-1.697601526975631714e-01
2.437265403568744659e-02
1.667676419019699097e-01
-7.538141310214996338e-02
-1.006708666682243347e-01
7.322395592927932739e-02
-3.665713220834732056e-02
1.904346644878387451e-01
-3.143936395645141602e-02
-2.670015767216682434e-02
2.716783061623573303e-02
-3.809855505824089050e-02
-8.094741404056549072e-02
4.527352377772331238e-02
2.299836277961730957e-02
-1.190693955868482590e-02
7.131376862525939941e-02
-3.515713661909103394e-02
1.931351609528064728e-03
-1.748156547546386719e-02
7.475901395082473755e-02
-2.024322282522916794e-03
9.603682905435562134e-03
1.908500790596008301e-01
-5.278531834483146667e-02
-6.216974183917045593e-02
5.369639396667480469e-02
-1.064913198351860046e-01
4.763225838541984558e-02
2.257564291357994080e-02
1.337806433439254761e-01
1.422922611236572266e-01
6.015425547957420349e-02
-1.807019263505935669e-01
1.062813177704811096e-01
1.718919128179550171e-01
1.293376833200454712e-01
