1.990861259400844574e-03
-1.577356010675430298e-01
1.604052633047103882e-01
6.677208840847015381e-02
5.821781232953071594e-02
8.189453184604644775e-02
-1.724400222301483154e-01
-1.061976328492164612e-01
-4.356032237410545349e-02
1.037969440221786499e-02
3.791731223464012146e-02
3.240584582090377808e-02
1.715029925107955933e-01
-1.412319540977478027e-01
-4.294988885521888733e-02
-2.563053928315639496e-02
-6.454580277204513550e-02
1.507057249546051025e-01
2.472095936536788940e-02
-5.798120424151420593e-02
4.950575903058052063e-02
-1.912609301507472992e-02
-1.054164096713066101e-01
-8.058843761682510376e-02
1.329010128974914551e-01
-5.776834115386009216e-02
-5.947208032011985779e-02
1.643753498792648315e-01
2.222971431910991669e-02
-7.803812623023986816e-03
-6.809595972299575806e-02
-1.418501585721969604e-01
-1.237246170639991760e-01
-7.622688263654708862e-02
-6.666538119316101074e-02
-4.040289670228958130e-02
7.542704790830612183e-02
-9.494149126112461090e-03
3.035166300833225250e-02
3.154572844505310059e-02
-1.033428907394409180e-01
-3.167865797877311707e-02
-2.207766100764274597e-02
-1.398960947990417480e-01
1.567284315824508667e-01
7.799235731363296509e-02
-1.159139648079872131e-01
2.909612469375133514e-02
-4.099756106734275818e-02
5.123632028698921204e-02
3.953149914741516113e-02
-1.155334934592247009e-01
-9.270936995744705200e-02
1.828581094741821289e-02
-3.276348579674959183e-03
-6.013767048716545105e-02
-4.651439376175403595e-03
-3.695394098758697510e-02
-1.086368188261985779e-01
-2.228370681405067444e-02
-1.262838244438171387e-01
8.726327121257781982e-02
-1.429990381002426147e-01
9.607326984405517578e-02
5.299806594848632812e-02
-6.399063020944595337e-02
5.277199298143386841e-02
1.045954003930091858e-01
4.480937868356704712e-02
-3.874471411108970642e-02
-7.120954245328903198e-02
-5.765236541628837585e-02
6.798294931650161743e-02
6.893997080624103546e-03
3.473458811640739441e-02
6.788357347249984741e-02
-5.756106600165367126e-02
2.055206708610057831e-02
-1.039540991187095642e-01
7.591131329536437988e-02
8.970822393894195557e-02
6.014037132263183594e-02
6.377359968610107899e-04
2.650113776326179504e-02
1.114658713340759277e-01
2.301298081874847412e-03
1.194208413362503052e-01
2.132758945226669312e-01
1.029739007353782654e-01
8.725385367870330811e-02
-2.416072934865951538e-01
-9.450014680624008179e-02
9.718824177980422974e-02
6.297559291124343872e-02
5.305515602231025696e-02
-2.914100885391235352e-02
-6.291486322879791260e-02
-1.119886189699172974e-01
-8.164083212614059448e-02
4.899822175502777100e-02
-1.485863514244556427e-02
-1.743962056934833527e-02
-4.659333452582359314e-02
3.655262989923357964e-03
1.020625466480851173e-03
3.733927011489868164e-02
1.315840780735015869e-01
2.604530751705169678e-01
-3.186118230223655701e-02
9.831693954765796661e-03
-7.484526932239532471e-02
-1.499500572681427002e-01
1.269990950822830200e-02
2.416841685771942139e-02
2.974796667695045471e-02
1.448126286268234253e-01
-2.241703681647777557e-02
-1.239652857184410095e-01
-9.331740438938140869e-02
-3.557759569957852364e-03
