4.319627583026885986e-02
8.553769439458847046e-02
-1.107619330286979675e-01
-2.066559717059135437e-02
-1.799449697136878967e-02
-4.485735297203063965e-02
-5.595276504755020142e-02
7.071416825056076050e-02
-1.527176052331924438e-01
-8.885572850704193115e-02
-1.451816130429506302e-02
1.287311315536499023e-02
-3.542309626936912537e-02
1.663346290588378906e-01
-3.930087015032768250e-02
-8.283546566963195801e-02
1.833922117948532104e-01
-5.032905936241149902e-02
6.059096008539199829e-02
-1.017037630081176758e-01
1.733230985701084137e-02
-1.387820672243833542e-02
1.531417220830917358e-01
6.260312348604202271e-02
-9.925665706396102905e-02
6.552150100469589233e-02
-1.606730967760086060e-01
-7.069525122642517090e-02
5.441432073712348938e-02
-4.338541254401206970e-02
5.348940566182136536e-02
2.977517247200012207e-02
-8.443757891654968262e-02
-1.039917394518852234e-01
8.774977177381515503e-02
1.157386302947998047e-01
-1.318041682243347168e-01
8.236890286207199097e-02
7.562253624200820923e-02
-7.061720639467239380e-02
-2.197846071794629097e-03
1.670900881290435791e-01
-5.566480383276939392e-02
-1.621711701154708862e-01
-1.053381487727165222e-01
-3.307152912020683289e-02
2.745623327791690826e-02
-1.214146148413419724e-02
3.645778819918632507e-02
-3.880156949162483215e-02
8.877225220203399658e-02
-1.063652560114860535e-01
3.232679516077041626e-02
-4.912805929780006409e-02
-1.461480557918548584e-01
2.677572332322597504e-02
1.719052791595458984e-01
2.408034652471542358e-01
-1.434643268585205078e-01
-8.541762828826904297e-02
-2.220341749489307404e-02
3.472425788640975952e-02
-2.001327723264694214e-01
9.666263312101364136e-02
8.248275518417358398e-02
1.276003289967775345e-02
-1.983835846185684204e-01
-2.644696831703186035e-01
-7.077196240425109863e-02
-4.307172819972038269e-02
1.776528060436248779e-01
-7.513559609651565552e-02
-8.886519074440002441e-02
-3.142199292778968811e-02
-6.427493691444396973e-02
4.616560786962509155e-02
-2.868294529616832733e-02
-1.277740299701690674e-02
2.494978159666061401e-02
-9.326847642660140991e-02
1.746588647365570068e-01
5.323227029293775558e-03
2.318046055734157562e-02
-6.619753688573837280e-02
-2.306488901376724243e-02
1.809941828250885010e-01
1.333033889532089233e-01
-2.143446505069732666e-01
-1.195622906088829041e-01
1.930804364383220673e-02
4.427934065461158752e-02
-5.239503458142280579e-02
5.200368352234363556e-03
4.081894829869270325e-02
-8.234510570764541626e-02
3.127616271376609802e-02
2.383469603955745697e-02
9.665778279304504395e-02
5.797403678297996521e-02
1.356425285339355469e-01
1.492197811603546143e-01
6.392588466405868530e-02
-1.034504771232604980e-01
-1.183892637491226196e-01
2.187682688236236572e-02
1.109889969229698181e-01
1.544897258281707764e-01
-3.775272518396377563e-02
3.329907078295946121e-03
7.714604027569293976e-03
5.761484056711196899e-02
-9.160767309367656708e-03
2.726786732673645020e-01
1.274896711111068726e-01
5.585209932178258896e-03
-5.470810458064079285e-02
1.561404913663864136e-01
-1.507809907197952271e-01
-1.099124699831008911e-01
-5.303726345300674438e-02
