1.487470865249633789e-01
-1.494231671094894409e-01
1.931768842041492462e-02
-1.062976270914077759e-01
1.872122660279273987e-02
4.652056470513343811e-02
-1.658722162246704102e-01
-7.736758887767791748e-02
4.817668721079826355e-02
-1.130755916237831116e-01
-7.798480987548828125e-02
-1.803558170795440674e-01
9.755895286798477173e-02
1.067456230521202087e-02
8.377870544791221619e-03
5.328894406557083130e-02
7.251064479351043701e-02
-8.376069366931915283e-02
8.725617825984954834e-02
-9.023331850767135620e-02
6.008207798004150391e-02
-2.279572933912277222e-01
-1.316766440868377686e-01
-7.146336883306503296e-02
6.703529506921768188e-02
-9.697560220956802368e-02
-1.009180694818496704e-01
-4.640257731080055237e-02
6.314022932201623917e-03
-1.109051033854484558e-01
1.326652914285659790e-01
-6.105921417474746704e-02
-5.524048116058111191e-03
-2.137046307325363159e-01
-7.532464712858200073e-02
-1.399341672658920288e-01
-6.057192757725715637e-02
-6.313624326139688492e-03
-1.523384302854537964e-01
3.753951191902160645e-02
4.201766476035118103e-02
-2.712540328502655029e-02
7.473628222942352295e-02
-1.614454984664916992e-01
-2.621515421196818352e-03
2.433640062808990479e-01
-1.126927509903907776e-01
-4.796219989657402039e-02
-1.234256774187088013e-01
2.961614727973937988e-02
-2.011508308351039886e-02
5.029140040278434753e-02
-3.675056993961334229e-02
-2.677837386727333069e-02
-7.684663683176040649e-02
1.049219295382499695e-01
-2.672746218740940094e-02
1.305105835199356079e-01
-9.187051653861999512e-02
5.472984537482261658e-02
3.823334351181983948e-02
1.335809379816055298e-01
2.173537388443946838e-02
-4.501413926482200623e-02
-6.045728549361228943e-02
-5.879639461636543274e-02
-5.442936345934867859e-02
-1.030357833951711655e-02
3.246029019355773926e-01
2.627325011417269707e-03
-2.538770437240600586e-02
3.165656700730323792e-02
7.444818317890167236e-02
-3.646999225020408630e-02
5.805108696222305298e-03
8.200945705175399780e-02
9.052588575286790729e-05
1.954069547355175018e-02
9.000497311353683472e-02
-1.149372085928916931e-01
-1.493870932608842850e-02
5.502215027809143066e-02
4.395857825875282288e-02
1.901325024664402008e-02
-9.655201435089111328e-02
-5.367606878280639648e-02
4.762917757034301758e-02
3.566395118832588196e-02
6.349057890474796295e-03
8.279096335172653198e-02
-6.700152298435568810e-04
-3.689308837056159973e-02
1.893974691629409790e-01
4.922807589173316956e-02
-1.324885487556457520e-01
-4.900183528661727905e-02
7.633353769779205322e-02
-2.389036118984222412e-03
-1.141360625624656677e-01
6.191771849989891052e-02
1.022713724523782730e-03
-2.782870829105377197e-02
5.436152219772338867e-03
7.900481671094894409e-02
-1.509947478771209717e-01
-7.013502717018127441e-02
7.837500423192977905e-02
-2.271801978349685669e-02
-1.218849793076515198e-01
7.859020680189132690e-02
1.011137142777442932e-01
-7.372667640447616577e-02
2.510991506278514862e-02
-1.243785023689270020e-01
-8.810955286026000977e-02
-2.015349641442298889e-02
6.605669111013412476e-02
7.142958045005798340e-02
-1.758767068386077881e-01
1.498555298894643784e-02
