-5.873482301831245422e-02
3.215370699763298035e-02
2.692275680601596832e-02
4.714563861489295959e-02
-6.049894914031028748e-02
1.502723544836044312e-01
-8.944683521986007690e-02
8.789008110761642456e-02
-5.800712108612060547e-02
1.547820027917623520e-02
-4.783748835325241089e-02
-2.077734321355819702e-01
-2.618142776191234589e-02
1.222392246127128601e-01
8.992450684309005737e-02
7.043074816465377808e-02
7.651266455650329590e-02
1.775025948882102966e-02
2.176496833562850952e-01
-1.208965405821800232e-01
-1.050622612237930298e-01
1.332832276821136475e-01
1.026337891817092896e-01
-1.685502566397190094e-02
-8.137375116348266602e-02
2.295264005661010742e-01
2.305028401315212250e-02
1.193940918892621994e-02
4.915465041995048523e-02
-7.701657712459564209e-02
-1.051549464464187622e-01
-1.998347043991088867e-02
1.009208336472511292e-01
-4.749810323119163513e-02
-3.329893946647644043e-02
1.168239512480795383e-03
1.209743022918701172e-01
1.305644959211349487e-01
-4.839925840497016907e-02
1.414238661527633667e-01
9.840885549783706665e-02
2.348919585347175598e-02
1.351455785334110260e-02
2.457392215728759766e-01
3.434536606073379517e-02
-3.507354483008384705e-02
-7.134801149368286133e-02
-1.019726973026990891e-02
1.101759225130081177e-01
-2.720875144004821777e-01
-1.349087990820407867e-02
1.005240455269813538e-01
-1.164063811302185059e-01
-9.859573096036911011e-03
-7.456708699464797974e-02
-4.903032630681991577e-02
-1.158468350768089294e-01
-7.412030547857284546e-02
-7.935368269681930542e-02
-3.811339661478996277e-02
1.963829994201660156e-02
-4.112094268202781677e-02
6.778807844966650009e-03
-1.493680477142333984e-01
1.143382787704467773e-01
6.235621497035026550e-02
-5.561299994587898254e-02
3.543782234191894531e-02
2.133120745420455933e-01
4.847782850265502930e-02
-1.279121041297912598e-01
1.179434433579444885e-01
-2.172738499939441681e-02
-1.608862876892089844e-01
3.426184877753257751e-02
7.574041932821273804e-02
-2.417770624160766602e-01
1.461707521229982376e-02
3.730864496901631355e-03
-1.053815260529518127e-01
1.696207970380783081e-01
1.259547919034957886e-01
5.725674796849489212e-03
7.296862453222274780e-02
1.287680119276046753e-01
-9.127107262611389160e-02
4.288798198103904724e-02
1.578498282469809055e-03
6.863931566476821899e-02
8.179027587175369263e-02
-6.316349655389785767e-02
-5.337343364953994751e-02
1.461295932531356812e-01
-1.054391786456108093e-01
-1.630183681845664978e-02
1.235592737793922424e-01
-1.256710737943649292e-01
1.023539677262306213e-01
-8.123322576284408569e-02
1.637635827064514160e-01
-1.020983830094337463e-01
4.309652000665664673e-02
9.397852420806884766e-02
1.756254583597183228e-02
-5.170828104019165039e-02
-2.170382738113403320e-01
1.465780586004257202e-01
-8.874957263469696045e-02
2.574721574783325195e-01
-1.798081248998641968e-01
-8.194037526845932007e-02
8.676067739725112915e-02
4.817095771431922913e-02
1.140658631920814514e-01
-4.717519041150808334e-03
-7.077898830175399780e-02
5.742516741156578064e-02
-1.289789080619812012e-01
-2.971345186233520508e-02
1.158358976244926453e-01
