-7.911116629838943481e-02
7.722184807062149048e-02
1.010942831635475159e-01
7.651169598102569580e-02
-3.136095032095909119e-02
1.275620311498641968e-01
3.407546132802963257e-02
-1.157973185181617737e-01
6.489939987659454346e-02
-1.224683076143264771e-01
-2.470674365758895874e-01
-5.377251654863357544e-02
-5.270124226808547974e-02
1.039805635809898376e-02
1.333925575017929077e-01
-2.531618177890777588e-01
1.352847814559936523e-01
-2.747868932783603668e-02
2.775430977344512939e-01
-4.052694141864776611e-02
7.169593870639801025e-02
-5.780094768851995468e-03
1.396416723728179932e-01
-5.492530297487974167e-03
-5.639293417334556580e-02
-9.258564561605453491e-02
3.771491348743438721e-02
7.167213410139083862e-02
6.271003931760787964e-02
-4.000144451856613159e-02
2.032717317342758179e-02
-2.428047209978103638e-01
9.598162956535816193e-03
-1.078880652785301208e-01
-4.020937904715538025e-02
-3.062723875045776367e-01
5.440692231059074402e-02
1.321445554494857788e-01
-2.271198295056819916e-02
-1.718034408986568451e-02
1.281778663396835327e-01
7.581134140491485596e-02
2.423708513379096985e-02
-1.892342865467071533e-01
2.131341211497783661e-02
-6.562712788581848145e-02
-8.497834950685501099e-02
-6.814390420913696289e-03
-2.002107910811901093e-02
-5.714741349220275879e-02
-1.735760481096804142e-03
3.920827526599168777e-03
-3.937259688973426819e-02
-1.928320713341236115e-02
-3.894165530800819397e-02
-5.714706704020500183e-02
9.781394153833389282e-02
4.198190197348594666e-02
1.063257455825805664e-01
-1.427732259035110474e-01
1.358571648597717285e-01
-1.200435981154441833e-01
-9.206689149141311646e-02
2.228553295135498047e-01
4.526279494166374207e-02
-3.767065703868865967e-02
2.759976685047149658e-02
7.247225195169448853e-02
1.249651517719030380e-02
-4.094045981764793396e-02
-2.004856616258621216e-01
7.735761255025863647e-02
-1.505970954895019531e-01
-1.244588419795036316e-01
-1.414091885089874268e-01
-1.057175397872924805e-01
2.181542851030826569e-02
-4.989785701036453247e-02
8.839336037635803223e-02
-2.751655119936913252e-04
-1.214409098029136658e-01
1.093199178576469421e-01
1.798954233527183533e-02
-7.059417665004730225e-02
6.294067949056625366e-02
8.094256743788719177e-03
9.136635810136795044e-02
-2.934514880180358887e-01
6.573879625648260117e-03
3.719010576605796814e-02
6.678552925586700439e-02
6.679983437061309814e-02
5.628517270088195801e-02
6.832604110240936279e-02
-4.275135230273008347e-03
-1.730404347181320190e-01
-1.125985756516456604e-01
4.707430955022573471e-03
-1.358146816492080688e-01
2.830553101375699043e-03
1.301390677690505981e-01
3.874721378087997437e-02
-5.323673039674758911e-02
-9.990286082029342651e-02
-2.204651087522506714e-01
-6.387120485305786133e-02
-7.801326364278793335e-02
-1.609231978654861450e-01
1.006759889423847198e-02
-6.875564157962799072e-02
7.775203324854373932e-03
1.596587449312210083e-01
-1.099442020058631897e-01
-1.360902488231658936e-01
9.784527868032455444e-02
6.379038840532302856e-02
1.238609775900840759e-01
5.638604983687400818e-02
-1.326336711645126343e-01
4.607737809419631958e-02
