1.315024048089981079e-01
-1.549716740846633911e-01
1.579858064651489258e-01
-1.427392810583114624e-01
8.565427362918853760e-02
9.637513011693954468e-02
-4.309733957052230835e-02
1.084394380450248718e-01
-7.879527658224105835e-02
9.772881120443344116e-02
2.651364542543888092e-02
-1.093683987855911255e-01
-4.043176304548978806e-03
-3.086800454184412956e-03
-8.777499943971633911e-02
-3.675917908549308777e-02
6.114956736564636230e-02
3.747494518756866455e-02
-8.858158439397811890e-02
-7.098017632961273193e-02
6.682947278022766113e-02
-1.554535478353500366e-01
-2.455088077113032341e-03
-3.960615023970603943e-02
-3.801658749580383301e-02
-1.672620028257369995e-01
9.958564490079879761e-02
8.156704902648925781e-02
2.273281477391719818e-02
-5.372218322008848190e-03
-2.869183383882045746e-02
5.366162583231925964e-02
7.124529033899307251e-02
5.352057144045829773e-02
5.290688201785087585e-02
4.227108135819435120e-02
-3.925987333059310913e-02
-1.042108684778213501e-01
4.311902448534965515e-02
9.325077384710311890e-02
1.235846057534217834e-01
8.370836824178695679e-02
9.794508665800094604e-02
1.861734241247177124e-01
1.067884340882301331e-01
-2.373790591955184937e-01
1.880428045988082886e-01
7.651425898075103760e-02
2.046411335468292236e-01
6.058580800890922546e-02
-5.937030911445617676e-02
-2.469338290393352509e-02
1.193309109658002853e-02
-2.086862772703170776e-01
-1.260394901037216187e-01
9.070196747779846191e-02
6.911650300025939941e-02
-8.706858009099960327e-02
-4.826202243566513062e-02
-1.373954266309738159e-01
1.504495274275541306e-02
2.955942787230014801e-02
1.776120811700820923e-01
1.281844731420278549e-02
-6.230124458670616150e-02
-1.318145245313644409e-01
-1.485292916186153889e-03
-4.958471283316612244e-02
-8.146833628416061401e-02
3.330091387033462524e-02
-5.310867354273796082e-02
6.041923165321350098e-02
2.472765184938907623e-02
1.830683201551437378e-01
6.947606801986694336e-02
2.247451245784759521e-02
-5.644009634852409363e-02
1.149628758430480957e-01
-9.877630323171615601e-02
1.828711181879043579e-01
-1.137534156441688538e-01
1.572996228933334351e-01
1.897856742143630981e-01
3.359980136156082153e-02
-1.820478737354278564e-01
5.236608535051345825e-02
-1.498142033815383911e-01
-1.625831127166748047e-01
-1.067091375589370728e-01
-1.540796011686325073e-01
1.408042758703231812e-01
3.572828322649002075e-02
2.490932494401931763e-01
-1.053792834281921387e-01
-6.143536046147346497e-02
7.036715000867843628e-02
-9.206183254718780518e-02
-1.990038901567459106e-01
5.209734663367271423e-02
6.237542629241943359e-02
9.317125193774700165e-03
-2.736334502696990967e-02
-1.853344291448593140e-01
-1.954123228788375854e-01
-8.003685623407363892e-02
-1.559931039810180664e-01
3.124570287764072418e-02
1.313012689352035522e-01
1.029299274086952209e-01
1.383995711803436279e-01
-4.004037007689476013e-02
6.459457427263259888e-02
-3.282467275857925415e-02
3.564540669322013855e-02
1.798092722892761230e-01
-8.466684073209762573e-02
-2.613475024700164795e-01
-1.729767397046089172e-02
1.277152299880981445e-01
4.500706121325492859e-02
