6.143294647336006165e-02
9.131572209298610687e-03
-5.754585936665534973e-02
2.134350501000881195e-02
-8.741799741983413696e-02
-2.702166140079498291e-02
1.166158542037010193e-01
-5.194223672151565552e-02
-8.929046243429183960e-02
-1.249813195317983627e-02
-6.209293752908706665e-02
4.752936959266662598e-02
6.737261265516281128e-02
-8.368347585201263428e-02
-8.030971884727478027e-02
-2.992455475032329559e-02
-1.485350131988525391e-01
1.875592581927776337e-02
-7.920023053884506226e-03
6.216396763920783997e-02
-1.639308780431747437e-02
1.953764408826828003e-01
-1.047935709357261658e-01
-1.264715939760208130e-01
-2.915582619607448578e-02
-2.645519375801086426e-02
-6.517232954502105713e-02
1.601989418268203735e-01
1.506140362471342087e-02
-8.416273444890975952e-02
1.246329545974731445e-01
-9.917090088129043579e-02
-1.090468913316726685e-01
2.153142169117927551e-02
-3.188196569681167603e-02
-2.149684876203536987e-01
-3.925390541553497314e-03
6.633839011192321777e-02
-6.856164336204528809e-02
-6.313537806272506714e-02
-1.176162138581275940e-01
-9.682999551296234131e-02
-4.693241044878959656e-02
-7.112366706132888794e-02
1.061704661697149277e-02
-4.830821976065635681e-02
9.383666515350341797e-02
9.951058775186538696e-02
1.290621757507324219e-01
1.176675707101821899e-01
-3.211943432688713074e-02
-9.537887573242187500e-02
7.562401145696640015e-02
2.169354259967803955e-02
4.108839854598045349e-02
9.247156232595443726e-02
1.453614979982376099e-02
-1.378623545169830322e-01
-9.914611279964447021e-02
2.082518339157104492e-01
-4.094940051436424255e-02
-1.595496386289596558e-01
1.199010573327541351e-02
7.994475215673446655e-02
-2.200413122773170471e-02
4.797453433275222778e-02
1.623482257127761841e-01
1.653774231672286987e-01
4.569987580180168152e-02
-1.233046874403953552e-01
-1.265129894018173218e-01
-4.474717006087303162e-02
-8.095686137676239014e-02
5.604967474937438965e-02
4.384755715727806091e-02
5.597803741693496704e-02
-5.326074361801147461e-02
-1.137319430708885193e-01
9.025710076093673706e-02
-1.137519404292106628e-01
-4.442466422915458679e-02
1.209098920226097107e-01
5.984387546777725220e-02
9.783638268709182739e-02
1.177460178732872009e-01
1.060807239264249802e-02
8.937834203243255615e-02
3.659952059388160706e-02
3.791095688939094543e-02
-8.708730340003967285e-02
-2.443469874560832977e-02
7.792078703641891479e-02
1.443578153848648071e-01
-5.180115625262260437e-02
-1.040427908301353455e-01
-1.149782314896583557e-01
5.153246596455574036e-02
-1.033036038279533386e-02
-7.907799631357192993e-02
-5.623627826571464539e-02
-6.195208523422479630e-03
2.259174138307571411e-01
7.695985585451126099e-02
-1.790159195661544800e-01
-6.976284831762313843e-02
-1.966096013784408569e-01
-1.525376923382282257e-02
-3.401444852352142334e-02
-8.091130107641220093e-02
-2.419345639646053314e-02
1.074603106826543808e-02
-1.550604868680238724e-02
7.987617701292037964e-02
-4.924386367201805115e-02
2.164325714111328125e-01
9.012658149003982544e-02
-2.197973226429894567e-04
7.491866499185562134e-02
-3.306686878204345703e-02
6.387316435575485229e-02
2.637388883158564568e-03
4.622597619891166687e-02
6.607529707252979279e-03
-1.040522679686546326e-01
2.932420372962951660e-02
-5.151647329330444336e-02
-1.777608543634414673e-01
-2.074004411697387695e-01
-5.757833272218704224e-02
-9.616356343030929565e-02
9.661666117608547211e-03
2.092230170965194702e-01
1.836492866277694702e-01
-1.495293080806732178e-01
4.602660890668630600e-03
1.972088366746902466e-01
2.139764130115509033e-01
1.871784776449203491e-02
-6.745651364326477051e-03
3.460377827286720276e-02
6.723888963460922241e-02
5.821217317134141922e-03
1.339102089405059814e-01
-8.610086888074874878e-02
-4.018089175224304199e-02
1.947036385536193848e-02
-5.258987098932266235e-02
2.069202624261379242e-02
-2.406224310398101807e-01
-7.036652415990829468e-02
5.091622471809387207e-02
-2.180579751729965210e-01
5.249354988336563110e-02
6.433846801519393921e-02
5.963464453816413879e-02
1.467578262090682983e-01
-1.635576225817203522e-02
-6.062665209174156189e-02
3.079897463321685791e-01
4.347392544150352478e-02
6.271834019571542740e-03
-7.584955543279647827e-02
-1.651799678802490234e-02
4.055377840995788574e-02
-6.464731693267822266e-02
-1.199399381875991821e-01
-2.824446558952331543e-02
-1.271303892135620117e-01
-1.219161078333854675e-01
-1.133948564529418945e-01
1.707375608384609222e-02
-7.563319802284240723e-02
8.845387399196624756e-02
-1.171734929084777832e-01
8.512281626462936401e-02
-6.919954717159271240e-02
4.602660983800888062e-02
-8.075606077909469604e-02
1.123187970370054245e-02
-7.707174867391586304e-02
-7.051326334476470947e-02
1.342382133007049561e-01
3.479007631540298462e-02
5.485913157463073730e-02
5.991118773818016052e-02
1.378519227728247643e-04
-1.068181768059730530e-01
-1.155426278710365295e-01
4.815916530787944794e-03
2.182048559188842773e-02
-1.494829803705215454e-01
1.181657146662473679e-02
1.055746600031852722e-01
-1.444278806447982788e-01
2.121145650744438171e-02
8.933557197451591492e-03
4.780088365077972412e-02
-1.920148544013500214e-02
-1.167133823037147522e-01
1.700411736965179443e-02
-1.409639567136764526e-01
8.553199470043182373e-03
1.552926599979400635e-01
1.564526855945587158e-01
2.608989737927913666e-02
-4.745950922369956970e-02
-1.594812721014022827e-01
2.454523695632815361e-03
3.498502820730209351e-02
-7.510288059711456299e-02
4.339130967855453491e-02
-9.558369964361190796e-02
3.733980283141136169e-02
-9.979728609323501587e-02
1.183606963604688644e-02
2.709472179412841797e-01
1.109036803245544434e-01
-5.349428858608007431e-03
-2.073348760604858398e-01
-4.462459683418273926e-02
-1.129781827330589294e-01
2.666167356073856354e-02
-1.050275489687919617e-01
6.195433065295219421e-02
8.975127339363098145e-02
3.011428634636104107e-05
1.007884144783020020e-01
-2.609244361519813538e-02
-2.282906882464885712e-02
5.741156265139579773e-02
-2.186892181634902954e-02
2.923515997827053070e-02
1.086819097399711609e-01
-5.404531583189964294e-02
2.069541066884994507e-02
4.322366788983345032e-02
-1.989291422069072723e-02
1.274676918983459473e-01
-2.125695496797561646e-01
1.593461632728576660e-02
-8.697512559592723846e-03
-2.813450805842876434e-02
4.023234546184539795e-02
-5.267528444528579712e-02
4.673010110855102539e-02
-5.495079234242439270e-02
-1.026709899306297302e-01
2.206259779632091522e-02
-1.411735266447067261e-01
4.076569527387619019e-02
-4.279890283942222595e-02
1.486664861440658569e-01
1.127585321664810181e-01
2.630797389429062605e-04
-7.752379029989242554e-02
2.086612395942211151e-02
-2.792865931987762451e-01
-9.644996374845504761e-02
-1.144894510507583618e-01
1.189825087785720825e-01
-8.861107379198074341e-02
3.886280953884124756e-02
-1.653804928064346313e-01
-7.499092817306518555e-02
7.149139791727066040e-02
4.063769802451133728e-02
-4.140282794833183289e-02
-1.542337983846664429e-01
8.705890737473964691e-03
1.271257270127534866e-02
4.973326250910758972e-02
-8.954414166510105133e-03
-7.761301845312118530e-02
1.271169632673263550e-01
5.457689985632896423e-02
2.321377396583557129e-02
7.335630804300308228e-02
1.477099210023880005e-01
1.507387161254882812e-01
-8.420629054307937622e-02
-1.247362047433853149e-02
-1.988688111305236816e-02
-9.494566917419433594e-02
1.010765060782432556e-01
-6.955089420080184937e-02
-8.149831742048263550e-02
5.535447224974632263e-02
-8.719735592603683472e-02
9.290093556046485901e-03
-3.739134594798088074e-02
-2.874035947024822235e-02
3.352797124534845352e-03
-3.399718925356864929e-02
1.447904556989669800e-01
8.960118144750595093e-02
3.745786100625991821e-02
2.970506846904754639e-01
-6.922951340675354004e-02
9.215135872364044189e-02
-1.060744524002075195e-01
-1.216813474893569946e-01
2.741171233355998993e-02
-9.853047132492065430e-02
7.593385875225067139e-02
1.166727170348167419e-01
-3.648410364985466003e-02
9.630484879016876221e-02
3.084842301905155182e-02
-1.079234257340431213e-01
-7.767563313245773315e-02
1.132153496146202087e-01
-4.939251020550727844e-02
5.649201199412345886e-02
-1.814674139022827148e-01
1.667194813489913940e-01
-5.214109644293785095e-02
-6.746011972427368164e-02
-1.016754731535911560e-01
8.887603133916854858e-02
-2.315277606248855591e-02
-1.653599441051483154e-01
-9.003453701734542847e-02
-3.350200876593589783e-02
2.136881835758686066e-02
1.744854599237442017e-01
1.908380538225173950e-02
-4.838970489799976349e-04
-1.139146834611892700e-02
4.963702708482742310e-02
7.056367397308349609e-02
-1.073364727199077606e-02
4.943486303091049194e-02
1.875064149498939514e-02
-3.172759432345628738e-03
-2.791664004325866699e-01
-1.582812517881393433e-01
-1.363086253404617310e-01
1.010104566812515259e-01
1.493060588836669922e-02
2.409145683050155640e-01
1.553116440773010254e-01
9.696749970316886902e-03
-4.218075424432754517e-02
3.510179370641708374e-02
-8.553672581911087036e-02
-9.823655337095260620e-02
-1.469862312078475952e-01
8.780519664287567139e-02
1.040961742401123047e-01
-5.651456117630004883e-02
1.416885405778884888e-01
2.015057019889354706e-02
-1.340955495834350586e-01
-1.524826139211654663e-01
-8.962782472372055054e-02
4.403857514262199402e-02
2.466113772243261337e-03
1.435992270708084106e-01
1.857901923358440399e-02
-1.310790926218032837e-01
-4.647668823599815369e-02
2.280471175909042358e-01
-1.226023212075233459e-01
1.492404192686080933e-01
-9.994126856327056885e-02
2.791132405400276184e-02
1.361872255802154541e-01
-9.570083767175674438e-02
5.591908842325210571e-02
8.427049964666366577e-02
-1.654105843044817448e-03
1.425264179706573486e-01
-8.906677365303039551e-02
-3.818959370255470276e-02
1.197499036788940430e-01
-4.660135135054588318e-02
-3.452401608228683472e-02
2.544453144073486328e-01
-6.964658200740814209e-02
-1.569215506315231323e-01
4.383796360343694687e-03
1.964752329513430595e-03
9.893487393856048584e-02
-2.875888347625732422e-02
-1.523433625698089600e-01
-1.101475879549980164e-01
4.638154432177543640e-02
-5.762887001037597656e-02
-6.601168960332870483e-02
-4.695181548595428467e-02
9.250345639884471893e-03
-1.884224824607372284e-02
2.044233530759811401e-01
-1.700906902551651001e-01
5.452561005949974060e-02
9.924732148647308350e-02
-9.974920004606246948e-02
-5.177548155188560486e-02
1.156696602702140808e-01
2.100398093461990356e-01
1.359409391880035400e-01
9.970682859420776367e-02
7.404515892267227173e-02
-1.860728412866592407e-01
1.002137884497642517e-01
1.247099637985229492e-01
-7.108826935291290283e-02
1.284128427505493164e-01
-1.093027591705322266e-01
6.004378944635391235e-02
-5.938409641385078430e-02
1.136405616998672485e-01
-1.484900265932083130e-01
-9.257733076810836792e-02
1.218617334961891174e-01
-4.085859283804893494e-02
3.534834459424018860e-02
-5.486692767590284348e-03
1.314777433872222900e-01
1.537078060209751129e-02
1.208740472793579102e-01
-5.989345908164978027e-02
-2.267199382185935974e-02
-2.107223272323608398e-01
3.903552889823913574e-02
5.756310746073722839e-02
-1.335212588310241699e-02
2.687754807993769646e-03
2.758705019950866699e-01
-1.268055140972137451e-01
-3.788033500313758850e-02
-1.864310950040817261e-01
2.463893778622150421e-02
-1.183179020881652832e-01
-5.372903868556022644e-02
1.025425791740417480e-01
6.298115011304616928e-03
3.681832179427146912e-02
-1.068925634026527405e-01
7.103943824768066406e-02
-5.902749300003051758e-02
-2.534468173980712891e-01
-1.200333610177040100e-01
-5.994990933686494827e-03
8.965176530182361603e-03
-3.951853886246681213e-02
-7.299531251192092896e-02
-1.062554493546485901e-01
-1.925991661846637726e-02
-5.951342731714248657e-02
