-6.453296542167663574e-02
4.226839169859886169e-02
-3.297647461295127869e-02
-1.836837530136108398e-01
4.299702495336532593e-02
-4.500500857830047607e-02
-1.269278377294540405e-01
-6.542374193668365479e-02
-2.307278215885162354e-01
7.337336987257003784e-02
3.685503825545310974e-02
8.959026634693145752e-02
-1.345200985670089722e-01
-1.432424634695053101e-01
2.546166768297553062e-03
6.461280584335327148e-02
1.002779975533485413e-01
-1.047402843832969666e-01
-1.036400422453880310e-01
-1.309667825698852539e-01
3.852478414773941040e-02
5.347157642245292664e-02
2.027081102132797241e-01
8.154352754354476929e-02
-1.428027302026748657e-01
9.928604960441589355e-02
1.812701486051082611e-02
5.381245166063308716e-02
2.529341354966163635e-02
1.344172805547714233e-01
1.442639082670211792e-01
8.378534018993377686e-02
1.770419813692569733e-02
1.032122895121574402e-01
-3.849643841385841370e-02
-2.637079358100891113e-02
-1.139130517840385437e-01
-8.500377088785171509e-02
9.184611588716506958e-02
1.180916465818881989e-02
8.752292394638061523e-02
-3.662901744246482849e-02
1.203604713082313538e-01
6.130201742053031921e-02
-1.104456335306167603e-01
-6.656417157500982285e-03
-6.588093936443328857e-02
-4.523421172052621841e-03
-1.456453502178192139e-01
-1.831731498241424561e-01
8.686391264200210571e-02
1.023233681917190552e-01
6.705015152692794800e-02
-3.384120389819145203e-02
-2.335864119231700897e-03
-7.496555801481008530e-03
9.340497851371765137e-02
-3.778759946726495400e-06
-1.622741669416427612e-01
-8.920165151357650757e-02
1.335085928440093994e-02
2.200204692780971527e-02
-7.603534311056137085e-02
8.871512115001678467e-02
-3.772515628952533007e-04
-1.081075221300125122e-01
-4.443302005529403687e-02
1.473397482186555862e-03
2.731408737599849701e-02
1.191409602761268616e-01
9.957076981663703918e-03
1.183270588517189026e-01
3.177678585052490234e-02
-4.245113953948020935e-02
-7.665651291608810425e-02
4.310877621173858643e-02
8.440775424242019653e-02
1.062569841742515564e-01
4.817739874124526978e-02
7.863862067461013794e-02
2.125845663249492645e-02
1.860683970153331757e-02
1.727590337395668030e-02
1.010182499885559082e-01
5.588908120989799500e-02
-1.130319107323884964e-02
-6.925617903470993042e-02
2.844665944576263428e-02
4.672757908701896667e-02
9.308300167322158813e-02
6.084224674850702286e-03
1.672240495681762695e-01
2.085783928632736206e-01
-3.646896779537200928e-02
-7.988044619560241699e-02
-8.852042257785797119e-02
-1.756816357374191284e-02
2.796045504510402679e-02
-2.728694234974682331e-04
-9.096014499664306641e-02
-2.206695638597011566e-02
6.862186640501022339e-02
-8.694992214441299438e-02
-8.560536429286003113e-03
5.673996359109878540e-02
5.605763942003250122e-02
-8.435428142547607422e-02
-4.808191582560539246e-02
-8.685562759637832642e-03
1.128818392753601074e-01
-3.624799475073814392e-02
1.847999542951583862e-01
-1.504074502736330032e-02
-3.554522118065506220e-04
-8.880291879177093506e-02
6.878381222486495972e-02
2.603764273226261139e-02
1.031134128570556641e-01
-1.280504018068313599e-01
-6.989773362874984741e-02
-8.070578426122665405e-02
-2.685059420764446259e-02
-1.928635090589523315e-01
5.304016545414924622e-02
3.088138811290264130e-02
1.924537681043148041e-02
7.829072326421737671e-02
1.022520125843584538e-03
-6.593811511993408203e-02
2.103563956916332245e-02
-3.725167736411094666e-02
4.774245619773864746e-02
1.837156265974044800e-01
6.841231137514114380e-02
-3.733108192682266235e-02
-5.013464763760566711e-02
-4.673089832067489624e-02
-1.869285665452480316e-02
-5.794727802276611328e-02
3.754064440727233887e-02
-4.679609835147857666e-02
-2.351792901754379272e-02
5.711878463625907898e-02
2.712565660476684570e-01
-2.564497292041778564e-01
8.963714540004730225e-02
1.349807232618331909e-01
5.199917778372764587e-02
4.188329726457595825e-02
-5.261181649984791875e-05
-3.337853401899337769e-02
-8.457420021295547485e-02
6.562032550573348999e-02
7.954149693250656128e-02
-9.688922204077243805e-03
7.927015423774719238e-02
-2.191600352525711060e-01
-9.397302567958831787e-02
4.766618367284536362e-03
-1.234128400683403015e-01
-1.429212540388107300e-01
-2.396256476640701294e-01
5.427894741296768188e-02
-1.125007867813110352e-01
-1.103014275431632996e-01
8.739318698644638062e-02
1.107875481247901917e-01
1.003961190581321716e-01
-1.946815699338912964e-01
6.128534674644470215e-02
-1.468276977539062500e-01
1.513635516166687012e-01
-6.206540390849113464e-02
3.867115452885627747e-02
-1.083637475967407227e-01
1.215964462608098984e-02
-2.179342089220881462e-03
6.991627067327499390e-02
5.275997146964073181e-02
1.605575531721115112e-02
1.346837431192398071e-01
5.796865746378898621e-02
-1.252490729093551636e-01
1.385831087827682495e-01
-2.043849974870681763e-01
-1.038135513663291931e-01
1.164028793573379517e-01
5.626709386706352234e-02
1.115097030997276306e-01
1.349316816776990891e-02
-1.182540282607078552e-01
4.402128979563713074e-02
1.298912763595581055e-01
-1.832187175750732422e-01
-1.293914616107940674e-01
4.136873409152030945e-02
1.941144838929176331e-02
-7.830320857465267181e-03
5.459221825003623962e-02
1.552280690521001816e-02
2.625152282416820526e-02
-1.103810444474220276e-01
-6.917332857847213745e-02
-1.167780905961990356e-01
-2.430849894881248474e-02
-3.235600888729095459e-02
-8.953059464693069458e-02
1.246709004044532776e-01
4.789908975362777710e-02
-2.134337425231933594e-01
-5.840976908802986145e-02
-7.435755431652069092e-02
8.048994094133377075e-02
1.365684419870376587e-01
1.349352952092885971e-02
-1.797156222164630890e-02
1.559697985649108887e-01
-1.465823650360107422e-01
2.768347971141338348e-02
5.228633433580398560e-02
9.644695371389389038e-02
-1.104121375828981400e-02
-1.795537471771240234e-01
1.667054183781147003e-02
-1.612441986799240112e-02
-9.838638827204704285e-03
5.371768027544021606e-02
1.235079690814018250e-01
1.263599246740341187e-01
-2.213694714009761810e-02
-1.487892419099807739e-01
1.873427778482437134e-01
-1.064722687005996704e-01
1.133820638060569763e-01
2.055633068084716797e-01
-5.178687721490859985e-02
5.247065052390098572e-02
9.424491226673126221e-02
1.617965996265411377e-01
-2.009940147399902344e-01
-1.106511279940605164e-01
7.830284535884857178e-02
1.995935477316379547e-02
-4.537835251539945602e-03
-1.342792361974716187e-01
-7.265460491180419922e-02
-1.308068819344043732e-02
-9.264078922569751740e-03
-3.074520267546176910e-02
-7.696558535099029541e-02
-1.318827737122774124e-02
-1.893630325794219971e-01
5.037879943847656250e-02
-1.740216277539730072e-02
1.181694865226745605e-01
-1.393562834709882736e-02
-8.024977892637252808e-02
1.767327040433883667e-01
8.041343651711940765e-03
-1.192905195057392120e-02
-2.121881097555160522e-01
1.078064069151878357e-01
4.323137700557708740e-01
5.218377709388732910e-02
1.655671447515487671e-01
-1.620665788650512695e-01
-1.566288322210311890e-01
-8.292193710803985596e-02
1.332443803548812866e-01
3.853328153491020203e-02
-2.264958918094635010e-01
2.139699272811412811e-02
-2.177514694631099701e-02
1.881318241357803345e-01
-1.873178593814373016e-02
-1.441934704780578613e-01
-9.340490400791168213e-02
4.380292445421218872e-02
2.857018820941448212e-02
1.480781883001327515e-01
-4.862990230321884155e-02
-4.916829988360404968e-02
-1.766474545001983643e-02
8.167954534292221069e-02
5.217977240681648254e-02
1.071533933281898499e-01
1.476970165967941284e-01
-1.024753674864768982e-01
1.773681938648223877e-01
-7.514557242393493652e-02
2.409379780292510986e-01
1.151178404688835144e-01
3.587319701910018921e-02
-3.791261836886405945e-02
9.351729531772434711e-04
-4.571146331727504730e-03
-9.355490095913410187e-03
1.879195421934127808e-01
-1.802935302257537842e-01
1.344142109155654907e-01
-2.345820665359497070e-01
-3.659721836447715759e-02
4.832452163100242615e-02
7.181894779205322266e-02
-8.394084125757217407e-02
-1.077171787619590759e-01
6.176050379872322083e-02
3.382306545972824097e-03
9.597731987014412880e-04
-6.063152477145195007e-02
-8.643466234207153320e-02
5.280955508351325989e-02
-9.254696220159530640e-02
4.829886183142662048e-02
-5.773980543017387390e-02
1.391373872756958008e-01
2.105511352419853210e-02
-1.064288839697837830e-01
-2.641758620738983154e-01
-8.635281771421432495e-02
6.824525445699691772e-02
-7.329227868467569351e-03
-6.135998293757438660e-02
1.213249564170837402e-01
-1.635258644819259644e-01
8.263220638036727905e-02
4.367771372199058533e-02
-7.320495694875717163e-02
-3.676035627722740173e-02
1.647974699735641479e-01
9.699074923992156982e-02
-1.571705639362335205e-01
-2.493963576853275299e-02
-7.088076672516763210e-04
1.469558328390121460e-01
3.014749847352504730e-02
-3.366187587380409241e-02
1.201616302132606506e-01
-1.516743302345275879e-01
1.568973436951637268e-02
7.429235428571701050e-02
-7.039142306894063950e-03
-9.484317153692245483e-02
3.313555940985679626e-02
1.724331639707088470e-02
6.298588216304779053e-02
-7.226306200027465820e-02
-3.181981667876243591e-02
-4.913606867194175720e-02
-5.141309648752212524e-02
1.456841528415679932e-01
2.666093409061431885e-03
-5.799647048115730286e-02
3.211356326937675476e-02
-1.568228602409362793e-01
-1.661449521780014038e-01
-3.555156663060188293e-02
2.321775630116462708e-02
1.334427297115325928e-02
-1.472029089927673340e-01
-1.352806687355041504e-01
-1.994338482618331909e-01
-2.746600843966007233e-02
-7.869973778724670410e-02
1.758767664432525635e-01
6.094435602426528931e-02
-4.982776194810867310e-02
8.596418052911758423e-02
-1.632235646247863770e-01
9.269090741872787476e-02
6.766604632139205933e-02
-1.406296789646148682e-01
-5.933317542076110840e-02
-1.869353801012039185e-01
-9.725298150442540646e-04
-9.727913141250610352e-02
1.516023576259613037e-01
-3.882763907313346863e-02
-8.426550775766372681e-02
-7.405032962560653687e-02
1.259891092777252197e-01
-8.134390413761138916e-02
6.964892894029617310e-02
8.152794092893600464e-02
8.667563647031784058e-02
1.290955990552902222e-01
-1.428838223218917847e-01
2.898119390010833740e-02
-7.364808768033981323e-02
1.869984269142150879e-01
-4.412363469600677490e-02
3.417290747165679932e-02
-4.255306720733642578e-02
1.382301896810531616e-01
-2.962443791329860687e-02
-6.845825910568237305e-02
1.014885231852531433e-01
-4.077348858118057251e-02
-1.514711230993270874e-01
-6.139696389436721802e-02
-5.040917545557022095e-02
-1.067911982536315918e-01
6.986727565526962280e-02
8.602958172559738159e-02
3.311315178871154785e-02
3.538898378610610962e-02
1.558266431093215942e-01
-1.201024800539016724e-01
-5.468700453639030457e-02
8.364157378673553467e-02
-1.606739126145839691e-02
-2.975222282111644745e-02
-4.128495976328849792e-02
-8.678799122571945190e-02
8.090346120297908783e-03
4.111712798476219177e-02
1.053745895624160767e-01
8.032869547605514526e-02
2.149671316146850586e-01
1.680528670549392700e-01
5.753442645072937012e-02
-4.890820011496543884e-02
9.533894807100296021e-02
-2.045862674713134766e-01
8.590629696846008301e-02
4.635718464851379395e-02
-5.785024911165237427e-02
8.061368949711322784e-03
9.285485744476318359e-02
3.030103445053100586e-02
1.335624009370803833e-01
3.682451322674751282e-02
-1.334874480962753296e-01
-9.556227922439575195e-02
-1.768878549337387085e-01
3.557801246643066406e-02
-9.039413183927536011e-02
-2.315258979797363281e-02
-1.005918905138969421e-01
5.356063321232795715e-02
-1.497290004044771194e-02
2.913368307054042816e-02
6.400991976261138916e-02
-2.700584828853607178e-01
-1.060831826180219650e-02
5.681235715746879578e-02
-1.288988739252090454e-01
1.000097766518592834e-01
6.583069264888763428e-02
6.152241304516792297e-02
