1.392207015305757523e-02
6.013396009802818298e-02
-7.919755578041076660e-02
8.774133026599884033e-02
-2.969116270542144775e-01
5.240286514163017273e-02
-2.694406919181346893e-02
-7.640565186738967896e-02
1.071303244680166245e-02
7.595574855804443359e-02
-1.053217798471450806e-01
-3.763857111334800720e-02
9.704479575157165527e-02
1.637383103370666504e-01
9.553939849138259888e-02
-9.682910889387130737e-02
-2.863435819745063782e-02
-1.298029869794845581e-01
-9.645827114582061768e-02
1.118505224585533142e-01
3.090578876435756683e-02
-1.240301951766014099e-01
1.127810999751091003e-01
-9.825699031352996826e-02
8.714593946933746338e-03
-1.289568692445755005e-01
-7.912389934062957764e-02
2.891047857701778412e-02
-9.783690422773361206e-02
3.196703642606735229e-02
-4.754393920302391052e-02
1.970119029283523560e-01
-1.952899694442749023e-01
-3.848835593089461327e-03
2.042410336434841156e-02
1.185131445527076721e-01
1.227108985185623169e-01
4.025072976946830750e-02
1.312841475009918213e-02
1.286743134260177612e-01
1.099705975502729416e-02
-1.658605784177780151e-01
3.881281241774559021e-02
-2.272479981184005737e-01
1.302121281623840332e-01
1.104758754372596741e-01
-1.029783114790916443e-01
6.722991168498992920e-02
6.358083337545394897e-03
-3.330832719802856445e-02
5.496345832943916321e-02
-1.817501150071620941e-02
1.772780567407608032e-01
-7.485017925500869751e-02
-2.617575228214263916e-02
5.070910602807998657e-02
4.363537952303886414e-02
1.059006452560424805e-01
-2.069095708429813385e-02
1.143454108387231827e-02
-7.712406665086746216e-02
5.285555869340896606e-02
-3.261287137866020203e-02
-1.282866299152374268e-01
8.666665852069854736e-02
-1.371448487043380737e-01
-3.987396135926246643e-02
-1.223437711596488953e-01
1.834466308355331421e-01
4.577506333589553833e-02
-1.042355224490165710e-01
3.677949681878089905e-02
-8.342522382736206055e-02
-1.263486500829458237e-02
1.257192641496658325e-01
4.003085568547248840e-02
1.067464724183082581e-01
-9.115011245012283325e-02
-8.803617209196090698e-02
-7.070796936750411987e-02
4.096525534987449646e-02
-2.384345047175884247e-02
8.062323555350303650e-03
6.807335652410984039e-03
4.184278100728988647e-02
-8.503805845975875854e-02
-7.634312659502029419e-02
-1.068049017339944839e-02
-6.863800436258316040e-02
-5.208266433328390121e-03
4.402105137705802917e-02
1.303253620862960815e-01
-4.302775114774703979e-02
-3.278055787086486816e-02
4.792063683271408081e-02
-6.861273944377899170e-02
7.350825518369674683e-02
-1.209410578012466431e-01
-5.425282940268516541e-02
-6.491907685995101929e-02
-6.227925047278404236e-02
1.472929418087005615e-01
-5.979467183351516724e-02
3.242604061961174011e-02
9.084566682577133179e-02
-3.306228294968605042e-02
-7.064472883939743042e-02
1.165231466293334961e-01
2.285780459642410278e-01
5.743581801652908325e-02
-3.017172217369079590e-02
2.304164692759513855e-02
-6.024387478828430176e-02
-6.393309682607650757e-02
-6.537015736103057861e-02
9.505333378911018372e-03
-1.417441666126251221e-01
-8.000771701335906982e-02
-2.265386283397674561e-02
-1.096688136458396912e-01
