1.232306361198425293e-01
5.586225911974906921e-02
1.464112401008605957e-01
2.390462532639503479e-02
-1.090236306190490723e-01
4.829646646976470947e-02
-1.314322054386138916e-01
-1.511534303426742554e-01
1.265850514173507690e-01
-1.001206263899803162e-01
4.820152744650840759e-02
9.695117175579071045e-02
-1.546223312616348267e-01
-5.601645633578300476e-02
2.077706605195999146e-01
-9.277775138616561890e-02
2.024106085300445557e-01
-1.268771197646856308e-02
3.741415962576866150e-02
-5.394613370299339294e-03
-1.405628174543380737e-01
-1.552595943212509155e-01
9.280337020754814148e-03
5.780526623129844666e-02
-1.755352877080440521e-02
-1.434317380189895630e-01
-5.924568697810173035e-02
4.456941783428192139e-02
1.227497979998588562e-01
3.744044899940490723e-02
-1.109755225479602814e-02
-2.103699445724487305e-01
1.218484267592430115e-01
3.699360787868499756e-02
1.096615716814994812e-01
-1.200612708926200867e-01
5.224512144923210144e-02
9.078315645456314087e-02
4.413535445928573608e-02
-2.443119138479232788e-02
9.342193603515625000e-03
-4.187227040529251099e-02
7.053259760141372681e-02
-8.762904256582260132e-02
1.663020700216293335e-01
-9.878392517566680908e-02
-8.204730227589607239e-03
2.700918912887573242e-02
2.766743861138820648e-02
1.168325543403625488e-01
-4.546270146965980530e-02
3.283743187785148621e-02
1.965217664837837219e-02
9.778984636068344116e-02
2.181045562028884888e-01
-6.100342795252799988e-02
-6.068163737654685974e-02
-1.943366229534149170e-01
-2.987844171002507210e-03
5.769627913832664490e-02
-3.234658017754554749e-02
1.441005170345306396e-01
2.370577901601791382e-01
-3.572604805231094360e-02
9.583860635757446289e-02
1.245146542787551880e-01
-1.170856729149818420e-01
-7.517152279615402222e-02
2.501434981822967529e-01
-2.602707780897617340e-02
-2.404209040105342865e-02
3.446897119283676147e-02
-1.102686151862144470e-01
-6.529236584901809692e-02
-3.070358932018280029e-02
5.420654639601707458e-02
4.898783192038536072e-02
-1.336093693971633911e-01
9.640445560216903687e-02
-1.410506814718246460e-01
6.998548656702041626e-02
5.347064137458801270e-02
7.508786022663116455e-02
-1.459188759326934814e-02
-7.794740051031112671e-02
-6.921931356191635132e-02
3.055223822593688965e-02
-7.535202056169509888e-02
-9.735249727964401245e-02
-1.274720430374145508e-01
-7.741658389568328857e-02
-3.443610668182373047e-02
3.310801228508353233e-03
-3.496173769235610962e-02
-1.990516670048236847e-02
-1.749161332845687866e-01
-3.880232200026512146e-02
-5.275728181004524231e-02
-7.784868776798248291e-02
-5.071427300572395325e-02
-8.508325368165969849e-02
3.452993184328079224e-02
-1.833647191524505615e-01
3.917102888226509094e-02
-2.820796705782413483e-02
1.657494157552719116e-01
1.869649067521095276e-02
-8.772938698530197144e-02
2.719804085791110992e-02
-9.811755269765853882e-02
6.929256021976470947e-02
1.858870238065719604e-01
4.383654892444610596e-02
2.160296402871608734e-02
-9.524665027856826782e-02
-2.448012493550777435e-02
3.901824355125427246e-02
1.852984353899955750e-02
-2.325243316590785980e-02
2.086259871721267700e-01
