1.393731534481048584e-01
-4.183031991124153137e-02
-3.047824837267398834e-02
2.542254142463207245e-02
1.146337296813726425e-02
-5.640804767608642578e-03
6.242772936820983887e-02
5.756008625030517578e-02
4.876424744725227356e-02
1.684802025556564331e-01
-5.790415406227111816e-02
-2.366460859775543213e-03
-1.400452703237533569e-01
4.280930757522583008e-02
-1.546597927808761597e-01
-3.001873195171356201e-01
-1.726332455873489380e-01
9.226527810096740723e-02
3.910994157195091248e-02
-7.975497096776962280e-02
-1.147008761763572693e-01
3.607237339019775391e-02
-2.281363867223262787e-02
-2.694462612271308899e-02
-8.374722301959991455e-02
3.984908387064933777e-02
1.959657110273838043e-02
-6.531385588459670544e-04
-2.115550339221954346e-01
1.282646507024765015e-01
-6.878727115690708160e-03
1.339609473943710327e-01
9.410435706377029419e-02
-7.329617440700531006e-02
-9.028336964547634125e-03
-1.430021375417709351e-01
8.288661949336528778e-03
6.803855299949645996e-02
7.295963168144226074e-02
-3.452291712164878845e-02
-3.090315125882625580e-02
-4.610077664256095886e-02
9.203978627920150757e-02
-2.105556614696979523e-02
1.526642590761184692e-02
-2.445563860237598419e-02
7.738143205642700195e-02
5.096152424812316895e-02
2.265925407409667969e-01
-8.493755012750625610e-03
-3.971537575125694275e-02
-6.926058977842330933e-02
-6.770458072423934937e-02
1.898868530988693237e-01
1.995882391929626465e-02
-1.253151744604110718e-01
7.438697665929794312e-02
8.308334648609161377e-02
-6.812400370836257935e-02
-2.760850265622138977e-02
5.054404214024543762e-02
1.581210047006607056e-01
-2.634201943874359131e-02
-1.424377411603927612e-01
1.028325110673904419e-01
-1.277612894773483276e-01
-1.308371871709823608e-01
2.400634996592998505e-02
-4.586769267916679382e-02
-6.951447576284408569e-02
-5.014151334762573242e-02
8.129639923572540283e-02
2.140419930219650269e-01
-7.036352902650833130e-02
-5.759076401591300964e-02
7.536252494901418686e-03
-1.126091852784156799e-01
1.775347888469696045e-01
-8.507031202316284180e-02
-9.115301817655563354e-02
8.681332319974899292e-02
-1.947156488895416260e-01
-7.024602591991424561e-02
-2.177028208971023560e-01
6.250286847352981567e-02
1.032999381422996521e-01
1.106714382767677307e-01
-9.861487895250320435e-03
1.248526349663734436e-01
-9.906360507011413574e-02
4.797108843922615051e-02
8.782075718045234680e-03
-1.620197892189025879e-01
1.097596809267997742e-02
-2.010504715144634247e-02
2.372886240482330322e-01
-3.736471757292747498e-02
1.289275139570236206e-01
-2.130311168730258942e-02
-4.668584093451499939e-02
1.052005290985107422e-01
2.627157606184482574e-02
9.549630433320999146e-02
-1.507063134340569377e-04
4.739549756050109863e-02
-4.622605815529823303e-02
4.456293210387229919e-02
2.181632965803146362e-01
3.968477621674537659e-02
9.259634464979171753e-02
6.304717063903808594e-02
-6.139596924185752869e-02
-2.073579467833042145e-02
-1.124772056937217712e-01
7.959446310997009277e-02
1.254859715700149536e-01
-1.130062565207481384e-01
5.896583944559097290e-02
-1.235898863524198532e-02
-1.033884808421134949e-01
