-1.373936980962753296e-01
-5.845376290380954742e-03
7.763262838125228882e-02
-1.920976303517818451e-02
7.555305957794189453e-02
1.447035074234008789e-01
1.873120106756687164e-02
-2.077720873057842255e-02
-3.812459111213684082e-02
8.432689122855663300e-03
3.235861361026763916e-01
-1.330879982560873032e-02
3.159934654831886292e-02
5.501056835055351257e-02
1.204676032066345215e-01
4.052772000432014465e-02
1.772693358361721039e-02
-4.955877736210823059e-02
8.987569808959960938e-02
1.094045266509056091e-01
-1.321881115436553955e-01
-1.134249716997146606e-01
-2.426371574401855469e-01
1.194079499691724777e-02
2.265776693820953369e-01
-1.838088408112525940e-02
-2.740311622619628906e-02
-1.476223915815353394e-01
-2.381950430572032928e-02
-1.814408809877932072e-03
-1.036671623587608337e-01
-1.096662804484367371e-01
-1.135782375931739807e-01
-1.012098565697669983e-01
1.234389934688806534e-02
-1.110209152102470398e-01
3.706995770335197449e-02
-1.266139596700668335e-01
8.782157674431800842e-03
3.493342176079750061e-02
-5.588715896010398865e-02
-9.239115566015243530e-02
3.046744130551815033e-02
-1.017748713493347168e-01
-2.034086287021636963e-01
5.138729140162467957e-02
-4.812991246581077576e-02
5.492101237177848816e-02
-1.303564906120300293e-01
4.477781057357788086e-02
-1.542542874813079834e-01
8.668860048055648804e-02
4.669516533613204956e-02
6.842382252216339111e-03
-9.806956350803375244e-02
-9.661772102117538452e-02
7.640115800313651562e-04
-3.751647891476750374e-03
-4.599462449550628662e-02
2.972357906401157379e-02
-6.743341684341430664e-02
8.294162154197692871e-02
1.844535470008850098e-01
-1.114752888679504395e-01
-8.688671141862869263e-02
-3.046964481472969055e-02
-7.114242762327194214e-02
3.070686571300029755e-02
3.917463496327400208e-02
-5.103583261370658875e-02
-1.488175243139266968e-01
6.851019710302352905e-02
-7.373048365116119385e-02
-1.003030911087989807e-01
7.414678484201431274e-02
-6.393699347972869873e-02
-2.851301133632659912e-01
-4.127329215407371521e-02
-8.603757619857788086e-02
6.664764136075973511e-02
-2.742161229252815247e-02
7.174003869295120239e-02
1.716281026601791382e-01
-2.519157901406288147e-02
1.145106703042984009e-01
-9.272310137748718262e-02
1.271810680627822876e-01
-7.943353801965713501e-02
-4.143625497817993164e-03
-9.836945682764053345e-03
-2.828430011868476868e-02
4.093515500426292419e-02
-5.473880562931299210e-03
-2.072157710790634155e-01
6.692344695329666138e-02
8.169707655906677246e-02
-1.271315515041351318e-01
1.094109565019607544e-01
-1.495050936937332153e-01
9.973713010549545288e-02
1.088641434907913208e-01
-1.401015371084213257e-01
-9.369181841611862183e-02
-6.538535654544830322e-02
-2.855372987687587738e-02
2.809252217411994934e-02
-7.464006077498197556e-03
5.079398304224014282e-02
5.305464938282966614e-02
-1.785962469875812531e-02
-5.874530225992202759e-02
1.751548349857330322e-01
7.850018143653869629e-02
-6.623877678066492081e-03
-6.743151694536209106e-02
-1.061397194862365723e-01
8.828227221965789795e-02
-9.264140576124191284e-02
-4.833636432886123657e-02
-2.468336932361125946e-02
