-8.086124062538146973e-02
-1.196541190147399902e-01
5.217489600181579590e-02
-2.069026678800582886e-01
6.899204850196838379e-02
-2.361336201429367065e-01
-3.909435495734214783e-02
6.445587426424026489e-02
1.995185166597366333e-01
3.248083218932151794e-02
2.075726240873336792e-01
-4.725033044815063477e-02
4.661354050040245056e-02
-8.809208124876022339e-02
-1.916783899068832397e-01
1.824005991220474243e-01
-1.088406797498464584e-02
-1.115017533302307129e-01
-1.076211929321289062e-01
-1.112758275121450424e-02
1.381985992193222046e-01
7.067828625440597534e-02
-1.916484683752059937e-01
-7.683750241994857788e-03
1.267196685075759888e-01
5.598900839686393738e-02
-6.191438436508178711e-02
4.516707733273506165e-02
1.561275720596313477e-01
5.530479550361633301e-02
2.554838657379150391e-01
-2.424577325582504272e-01
-7.615528255701065063e-02
-1.404600590467453003e-01
-6.060225516557693481e-02
3.257869556546211243e-02
1.258012503385543823e-01
1.399621833115816116e-02
1.944791153073310852e-02
-1.057000532746315002e-01
-3.124301694333553314e-02
6.894398014992475510e-03
3.214573487639427185e-02
2.887825667858123779e-02
-9.642919898033142090e-02
2.507098019123077393e-02
-1.548642665147781372e-01
-8.297681063413619995e-02
-2.579988539218902588e-01
5.811669304966926575e-02
-3.661848306655883789e-01
-1.143592372536659241e-01
3.937231004238128662e-02
-6.530608981847763062e-02
6.284157186746597290e-02
-3.167108818888664246e-02
9.298646450042724609e-02
-3.665953502058982849e-02
6.977833807468414307e-02
1.850317791104316711e-02
-1.215822156518697739e-02
-5.634075030684471130e-02
-9.917338937520980835e-02
5.245491489768028259e-02
-2.824102714657783508e-02
-9.133371710777282715e-02
-1.250918060541152954e-01
-1.302078813314437866e-01
2.242748439311981201e-02
6.653153151273727417e-02
-7.860041223466396332e-03
-8.217419683933258057e-02
4.166375473141670227e-02
-7.566303759813308716e-02
-7.834525406360626221e-02
-1.708683371543884277e-02
1.175012625753879547e-02
7.972880452871322632e-02
5.736633017659187317e-02
-9.002103656530380249e-02
-2.176127582788467407e-02
9.078471362590789795e-02
5.273531749844551086e-02
-1.402408163994550705e-02
1.034519821405410767e-01
1.604501456022262573e-01
-2.337053231894969940e-02
-9.360937774181365967e-02
3.306683525443077087e-02
7.757917046546936035e-02
-5.983340740203857422e-02
-2.960957586765289307e-02
6.779572367668151855e-02
-9.489416331052780151e-02
-1.920961588621139526e-01
-8.291239850223064423e-03
-1.513518095016479492e-01
6.752320379018783569e-02
-9.632136672735214233e-03
-3.713162383064627647e-03
5.105508118867874146e-02
6.350979954004287720e-02
-1.497797667980194092e-02
-9.022592008113861084e-02
4.652334377169609070e-02
4.677947610616683960e-02
-9.457366913557052612e-02
1.123819276690483093e-01
1.771190017461776733e-01
1.125485673546791077e-01
-1.041150018572807312e-01
-9.704032540321350098e-02
-2.763225138187408447e-02
7.472851127386093140e-02
8.812928199768066406e-02
6.893229484558105469e-02
1.747887581586837769e-01
1.603912413120269775e-01
-1.582848280668258667e-01
-1.167764812707901001e-01
