-8.568210154771804810e-02
-2.221477776765823364e-01
-2.445762418210506439e-02
-6.142119690775871277e-02
1.040016412734985352e-01
-1.526111662387847900e-01
1.168965846300125122e-01
-7.420525699853897095e-02
8.259448222815990448e-03
-5.240775272250175476e-02
6.082789227366447449e-02
6.817466020584106445e-02
1.003691107034683228e-01
-3.649061173200607300e-02
-8.007188141345977783e-02
-1.404662877321243286e-01
1.382331401109695435e-01
-7.041107863187789917e-02
-5.634492635726928711e-02
-1.388607360422611237e-02
3.106382302939891815e-02
7.215011864900588989e-02
-1.145284324884414673e-01
-7.886605709791183472e-02
-7.345151156187057495e-02
3.792214393615722656e-02
-5.122685059905052185e-02
1.040007993578910828e-01
9.351372718811035156e-02
1.218901276588439941e-01
7.096727378666400909e-03
8.805615454912185669e-02
-1.760763972997665405e-01
-2.257100120186805725e-02
-2.499777264893054962e-02
1.816496066749095917e-02
-4.871180281043052673e-02
-6.861484795808792114e-02
-4.461041465401649475e-02
7.074257731437683105e-02
3.278158977627754211e-02
1.327454000711441040e-01
-1.953733563423156738e-01
2.234847657382488251e-02
2.922416292130947113e-02
-1.358376145362854004e-01
-7.721822708845138550e-02
9.089031815528869629e-02
-5.508296564221382141e-02
3.900359943509101868e-02
-1.484133303165435791e-01
-3.383663594722747803e-01
-6.022794917225837708e-02
8.822280913591384888e-02
2.729839980602264404e-01
-1.093047037720680237e-01
1.111068874597549438e-01
-5.626205727458000183e-02
6.609144061803817749e-02
2.841644585132598877e-01
-1.776174753904342651e-01
-2.446637488901615143e-02
2.287621842697262764e-03
-1.328268926590681076e-02
-1.776785552501678467e-01
1.194069907069206238e-01
-2.790413796901702881e-02
7.210865616798400879e-03
1.575724780559539795e-01
-4.153295978903770447e-02
-5.951147060841321945e-03
4.480909556150436401e-02
1.695465743541717529e-01
-1.436467170715332031e-01
-4.386203736066818237e-02
-9.185896068811416626e-02
9.486241615377366543e-04
-1.838356629014015198e-02
-5.919431801885366440e-03
1.667647808790206909e-01
-2.519521489739418030e-02
-2.454814873635768890e-02
5.595920234918594360e-02
-7.728590071201324463e-02
-1.593624800443649292e-01
2.236684560775756836e-01
1.881672590970993042e-01
-6.129394844174385071e-02
4.004901275038719177e-02
1.651530265808105469e-01
-6.453513354063034058e-02
-7.811243832111358643e-02
8.118581771850585938e-02
-1.061930414289236069e-02
3.390553593635559082e-02
5.555816367268562317e-02
-1.526927202939987183e-01
7.934243232011795044e-02
-1.342769898474216461e-02
-3.913766145706176758e-02
-6.306620687246322632e-02
-9.786061942577362061e-03
4.427433758974075317e-02
2.178083872422575951e-03
9.893481619656085968e-04
-9.535165131092071533e-02
3.540698438882827759e-02
4.957086592912673950e-02
2.536963857710361481e-02
2.715434646233916283e-03
-6.104992702603340149e-02
-5.049579963088035583e-02
-1.188921649008989334e-02
1.011644378304481506e-01
3.150232508778572083e-02
-6.996782124042510986e-02
-1.210974622517824173e-02
-8.336998522281646729e-02
-1.334818750619888306e-01
-2.449824474751949310e-02
-3.114238381385803223e-02
-2.408251725137233734e-02
-6.140762567520141602e-02
7.090993970632553101e-02
-1.239289268851280212e-01
-2.883297158405184746e-03
-3.707677125930786133e-02
-2.397313527762889862e-02
6.983178108930587769e-02
1.133254319429397583e-01
3.446777909994125366e-02
3.295680880546569824e-02
-3.361392766237258911e-02
-1.369422376155853271e-01
-5.759506300091743469e-02
2.007130905985832214e-02
1.403611898422241211e-01
7.129704207181930542e-02
-2.778548933565616608e-02
8.048532903194427490e-02
7.706788182258605957e-02
-5.756920203566551208e-02
-2.400261908769607544e-02
7.253565639257431030e-02
3.103963471949100494e-02
6.567322462797164917e-02
-4.921919852495193481e-02
2.782645402476191521e-03
1.384903937578201294e-01
-8.038218948058784008e-04
-9.187895059585571289e-02
-2.968733943998813629e-02
-5.358937382698059082e-02
-3.833672031760215759e-02
3.822974488139152527e-02
-8.791869506239891052e-03
1.815746910870075226e-02
-1.604653336107730865e-02
1.142186298966407776e-01
-3.626828640699386597e-02
1.047514081001281738e-01
-7.527459412813186646e-02
-2.997663617134094238e-02
3.667611256241798401e-02
1.254105418920516968e-01
5.096811801195144653e-02
1.884029358625411987e-01
-8.206685632467269897e-02
1.196043714880943298e-01
5.805609375238418579e-02
4.136253893375396729e-02
-5.931053310632705688e-02
1.236598640680313110e-01
-4.452066123485565186e-02
-2.159614488482475281e-02
6.036192923784255981e-02
1.219852715730667114e-01
-1.348591297864913940e-01
-6.173522677272558212e-03
-9.848786145448684692e-02
5.974868685007095337e-02
-2.900506928563117981e-02
-3.902725130319595337e-02
-6.790630519390106201e-02
4.534891620278358459e-02
5.404461547732353210e-02
-9.931350126862525940e-03
4.983873665332794189e-02
1.166941449046134949e-01
-9.854502975940704346e-02
1.894339360296726227e-02
-9.204295277595520020e-02
4.701800271868705750e-02
1.062648668885231018e-01
2.399624139070510864e-02
5.199263617396354675e-02
-8.138835430145263672e-03
8.690002560615539551e-02
-2.761895768344402313e-02
6.637269258499145508e-02
1.117989644408226013e-01
-4.079568013548851013e-02
-7.259621471166610718e-02
-1.436164230108261108e-01
-1.535128206014633179e-01
-2.490892633795738220e-02
3.388180956244468689e-02
1.690386980772018433e-01
-3.891626745462417603e-02
-1.394228935241699219e-01
-7.876035571098327637e-02
1.801907666958868504e-03
3.291317448019981384e-02
-1.510225236415863037e-02
-2.562764286994934082e-02
-5.985489115118980408e-03
1.967248916625976562e-01
-4.355811700224876404e-02
-4.149021115154027939e-03
-1.942715197801589966e-01
-2.780706994235515594e-02
1.677036099135875702e-02
-4.171524569392204285e-02
1.375826634466648102e-02
-1.955603249371051788e-02
-5.041419342160224915e-02
-1.424896121025085449e-01
2.506829798221588135e-02
-1.136163473129272461e-01
3.969700261950492859e-02
1.441068854182958603e-02
-1.593313068151473999e-01
-4.227292165160179138e-02
1.818755716085433960e-01
-4.388941824436187744e-02
-2.594586089253425598e-02
1.348194330930709839e-01
3.968185186386108398e-02
2.736968453973531723e-03
-1.728940606117248535e-01
-3.772019967436790466e-02
1.636828780174255371e-01
-1.005832105875015259e-01
1.255947351455688477e-01
-4.008892551064491272e-02
-5.994607880711555481e-02
-4.989028349518775940e-02
-1.312450468540191650e-01
-2.172629535198211670e-02
1.611473560333251953e-01
1.924605667591094971e-01
-3.921864554286003113e-02
8.286536671221256256e-03
-3.656680881977081299e-02
4.782294109463691711e-02
-7.016314566135406494e-02
2.320299893617630005e-01
-1.859671771526336670e-01
-1.002952978014945984e-01
1.031086593866348267e-01
-5.658091232180595398e-02
1.372626703232526779e-02
4.282759130001068115e-02
7.318300195038318634e-03
-1.307053565979003906e-01
-1.562302839010953903e-02
-2.077334560453891754e-02
-1.103811487555503845e-01
-1.543752998113632202e-01
4.624020680785179138e-02
-4.428164288401603699e-02
1.551055232994258404e-03
4.785708338022232056e-02
-1.629484295845031738e-01
-2.105260081589221954e-02
1.662533730268478394e-01
2.109839469194412231e-01
9.141492098569869995e-02
1.158165559172630310e-01
4.416559636592864990e-02
3.759722411632537842e-02
-1.668339818716049194e-01
5.157250910997390747e-03
-6.196483969688415527e-02
-4.425511881709098816e-02
3.180949762463569641e-02
1.772938221693038940e-01
2.628873288631439209e-02
-3.519210219383239746e-02
4.432722926139831543e-03
2.036191144725307822e-04
-1.292700320482254028e-01
1.968010514974594116e-01
-6.085711345076560974e-02
1.304007600992918015e-02
-1.530327498912811279e-01
-3.890104591846466064e-02
-9.487801045179367065e-02
6.517184525728225708e-02
-9.944339282810688019e-03
8.769052475690841675e-02
5.877304822206497192e-02
-2.014450132846832275e-01
-1.891016066074371338e-01
1.020566821098327637e-01
-1.065995469689369202e-01
5.327147431671619415e-03
1.346180494874715805e-02
-5.650250241160392761e-02
1.455963999032974243e-01
-1.286818534135818481e-01
7.145566493272781372e-02
-1.230476498603820801e-01
-2.695591188967227936e-02
-4.701934754848480225e-02
8.288288116455078125e-02
-3.651509806513786316e-02
5.349356681108474731e-02
-8.341928012669086456e-03
-5.087940767407417297e-02
-1.499948650598526001e-02
1.839607954025268555e-01
3.773939236998558044e-02
7.819836586713790894e-02
-8.595541119575500488e-02
-5.775786191225051880e-02
-2.522166371345520020e-01
-6.824550032615661621e-02
-7.916184514760971069e-02
1.677121967077255249e-01
8.275178074836730957e-02
-7.038965076208114624e-02
7.005775719881057739e-02
-8.034059405326843262e-02
-6.904915720224380493e-02
-6.895901262760162354e-02
1.030989661812782288e-01
3.832232672721147537e-03
-6.319959461688995361e-02
3.765430301427841187e-02
2.293015271425247192e-02
7.450263947248458862e-02
-4.357395693659782410e-02
-6.502287089824676514e-02
-2.105511277914047241e-01
1.333871930837631226e-01
-2.277402877807617188e-01
-8.993234485387802124e-02
-1.201478391885757446e-01
-5.974531918764114380e-02
-4.438591003417968750e-02
-6.743235886096954346e-02
-1.083849277347326279e-02
-4.970246553421020508e-02
7.751876860857009888e-02
2.137305913493037224e-03
-1.031573563814163208e-01
-2.550925128161907196e-02
-3.290545567870140076e-02
-1.943444460630416870e-01
1.285845339298248291e-01
-1.554852873086929321e-01
-1.071443967521190643e-02
1.562209427356719971e-01
5.150755122303962708e-02
1.137094758450984955e-02
1.073524728417396545e-01
-1.080692466348409653e-02
6.401184946298599243e-02
-5.802387371659278870e-03
2.927556931972503662e-01
-2.836528234183788300e-02
-1.452035456895828247e-01
-4.424387961626052856e-02
1.323302537202835083e-01
-1.023077685385942459e-02
1.369275338947772980e-02
3.363921120762825012e-02
8.692811243236064911e-03
2.307958714663982391e-02
-1.049545183777809143e-01
-1.049243435263633728e-01
7.125841826200485229e-02
-1.621530354022979736e-01
6.954839080572128296e-02
1.622954756021499634e-01
-1.550655514001846313e-01
-1.559881269931793213e-01
-7.916907779872417450e-03
6.363546103239059448e-02
-1.306179761886596680e-01
2.496149539947509766e-01
-8.960724622011184692e-02
-1.872829198837280273e-01
2.004485130310058594e-01
9.605907252989709377e-04
1.485794186592102051e-01
8.503721654415130615e-02
-7.873737812042236328e-02
-1.230952963232994080e-01
-7.060085237026214600e-02
8.691637963056564331e-02
9.834770858287811279e-02
-5.359422042965888977e-02
1.346941012889146805e-02
1.728915236890316010e-02
-5.361458659172058105e-02
9.388949722051620483e-02
2.622285485267639160e-02
9.773656725883483887e-02
9.295310825109481812e-02
-9.748989343643188477e-02
-5.228095874190330505e-02
1.048388406634330750e-01
-9.480743110179901123e-02
-4.496736079454421997e-02
1.538335531949996948e-01
-1.738602668046951294e-02
4.174911603331565857e-02
8.200891315937042236e-03
-7.554400246590375900e-03
-1.635268181562423706e-01
9.772992134094238281e-02
2.565391920506954193e-02
-1.629161685705184937e-01
1.707008928060531616e-01
1.855488680303096771e-02
-6.635370850563049316e-02
-8.518091589212417603e-02
-7.485588639974594116e-02
-9.698211401700973511e-02
-4.655212536454200745e-02
1.548141892999410629e-02
-1.466292589902877808e-01
5.614602565765380859e-02
-9.611087292432785034e-02
-1.163351461291313171e-01
5.555029585957527161e-02
5.897076055407524109e-02
-1.421803086996078491e-01
-1.085647568106651306e-01
7.865689694881439209e-02
-6.361576169729232788e-02
-4.121206700801849365e-02
5.259242653846740723e-02
1.850083321332931519e-01
-1.044026389718055725e-01
-5.066614970564842224e-02
-4.017389193177223206e-02
-1.983577907085418701e-01
