-4.875525832176208496e-02
6.475179921835660934e-03
2.037724666297435760e-02
-9.458681195974349976e-02
1.267635524272918701e-01
4.512764886021614075e-02
-1.949006170034408569e-01
-3.741850331425666809e-02
1.084293946623802185e-01
9.338688850402832031e-02
-4.762209020555019379e-03
6.945097446441650391e-02
7.944743335247039795e-02
9.273965656757354736e-02
1.631604582071304321e-01
-1.325910240411758423e-01
-1.638277024030685425e-01
1.203354597091674805e-01
-1.882892102003097534e-03
2.256788015365600586e-01
-1.257291138172149658e-01
1.693942993879318237e-01
5.029272660613059998e-02
1.555695235729217529e-01
5.166984722018241882e-02
-6.234878301620483398e-02
2.124804630875587463e-02
1.225477753905579448e-04
8.924827724695205688e-02
1.537680029869079590e-01
-7.121839374303817749e-02
-1.553541272878646851e-01
1.281577199697494507e-01
6.596972793340682983e-02
1.265086680650711060e-01
-1.446958035230636597e-01
-8.083527535200119019e-02
-3.130974248051643372e-02
-9.498997032642364502e-02
-2.508618533611297607e-01
-1.476963162422180176e-01
-8.748290687799453735e-02
7.143577188253402710e-02
9.335701167583465576e-02
1.650314033031463623e-01
-1.381130367517471313e-01
-1.526359170675277710e-01
-3.106827102601528168e-02
-1.645380407571792603e-01
-4.555954132229089737e-03
-4.184102267026901245e-02
-7.969927974045276642e-04
5.623337626457214355e-02
-5.876356363296508789e-02
-1.146004125475883484e-01
-7.536341995000839233e-02
4.984842240810394287e-02
1.963884085416793823e-01
4.898642748594284058e-02
-9.022501856088638306e-02
-3.751014173030853271e-02
2.592687681317329407e-02
7.437328249216079712e-02
8.459452539682388306e-02
2.513711107894778252e-03
-1.364588290452957153e-01
1.841254415921866894e-03
2.108211815357208252e-01
1.611215248703956604e-02
-3.452974185347557068e-02
5.804088339209556580e-02
-1.440176665782928467e-01
1.881403923034667969e-01
-5.401779338717460632e-02
3.070833161473274231e-02
7.434192299842834473e-02
-2.264824882149696350e-02
-6.045849248766899109e-02
-2.025051601231098175e-02
4.489494860172271729e-02
1.780783683061599731e-01
-4.434571787714958191e-02
-1.499391943216323853e-01
-1.021455749869346619e-01
-8.552347123622894287e-02
2.688944339752197266e-02
-1.904718391597270966e-02
-6.115335971117019653e-02
-4.438331350684165955e-02
-7.341615855693817139e-02
-8.740981668233871460e-02
-8.034034632146358490e-03
3.150232136249542236e-02
-1.780803650617599487e-01
-3.169328719377517700e-02
1.377055495977401733e-01
-6.167462095618247986e-02
7.885186001658439636e-03
-1.004221290349960327e-02
-6.517215818166732788e-02
4.136393591761589050e-02
-1.273987144231796265e-01
-1.738369911909103394e-01
8.370276540517807007e-02
-2.466898411512374878e-01
-1.891147047281265259e-01
1.117525100708007812e-01
-1.076916679739952087e-01
-1.333740949630737305e-01
3.406385704874992371e-02
-8.489122986793518066e-02
-2.024539373815059662e-02
1.811176985502243042e-01
6.719645112752914429e-02
3.910067304968833923e-02
-2.327700890600681305e-02
-9.207351249642670155e-04
2.350003272294998169e-01
-1.020827218890190125e-01
4.432070255279541016e-02
-1.090104356408119202e-01
5.938107613474130630e-03
9.556904435157775879e-03
-3.261019662022590637e-02
6.061403080821037292e-02
-1.490953564643859863e-01
8.099824190139770508e-04
-1.341012418270111084e-01
-8.263252675533294678e-02
3.329125791788101196e-02
-1.258097887039184570e-01
2.426123805344104767e-02
-1.267497539520263672e-01
-7.353238016366958618e-02
1.366860717535018921e-01
1.288108676671981812e-01
5.057436879724264145e-03
-9.411673992872238159e-02
1.220559142529964447e-02
1.553509533405303955e-01
-5.434073135256767273e-02
1.256284266710281372e-01
-7.463912665843963623e-02
3.083431534469127655e-02
-3.183149918913841248e-02
-6.535798311233520508e-03
9.583561867475509644e-02
5.528615042567253113e-02
6.002295762300491333e-02
-2.235103026032447815e-02
1.612851768732070923e-01
-3.812970966100692749e-02
-7.170181721448898315e-02
3.818275406956672668e-02
-2.656671777367591858e-02
5.469955131411552429e-02
1.356054563075304031e-02
-3.827492892742156982e-02
3.940341062843799591e-03
-1.278332173824310303e-01
1.086623892188072205e-01
-5.612080451101064682e-03
-6.577264517545700073e-02
-1.200114116072654724e-01
-9.278210252523422241e-02
-1.807196252048015594e-02
3.721810504794120789e-02
-1.092118248343467712e-01
-1.592477597296237946e-02
-1.030412465333938599e-01
3.776573762297630310e-02
-1.272360980510711670e-02
7.258364558219909668e-02
-1.139135360717773438e-01
7.907842844724655151e-02
-9.679859876632690430e-02
4.329708963632583618e-02
-7.959356158971786499e-02
1.066474467515945435e-01
1.462878882884979248e-01
-4.391584917902946472e-02
-1.175628677010536194e-01
6.925586611032485962e-02
-1.626881584525108337e-02
-9.167586453258991241e-03
3.617196902632713318e-02
6.354361027479171753e-02
3.799340128898620605e-02
7.059936970472335815e-02
-2.544571757316589355e-01
1.552009880542755127e-01
9.943461418151855469e-02
1.284540742635726929e-01
1.109528318047523499e-01
5.350520834326744080e-02
1.517596095800399780e-02
-1.055835708975791931e-01
-1.871061772108078003e-01
3.691066056489944458e-02
-5.348965525627136230e-02
-6.705736368894577026e-02
-3.997637331485748291e-02
-9.050749242305755615e-02
-1.115839481353759766e-01
-2.543290331959724426e-02
2.050903812050819397e-02
-1.174901500344276428e-01
1.193864941596984863e-01
-6.588912755250930786e-02
6.554722040891647339e-02
-1.258947998285293579e-01
1.186616793274879456e-01
-8.195517212152481079e-02
-4.591447487473487854e-02
1.155193969607353210e-01
2.265520095825195312e-01
-2.517752349376678467e-01
-3.625635057687759399e-02
-1.663920842111110687e-02
-1.374581009149551392e-01
5.234112497419118881e-03
-1.114835143089294434e-01
9.752357006072998047e-02
-1.509682387113571167e-01
8.030497282743453979e-02
-1.150876656174659729e-01
4.548068158328533173e-03
-1.206000372767448425e-01
-5.163794383406639099e-02
-2.737668715417385101e-02
-1.753316968679428101e-01
-1.738844066858291626e-01
-2.547201514244079590e-02
1.171912327408790588e-01
-1.040548607707023621e-01
-6.267461180686950684e-02
-1.792997568845748901e-01
1.407535970211029053e-01
-6.876981258392333984e-02
9.687858819961547852e-02
-5.859976634383201599e-02
-2.560316957533359528e-02
-6.026388332247734070e-02
-7.415300700813531876e-03
6.671150773763656616e-02
1.857440769672393799e-01
4.857966676354408264e-02
4.641560837626457214e-02
-1.662379205226898193e-01
4.024512693285942078e-02
1.366926264017820358e-02
-1.469489652663469315e-02
4.027357324957847595e-02
2.449758909642696381e-02
-1.009677201509475708e-01
-1.486255973577499390e-02
-2.328709699213504791e-02
5.648381263017654419e-02
-2.259418517351150513e-01
-3.080671466886997223e-02
-6.889465451240539551e-02
1.482461243867874146e-01
-1.146645769476890564e-01
1.373437643051147461e-01
3.527842834591865540e-02
1.694381684064865112e-01
-8.682936429977416992e-03
-1.155979037284851074e-01
1.190064698457717896e-01
1.282476633787155151e-01
9.698150306940078735e-02
4.848860576748847961e-02
-5.143847689032554626e-02
-3.583874180912971497e-02
2.461765855550765991e-01
1.157341524958610535e-01
-1.523723006248474121e-01
1.087992414832115173e-01
1.237639188766479492e-01
-2.383593097329139709e-02
1.019373312592506409e-01
-2.017002180218696594e-02
-4.082316067069768906e-03
-1.088537126779556274e-01
-2.249784022569656372e-01
-2.574755623936653137e-02
-3.501508012413978577e-02
-1.156390458345413208e-01
-8.183261007070541382e-02
2.458123713731765747e-01
1.468266695737838745e-01
-9.067507088184356689e-02
3.052719309926033020e-02
6.460253149271011353e-02
-1.352666914463043213e-01
1.948438584804534912e-01
2.395552583038806915e-02
-8.603224158287048340e-02
7.331797480583190918e-02
-5.519495531916618347e-02
-3.720138687640428543e-03
-5.033907294273376465e-02
6.127561256289482117e-02
-7.609312236309051514e-02
7.455380260944366455e-02
-1.008011475205421448e-01
9.654204547405242920e-02
-1.078972592949867249e-01
5.460585281252861023e-02
5.843583494424819946e-02
-1.328040212392807007e-01
1.200831867754459381e-02
1.263063997030258179e-01
-4.774168599396944046e-03
-1.225643903017044067e-01
-1.805596798658370972e-01
-1.480194460600614548e-02
-1.377702206373214722e-01
-1.220295801758766174e-01
-1.021663099527359009e-01
-2.443766593933105469e-01
2.257521450519561768e-02
-1.604995578527450562e-01
4.780886322259902954e-02
-1.099060401320457458e-01
1.148253455758094788e-01
-1.234930008649826050e-02
-8.573935367166996002e-03
9.055961668491363525e-02
1.612125150859355927e-02
1.960269175469875336e-02
6.848544627428054810e-02
-1.639918684959411621e-01
-6.063213571906089783e-02
4.217131063342094421e-03
-2.144004451110959053e-03
4.007405042648315430e-02
-5.042990669608116150e-02
1.545833796262741089e-02
-5.627835914492607117e-02
-8.577479049563407898e-03
9.260583668947219849e-03
7.382782548666000366e-02
6.121146492660045624e-03
2.375173009932041168e-02
2.136265300214290619e-02
-1.041262969374656677e-01
-4.021701216697692871e-02
1.188479289412498474e-01
6.268189102411270142e-02
8.996095508337020874e-02
4.616324231028556824e-02
-5.670123174786567688e-02
4.863042384386062622e-02
-1.651614159345626831e-01
-6.633945554494857788e-02
3.835882991552352905e-03
-2.641645073890686035e-02
4.380136355757713318e-02
8.470740169286727905e-02
8.790062740445137024e-03
1.154996156692504883e-01
6.764029711484909058e-02
-4.263737425208091736e-02
5.005047842860221863e-02
-5.413114652037620544e-02
1.857458502054214478e-01
2.031215876340866089e-01
-3.896759077906608582e-02
1.479447074234485626e-02
1.327803134918212891e-01
-4.615322127938270569e-02
-1.069596037268638611e-03
9.990006685256958008e-02
8.441118523478507996e-03
-1.884717196226119995e-01
-1.384724974632263184e-01
3.724920377135276794e-02
-9.375809878110885620e-02
-9.487242996692657471e-02
-1.222837343811988831e-01
-1.282648295164108276e-01
2.212754078209400177e-02
8.962764404714107513e-03
-1.364672929048538208e-01
-2.721913754940032959e-01
4.862932860851287842e-02
3.346363082528114319e-02
1.138650178909301758e-01
-1.099541559815406799e-01
-1.094208732247352600e-01
-1.320224720984697342e-02
8.731695264577865601e-02
5.423013493418693542e-02
2.010054588317871094e-01
-5.660852789878845215e-02
1.698904186487197876e-01
-8.490616083145141602e-02
-1.624405682086944580e-01
2.290839515626430511e-02
1.854071468114852905e-01
-8.912876993417739868e-02
3.438269719481468201e-02
-6.847839802503585815e-02
6.860991567373275757e-02
4.466373845934867859e-02
-4.957920312881469727e-02
-1.021535545587539673e-01
-1.870713084936141968e-01
8.660727739334106445e-02
-1.006582602858543396e-01
-5.206700041890144348e-02
5.506031587719917297e-02
-1.132434234023094177e-01
2.136805839836597443e-02
-8.023162931203842163e-02
8.190749585628509521e-02
-1.202902719378471375e-01
4.556759446859359741e-02
6.393677741289138794e-02
-5.306202918291091919e-02
-1.742513924837112427e-01
1.968550495803356171e-02
-6.677231937646865845e-02
-2.195230275392532349e-01
-2.376641891896724701e-02
-1.561640948057174683e-01
4.784119129180908203e-02
5.900364741683006287e-02
6.064910814166069031e-02
1.701341718435287476e-01
1.475019194185733795e-02
-5.255970358848571777e-02
1.643644832074642181e-02
-1.830405294895172119e-01
-2.794900536537170410e-02
-1.224131807684898376e-01
-1.108426600694656372e-01
-2.686624228954315186e-01
-2.076501026749610901e-02
2.163467854261398315e-01
4.802054539322853088e-02
5.687963962554931641e-02
1.976074278354644775e-01
9.192417562007904053e-02
3.262375667691230774e-02
1.313385218381881714e-01
9.779300540685653687e-02
3.286928236484527588e-01
1.258544176816940308e-01
