-8.530115336179733276e-02
-3.258121386170387268e-02
-1.670596599578857422e-01
-6.048854812979698181e-02
-3.915909677743911743e-02
-5.646806955337524414e-02
1.295520365238189697e-01
2.668877243995666504e-01
3.109608963131904602e-02
-1.400426775217056274e-02
1.817090064287185669e-02
9.121809154748916626e-02
-6.772159785032272339e-02
1.868327520787715912e-02
-9.997655451297760010e-02
4.682590439915657043e-02
5.579457432031631470e-02
-5.107632372528314590e-03
1.190271601080894470e-01
1.917541213333606720e-02
1.023106798529624939e-01
-3.037415742874145508e-01
1.042730361223220825e-01
-5.257466435432434082e-02
-9.287979453802108765e-02
7.495684176683425903e-02
8.107922226190567017e-02
3.405937924981117249e-02
-3.975662216544151306e-02
-4.526441916823387146e-03
-2.880209684371948242e-02
-3.098080493509769440e-02
1.342891752719879150e-01
-2.994893863797187805e-02
2.398599497973918915e-02
-1.311305016279220581e-01
6.013757735490798950e-02
-2.289917320013046265e-01
1.213061958551406860e-01
9.786275774240493774e-02
7.190042641013860703e-03
-1.525389105081558228e-01
1.024166774004697800e-02
1.377808302640914917e-01
1.437314748764038086e-01
7.677555829286575317e-02
3.204859420657157898e-02
-6.734103709459304810e-02
-6.103288009762763977e-02
-8.522826433181762695e-02
-3.979635890573263168e-03
-2.121787369251251221e-01
5.817869305610656738e-02
-6.593200564384460449e-02
2.014179229736328125e-01
-1.173019334673881531e-01
-4.743228480219841003e-02
-4.482620209455490112e-02
8.398701995611190796e-02
-4.011165723204612732e-02
-3.655337914824485779e-02
-3.114956617355346680e-02
1.397651582956314087e-01
-1.390580385923385620e-01
-8.358449675142765045e-03
-5.735916644334793091e-02
-5.412174388766288757e-02
-1.427766960114240646e-02
-7.148869335651397705e-02
-2.404953166842460632e-02
1.477368641644716263e-02
-7.961577177047729492e-02
-1.585557009093463421e-03
6.443717330694198608e-02
5.364420637488365173e-02
6.834488362073898315e-02
1.122483834624290466e-01
-1.088569313287734985e-01
2.700954116880893707e-02
-6.449811905622482300e-02
2.988139353692531586e-02
7.777499407529830933e-02
6.593569368124008179e-02
-7.252200692892074585e-02
1.464942544698715210e-01
2.071471884846687317e-02
-8.800711482763290405e-02
1.405876874923706055e-01
-1.045432314276695251e-01
8.610705286264419556e-02
5.573761463165283203e-02
-1.160923019051551819e-01
-6.762603670358657837e-02
-1.187020167708396912e-02
-1.042544394731521606e-01
1.358498781919479370e-01
-2.225782722234725952e-01
2.169848047196865082e-02
-1.279524862766265869e-01
-1.271175891160964966e-01
1.031903084367513657e-02
-6.549314409494400024e-02
-3.992700949311256409e-02
8.404517173767089844e-02
2.673800662159919739e-02
2.713568322360515594e-02
-1.290435791015625000e-01
2.962160669267177582e-02
-1.532463263720273972e-02
3.933775797486305237e-02
-1.135146841406822205e-01
-1.554592605680227280e-02
-1.300569623708724976e-01
-1.652254313230514526e-01
1.592853479087352753e-02
-7.150300592184066772e-02
2.118275873363018036e-02
-1.114999577403068542e-01
1.282733213156461716e-02
1.373948901891708374e-01
