5.640550516545772552e-03
3.239535540342330933e-02
3.656097874045372009e-02
4.538390412926673889e-02
7.974129915237426758e-02
-1.584347337484359741e-01
-1.402114629745483398e-01
-9.200847893953323364e-02
-1.724574416875839233e-01
1.942702084779739380e-01
1.506048589944839478e-01
-1.167627796530723572e-01
1.255820840597152710e-01
-7.317516952753067017e-02
6.212127208709716797e-02
-8.880545198917388916e-02
-3.944435343146324158e-02
1.092008501291275024e-01
3.176830336451530457e-02
-2.288882620632648468e-02
-1.104309558868408203e-01
-2.863552048802375793e-02
-1.181481033563613892e-01
9.587404131889343262e-02
6.259699165821075439e-02
-1.108039394021034241e-01
-1.488807350397109985e-01
1.028690263628959656e-01
-1.149463057518005371e-01
-2.319057844579219818e-02
6.061153020709753036e-03
-1.841547340154647827e-02
1.215251833200454712e-01
-7.147281616926193237e-02
1.563463509082794189e-01
1.203403249382972717e-01
2.843910828232765198e-02
3.603488206863403320e-02
-1.201092749834060669e-01
-1.966120488941669464e-02
-1.738761365413665771e-01
4.659413918852806091e-02
1.394819617271423340e-01
-1.377629339694976807e-01
-1.762888282537460327e-01
-1.169358640909194946e-01
1.661684960126876831e-01
-1.501877326518297195e-02
1.578032672405242920e-01
-1.631861776113510132e-01
-4.074599966406822205e-02
-1.262756139039993286e-01
4.705622419714927673e-02
-9.273864328861236572e-02
-6.188721582293510437e-02
-1.909799575805664062e-01
2.145200595259666443e-02
2.464870214462280273e-01
-8.241193741559982300e-02
3.301694989204406738e-02
-1.200051829218864441e-01
6.480865925550460815e-02
7.553531974554061890e-02
-1.116297841072082520e-01
-1.600072602741420269e-03
3.080947510898113251e-02
-3.279427438974380493e-02
-2.531829848885536194e-02
-2.770876698195934296e-02
1.049291864037513733e-01
-1.079877391457557678e-01
-5.257543921470642090e-02
7.518361508846282959e-02
5.173321440815925598e-02
1.290091080591082573e-03
1.907797306776046753e-01
8.094825595617294312e-02
2.468403894454240799e-03
-3.308304771780967712e-02
9.960652887821197510e-02
-4.939738288521766663e-02
2.025460638105869293e-02
-4.874942358583211899e-03
-1.420069187879562378e-01
-8.204039931297302246e-02
4.023894295096397400e-02
-1.150569468736648560e-01
-1.785158962011337280e-01
-4.525190219283103943e-03
1.141942739486694336e-01
1.396989542990922928e-02
4.599068686366081238e-02
-2.117607742547988892e-02
1.792601495981216431e-01
-3.522955253720283508e-02
1.306266337633132935e-01
-1.142791137099266052e-01
-5.769658368080854416e-03
-2.541823498904705048e-02
1.601577848196029663e-01
-1.636727452278137207e-01
1.113504171371459961e-01
1.625723093748092651e-01
-2.485503442585468292e-02
-7.777078542858362198e-03
5.746115371584892273e-02
1.476057320833206177e-01
6.775999814271926880e-02
1.118515804409980774e-02
-6.385241635143756866e-03
-8.434303849935531616e-02
5.543796345591545105e-03
-4.252925515174865723e-03
-4.590154811739921570e-02
1.032469198107719421e-01
1.280763298273086548e-01
8.156680315732955933e-02
1.263515502214431763e-01
5.814133957028388977e-02
-5.212051793932914734e-02
