9.809590876102447510e-02
-2.054872959852218628e-01
-2.026817798614501953e-01
7.546216994524002075e-02
7.435256242752075195e-02
8.273177593946456909e-02
3.836351633071899414e-02
5.066321417689323425e-02
-1.351416017860174179e-02
-3.867613896727561951e-02
-7.043769210577011108e-02
-9.588301181793212891e-02
-5.244285985827445984e-02
-1.373919285833835602e-02
9.035726636648178101e-02
-1.204116269946098328e-02
3.871964290738105774e-02
1.658491939306259155e-01
-1.261543631553649902e-01
3.967881575226783752e-02
-7.718469947576522827e-02
-9.950358420610427856e-02
1.113034486770629883e-01
5.464239791035652161e-02
-2.183517935918644071e-04
7.174397259950637817e-02
-8.327674120664596558e-02
4.781325906515121460e-02
-4.221617802977561951e-02
6.889133900403976440e-02
-1.966674812138080597e-02
2.670818381011486053e-02
-5.890185758471488953e-02
-6.686606258153915405e-02
-1.937301084399223328e-02
-1.217538714408874512e-01
6.024986039847135544e-03
-4.271478578448295593e-02
-5.129076167941093445e-02
-7.437675725668668747e-03
1.090139430016279221e-02
5.705383047461509705e-02
-8.491165935993194580e-02
-9.290865622460842133e-03
2.096283733844757080e-01
3.721315180882811546e-03
7.578314747661352158e-03
5.192894861102104187e-02
-1.727539151906967163e-01
-3.516816347837448120e-02
-4.288324713706970215e-02
-1.513539403676986694e-01
1.008390709757804871e-01
-1.400593221187591553e-01
3.303266689181327820e-02
-1.091182604432106018e-01
1.832409761846065521e-02
-6.660922616720199585e-02
3.601361811161041260e-01
1.054881960153579712e-01
1.241930350661277771e-01
1.899122446775436401e-01
6.804060190916061401e-02
-4.398972913622856140e-02
-5.648303031921386719e-02
-1.564119905233383179e-01
4.416459426283836365e-02
3.375009400770068169e-03
1.409704536199569702e-01
9.076389670372009277e-02
-1.503048744052648544e-02
-3.854191303253173828e-02
-1.619741171598434448e-01
7.058426737785339355e-02
-5.652289465069770813e-02
-1.075500026345252991e-01
2.905398048460483551e-02
-1.925963908433914185e-02
1.906894892454147339e-01
-4.972736537456512451e-02
1.610415428876876831e-01
4.430529102683067322e-02
-7.343962043523788452e-02
-1.040297746658325195e-01
3.824733197689056396e-02
-8.396603167057037354e-02
1.041412875056266785e-01
-6.211650371551513672e-02
-6.036438420414924622e-02
2.781204320490360260e-02
-2.227429114282131195e-02
1.898877508938312531e-02
4.260949324816465378e-03
1.575925797224044800e-01
-6.020758301019668579e-02
4.750553518533706665e-02
-1.297637820243835449e-01
2.326723188161849976e-02
-1.264623850584030151e-01
-5.905847623944282532e-02
1.066255476325750351e-02
5.507972836494445801e-02
-1.523512303829193115e-01
2.635680511593818665e-02
1.230293437838554382e-01
-9.743566811084747314e-02
-1.672168076038360596e-01
2.640257775783538818e-02
3.495171666145324707e-02
4.509349912405014038e-02
-2.856191433966159821e-02
-5.294997617602348328e-02
5.827081203460693359e-02
-9.964267909526824951e-02
-7.232313603162765503e-02
4.621206596493721008e-02
-1.472533345222473145e-01
6.059814244508743286e-02
1.139203533530235291e-01
1.879763603210449219e-01
8.404954522848129272e-02
-9.643207304179668427e-03
1.850505359470844269e-02
1.127720028162002563e-01
-1.428071707487106323e-01
-5.039653927087783813e-02
3.402796387672424316e-02
-7.519591599702835083e-02
-4.258607700467109680e-02
3.956394270062446594e-02
-1.016570534557104111e-02
7.918123155832290649e-02
8.073079586029052734e-02
4.609551746398210526e-03
-1.793593727052211761e-02
-3.660292178392410278e-02
-3.264347463846206665e-02
-4.552002623677253723e-02
-1.197169534862041473e-03
-1.122451350092887878e-01
1.143341809511184692e-01
5.449234321713447571e-02
3.629705309867858887e-02
1.792862080037593842e-02
1.163294091820716858e-01
3.718787059187889099e-02
6.572966277599334717e-02
-4.730913322418928146e-03
1.027674227952957153e-01
2.653922438621520996e-01
4.368387162685394287e-02
1.181176677346229553e-01
-6.853850185871124268e-02
9.021200984716415405e-02
1.104233600199222565e-02
1.338231414556503296e-01
-4.094798490405082703e-02
4.799130558967590332e-02
3.054701723158359528e-02
1.648774147033691406e-01
2.389574795961380005e-01
7.925307005643844604e-02
-1.128240255638957024e-03
5.949976667761802673e-02
-8.271265029907226562e-02
9.443040937185287476e-03
-5.336743593215942383e-02
-5.957917124032974243e-02
-1.507821828126907349e-01
3.138394095003604889e-04
5.684638768434524536e-02
-7.726217154413461685e-03
-4.237387701869010925e-02
-2.049804925918579102e-01
5.271794274449348450e-02
1.504041720181703568e-02
1.493700444698333740e-01
-3.365546837449073792e-02
-1.614527404308319092e-02
-3.376116976141929626e-02
-9.456934034824371338e-02
7.037947420030832291e-03
1.138495802879333496e-01
7.443093508481979370e-02
-2.352140471339225769e-02
-2.264444530010223389e-02
-1.499484181404113770e-01
7.891421765089035034e-02
1.577430590987205505e-02
1.151111051440238953e-01
-3.197613405063748360e-03
4.499360173940658569e-02
-9.914451092481613159e-02
2.668403461575508118e-02
8.909873664379119873e-02
1.786482316674664617e-04
-9.676200151443481445e-02
1.741452068090438843e-01
1.091945543885231018e-01
2.107825577259063721e-01
-4.686373844742774963e-02
2.577620185911655426e-02
1.692638099193572998e-01
-1.471202671527862549e-01
2.533398009836673737e-02
8.810048550367355347e-02
7.874488085508346558e-02
1.085429340600967407e-01
-1.846108026802539825e-02
-1.707153469324111938e-01
-1.560607342980802059e-03
1.448178198188543320e-02
3.332713246345520020e-02
1.513517946004867554e-01
1.046707406640052795e-01
7.486668415367603302e-03
-1.713206022977828979e-01
-8.239562809467315674e-02
6.213395670056343079e-02
-1.381255406886339188e-02
-4.387747496366500854e-02
2.538648061454296112e-02
7.114881277084350586e-02
-1.058581843972206116e-01
-1.267333328723907471e-01
7.067521661520004272e-02
9.877457469701766968e-02
2.566570043563842773e-01
-9.101065807044506073e-03
8.691921830177307129e-02
4.231359064579010010e-02
-1.073483973741531372e-01
6.819760799407958984e-02
5.169640854001045227e-02
-2.768484130501747131e-02
7.650578860193490982e-03
-6.148625630885362625e-03
-5.203806236386299133e-02
-5.470932275056838989e-02
5.306093022227287292e-02
-6.056538969278335571e-02
-4.321854934096336365e-02
1.886396668851375580e-02
6.313556432723999023e-02
-6.083417683839797974e-02
1.995849758386611938e-01
1.277558207511901855e-01
-1.393299084156751633e-02
6.508304923772811890e-02
6.076017022132873535e-02
7.090197503566741943e-02
6.709089875221252441e-02
-2.059988230466842651e-01
2.106217853724956512e-02
-3.682419657707214355e-03
7.967799156904220581e-02
-1.398791819810867310e-01
-5.628815293312072754e-02
-8.683581836521625519e-03
-2.767123579978942871e-01
1.088890954852104187e-01
-8.133558183908462524e-02
5.840032920241355896e-02
-1.844427436590194702e-01
-1.715671718120574951e-01
-1.077146530151367188e-01
2.108072862029075623e-02
2.047874927520751953e-01
-1.888424456119537354e-01
1.562643349170684814e-01
9.576410800218582153e-02
-4.702157527208328247e-02
3.012338653206825256e-02
8.078044652938842773e-02
-1.157389208674430847e-01
5.825093388557434082e-02
1.092431321740150452e-01
4.318660125136375427e-02
-7.331263273954391479e-02
-4.761410877108573914e-02
-2.481541968882083893e-02
1.277978718280792236e-01
1.047760173678398132e-01
1.620606034994125366e-01
1.226934418082237244e-01
2.927363477647304535e-02
-1.364324986934661865e-01
-1.107516884803771973e-01
-6.460505723953247070e-02
2.049334347248077393e-01
2.464141510426998138e-02
-6.221498921513557434e-02
6.464858353137969971e-02
1.001796722412109375e-01
3.869392350316047668e-02
4.804512485861778259e-02
8.738141506910324097e-02
7.506271451711654663e-02
4.815449193120002747e-02
-4.476119205355644226e-02
-1.014900486916303635e-02
7.343772798776626587e-02
4.611527174711227417e-02
6.381584703922271729e-02
4.705469310283660889e-02
9.669376909732818604e-02
-7.414090633392333984e-02
-1.151129379868507385e-01
-7.256641238927841187e-02
8.220992051064968109e-03
8.460272848606109619e-02
2.986097633838653564e-01
2.510157525539398193e-01
8.481796830892562866e-02
7.858786731958389282e-02
-2.456213161349296570e-02
-1.838721334934234619e-01
-9.816166758537292480e-02
-2.055281773209571838e-02
-5.363428592681884766e-02
1.735248044133186340e-02
1.650411821901798248e-02
-1.046294197440147400e-01
3.943712264299392700e-02
1.259094327688217163e-01
6.968168914318084717e-02
6.654375046491622925e-02
-3.533689305186271667e-03
-1.480350941419601440e-01
1.260973066091537476e-01
1.378961503505706787e-01
6.231398135423660278e-02
-1.798505634069442749e-01
-1.943947821855545044e-01
-7.830944960005581379e-04
6.685464829206466675e-02
-5.959296971559524536e-02
-2.260158583521842957e-02
-1.094499826431274414e-01
9.051331877708435059e-02
1.097856089472770691e-01
-5.610930547118186951e-02
-1.261195093393325806e-01
-2.260665595531463623e-02
1.650658547878265381e-01
-1.612370759248733521e-01
-7.890398614108562469e-03
-1.223976239562034607e-01
-7.678958773612976074e-02
9.875418618321418762e-03
-1.793085932731628418e-01
-1.093334332108497620e-01
-1.068641766905784607e-01
-1.343147158622741699e-01
-1.054235622286796570e-01
-1.252106726169586182e-01
8.931555598974227905e-02
1.171134486794471741e-01
-9.983832389116287231e-02
8.329393714666366577e-02
5.438443738967180252e-03
3.702365979552268982e-02
1.059196144342422485e-01
-1.367817968130111694e-01
3.833472728729248047e-02
-9.000621736049652100e-02
-9.318337775766849518e-03
1.816573552787303925e-02
-9.001715481281280518e-02
1.716044098138809204e-01
-6.660347431898117065e-02
-1.882262676954269409e-01
3.343463316559791565e-02
5.897536501288414001e-02
8.284424245357513428e-02
-1.560600250959396362e-01
2.061539441347122192e-01
2.627720497548580170e-02
-1.823708787560462952e-02
-1.023070141673088074e-01
-1.282953619956970215e-01
1.719568222761154175e-01
2.626882493495941162e-02
3.585531143471598625e-03
-1.054262183606624603e-02
5.759958177804946899e-02
5.670226644724607468e-03
2.374396845698356628e-02
2.428479306399822235e-02
3.023869125172495842e-03
-7.598036527633666992e-02
-2.142431735992431641e-01
-1.326738744974136353e-01
-1.374461650848388672e-01
1.423136293888092041e-01
-7.239228580147027969e-03
2.881572209298610687e-02
5.232436582446098328e-02
1.810036972165107727e-02
-5.259769503027200699e-03
4.373214021325111389e-02
-6.058964133262634277e-02
6.527926027774810791e-02
2.480014562606811523e-01
-1.257542222738265991e-01
3.874919202644377947e-04
-1.566193252801895142e-02
-5.368688702583312988e-02
-1.194578930735588074e-01
1.209067106246948242e-01
1.282180696725845337e-01
-2.080314159393310547e-01
2.880999445915222168e-02
-2.283313274383544922e-01
-1.559299230575561523e-02
6.858537346124649048e-02
3.023096024990081787e-01
-2.511483132839202881e-01
-9.256548248231410980e-03
2.232102677226066589e-03
-9.879125282168388367e-03
-1.185837537050247192e-01
1.059931069612503052e-01
3.233159705996513367e-02
-1.426376253366470337e-01
1.088959723711013794e-01
-3.455756232142448425e-02
1.795689761638641357e-01
1.985949091613292694e-02
4.809159040451049805e-02
2.623987570405006409e-02
8.226716890931129456e-03
3.121107816696166992e-02
6.191612407565116882e-02
6.586439162492752075e-02
1.060136780142784119e-01
-1.037052050232887268e-01
3.959413990378379822e-02
-9.018462896347045898e-02
-6.355409324169158936e-02
-9.310584515333175659e-02
5.254824087023735046e-02
2.347332611680030823e-02
-3.744917735457420349e-02
7.574073970317840576e-03
-3.371718153357505798e-02
4.644463956356048584e-02
-5.321375560015439987e-03
1.546862572431564331e-01
4.426241666078567505e-02
