-2.903505042195320129e-02
7.444799877703189850e-03
7.532753795385360718e-02
6.057152897119522095e-02
5.311721190810203552e-02
-5.589303001761436462e-02
-2.236960232257843018e-01
3.058721125125885010e-02
1.723516881465911865e-01
-8.101340383291244507e-02
-6.419093161821365356e-02
-1.255919337272644043e-01
-1.085536107420921326e-01
2.087577013298869133e-03
1.499637812376022339e-01
-2.343743108212947845e-02
-1.091047450900077820e-01
-1.047069355845451355e-01
3.579775989055633545e-02
1.742258518934249878e-01
-1.052852496504783630e-01
-3.927751630544662476e-02
-1.306644231081008911e-01
-1.525414288043975830e-01
7.062220573425292969e-02
1.762857586145401001e-01
4.313292726874351501e-02
7.455315440893173218e-02
-4.724534600973129272e-02
1.738684624433517456e-01
3.173678740859031677e-02
1.787059195339679718e-02
-1.874545961618423462e-01
1.302296370267868042e-01
-1.795404404401779175e-01
-3.906856104731559753e-02
4.186904802918434143e-02
-3.241096064448356628e-02
5.811717733740806580e-02
9.828869998455047607e-02
5.493352562189102173e-02
-1.153241023421287537e-01
-1.246736049652099609e-01
-1.473614573478698730e-02
3.391749411821365356e-02
7.766386121511459351e-02
1.080974861979484558e-01
-1.168877482414245605e-01
-4.354010522365570068e-02
1.065857559442520142e-01
-1.378546208143234253e-01
-1.550174057483673096e-01
2.078300565481185913e-01
9.170669317245483398e-02
1.078641936182975769e-01
-3.028068924322724342e-03
1.081121936440467834e-01
-5.864486843347549438e-02
1.818640381097793579e-01
1.479247212409973145e-01
-3.021258488297462463e-02
4.827025532722473145e-02
1.588237881660461426e-01
3.337312862277030945e-02
-1.123946905136108398e-01
-6.494119018316268921e-02
1.483254786580801010e-02
-2.696899510920047760e-02
-5.128614231944084167e-02
-2.241646870970726013e-02
8.293262869119644165e-02
-1.739792525768280029e-01
1.281771212816238403e-01
3.455729410052299500e-02
-1.184451952576637268e-01
-1.366371959447860718e-01
-9.989311546087265015e-02
-5.130376294255256653e-02
-6.684237718582153320e-02
1.272124052047729492e-01
-4.119694977998733521e-02
-3.524952754378318787e-02
-3.859657794237136841e-02
-4.029916971921920776e-02
1.662537008523941040e-01
1.144186779856681824e-01
-8.463065326213836670e-02
-1.053831353783607483e-01
-6.091963127255439758e-02
-2.059783041477203369e-01
-5.511629208922386169e-02
5.484644696116447449e-02
5.849197134375572205e-02
-1.967417895793914795e-01
2.249802649021148682e-01
-1.726986281573772430e-02
2.025989294052124023e-01
4.989191889762878418e-02
-1.037089452147483826e-01
2.801150642335414886e-02
6.313615292310714722e-02
-4.136600717902183533e-02
-1.248848587274551392e-01
1.306835263967514038e-01
1.879295706748962402e-02
1.212112680077552795e-01
1.140247508883476257e-01
-5.830924585461616516e-02
1.327817142009735107e-01
-3.275825874879956245e-03
-8.422584831714630127e-02
-9.591759741306304932e-02
5.906504392623901367e-02
8.410820737481117249e-03
-4.102922976016998291e-02
7.290691882371902466e-02
1.143344566226005554e-01
-8.081906288862228394e-02
8.200325816869735718e-02
-6.355290114879608154e-02
