-3.503765165805816650e-02
1.747760325670242310e-01
-1.183402538299560547e-01
1.087417751550674438e-01
-7.504905015230178833e-02
6.947474926710128784e-02
1.461276412010192871e-01
-7.805393636226654053e-02
-5.903887748718261719e-02
5.436098203063011169e-02
-2.721889689564704895e-02
7.524667773395776749e-03
2.162517793476581573e-02
1.520277857780456543e-01
4.112423956394195557e-02
3.596731275320053101e-02
-1.187270805239677429e-01
4.391611739993095398e-02
9.738951176404953003e-02
-9.703314304351806641e-02
-1.694598197937011719e-01
-5.569476634263992310e-02
-6.120097264647483826e-02
6.100853160023689270e-02
4.377253353595733643e-02
1.021552234888076782e-01
1.718822168186306953e-03
-1.806568354368209839e-01
-3.350222855806350708e-02
-4.792954027652740479e-02
-9.600455313920974731e-02
-4.045045003294944763e-02
2.277229446917772293e-03
-2.675233595073223114e-02
4.411990568041801453e-02
7.454984006471931934e-04
-1.776498109102249146e-01
-8.769630640745162964e-02
2.015401422977447510e-01
1.131886839866638184e-01
-5.639206990599632263e-02
1.513101756572723389e-01
3.797366842627525330e-02
4.186312481760978699e-02
-1.203179359436035156e-02
9.157440811395645142e-02
-1.066330224275588989e-01
-6.511843204498291016e-02
2.496253550052642822e-01
-1.878781244158744812e-02
-1.351910084486007690e-01
-1.155959293246269226e-01
1.348356343805789948e-02
1.139596328139305115e-01
2.400214038789272308e-02
-7.749072462320327759e-02
-2.949092723429203033e-02
-7.681052084080874920e-04
-5.770349502563476562e-02
3.426492959260940552e-02
-1.313960999250411987e-01
-4.935511946678161621e-02
5.794323235750198364e-02
2.692589163780212402e-02
3.110730787739157677e-03
1.099108457565307617e-01
8.348434418439865112e-02
-2.217582911252975464e-01
1.869455352425575256e-02
-2.255222201347351074e-02
1.720483750104904175e-01
8.293919265270233154e-02
1.499644517898559570e-01
1.488908100873231888e-02
-1.042595654726028442e-01
-2.222449034452438354e-01
-6.848292797803878784e-02
-1.281445026397705078e-01
6.867795437574386597e-02
-7.360990345478057861e-02
-7.957474887371063232e-02
1.001930758357048035e-01
-1.160622835159301758e-01
-4.996709525585174561e-02
-1.226828098297119141e-01
1.755491085350513458e-02
-7.563164085149765015e-02
5.423777922987937927e-02
7.022691518068313599e-02
3.285351023077964783e-02
4.078377783298492432e-02
1.919859051704406738e-01
4.184725135564804077e-02
-8.725979179143905640e-02
7.789337635040283203e-02
-1.806645989418029785e-01
-9.769191592931747437e-02
4.698313772678375244e-03
6.898983567953109741e-02
-1.980647146701812744e-01
8.913253992795944214e-02
1.082174479961395264e-02
1.001452188938856125e-02
-8.762904256582260132e-02
-9.175638854503631592e-02
6.651944946497678757e-03
2.379044191911816597e-03
1.431829929351806641e-01
-3.129952773451805115e-02
6.606792658567428589e-02
3.621913865208625793e-02
7.336331158876419067e-02
-1.711112409830093384e-01
2.392135411500930786e-01
1.022741291671991348e-02
-1.683860123157501221e-01
-1.118366271257400513e-01
-2.587026171386241913e-02
3.230404481291770935e-02
-8.475958555936813354e-02
