1.776050403714179993e-02
-9.436590224504470825e-02
1.412548590451478958e-02
-6.130106374621391296e-02
2.883122302591800690e-02
3.770219162106513977e-02
-1.431206315755844116e-01
2.052835043286904693e-04
-2.960879122838377953e-03
-1.178776770830154419e-01
-2.787643671035766602e-02
4.788742959499359131e-02
1.085762009024620056e-01
1.270848363637924194e-01
9.303580969572067261e-02
-8.567500859498977661e-02
-6.753791868686676025e-02
1.448534876108169556e-01
-1.675026267766952515e-01
3.299374505877494812e-02
-2.538805082440376282e-02
-2.684234678745269775e-01
5.456289649009704590e-02
5.592246726155281067e-02
-1.477911323308944702e-01
-8.164460957050323486e-02
-1.043298840522766113e-01
6.994903832674026489e-02
2.499879710376262665e-02
8.940530940890312195e-03
-8.377306908369064331e-02
2.805247344076633453e-02
-1.291995216161012650e-02
-2.833901718258857727e-02
-2.583380416035652161e-02
2.109774760901927948e-02
8.993196487426757812e-02
-3.966658376157283783e-03
-1.767980307340621948e-01
7.981666177511215210e-02
-1.540270745754241943e-01
2.038254961371421814e-02
2.092472314834594727e-01
-2.212236635386943817e-02
-1.186647042632102966e-01
-1.131099238991737366e-01
1.426872462034225464e-01
3.383433520793914795e-01
4.464211314916610718e-02
-9.886934608221054077e-02
-9.115631133317947388e-02
-1.040750835090875626e-02
1.111924648284912109e-01
1.256988346576690674e-01
8.816888183355331421e-02
2.680106461048126221e-02
3.840006515383720398e-02
1.386537333019077778e-03
-1.705932617187500000e-01
1.037378143519163132e-02
8.417269587516784668e-02
-1.455574645660817623e-03
1.864810585975646973e-01
4.159565549343824387e-03
-1.071454808115959167e-01
-8.323596417903900146e-02
-1.421336364001035690e-02
8.646666258573532104e-02
-2.182956226170063019e-02
1.501030176877975464e-01
-1.043601036071777344e-01
-1.666065678000450134e-02
-4.640550538897514343e-02
7.268684357404708862e-02
1.656957156956195831e-02
1.587412804365158081e-01
1.545980758965015411e-02
-2.598936669528484344e-02
1.517477780580520630e-01
-1.101688072085380554e-01
-9.006755799055099487e-02
-1.554588414728641510e-02
-2.741598784923553467e-01
-1.635205000638961792e-02
-5.751140788197517395e-02
-1.835029423236846924e-01
-1.792433112859725952e-01
-8.592193573713302612e-02
1.213139817118644714e-01
1.570322178304195404e-02
1.426969375461339951e-02
-2.817902248352766037e-03
7.810594886541366577e-02
1.711239963769912720e-01
-4.339402075856924057e-03
-8.497955650091171265e-02
-4.621549323201179504e-02
5.133701115846633911e-02
1.167399529367685318e-02
1.282091718167066574e-02
-1.709322482347488403e-01
-1.338377594947814941e-02
1.675469242036342621e-02
-1.934181898832321167e-03
1.236091833561658859e-02
8.172304928302764893e-02
3.104977682232856750e-02
-9.080968052148818970e-02
-1.682363748550415039e-01
-1.590464450418949127e-02
1.118902340531349182e-01
-2.968446351587772369e-02
-4.011599346995353699e-02
-1.270344704389572144e-01
-7.194944471120834351e-02
1.928726881742477417e-01
-1.279633492231369019e-02
-4.638675600290298462e-02
-2.006379365921020508e-01
-9.928384423255920410e-02
5.291064456105232239e-02
4.770666360855102539e-02
1.020983457565307617e-01
2.815457060933113098e-02
2.180378437042236328e-01
-8.472675830125808716e-02
-5.017013102769851685e-02
-8.835931122303009033e-02
5.251926183700561523e-02
-8.846519887447357178e-02
-3.731956332921981812e-02
-5.024335533380508423e-02
-3.863321989774703979e-02
-2.261699438095092773e-01
-7.991661876440048218e-02
-1.638794839382171631e-01
6.658049672842025757e-02
1.361691504716873169e-01
1.545461714267730713e-01
-7.994762063026428223e-02
4.116436466574668884e-03
2.307657301425933838e-01
-9.600646048784255981e-02
5.061651393771171570e-02
-6.316608190536499023e-02
-5.584136117249727249e-03
1.415911465883255005e-01
1.007237359881401062e-01
-3.414779901504516602e-02
-1.277744024991989136e-01
-4.348756000399589539e-02
1.207434758543968201e-01
8.273749798536300659e-02
1.525785308331251144e-02
5.774873122572898865e-02
-2.643607258796691895e-01
2.844271995127201080e-02
1.230194121599197388e-01
-8.711769431829452515e-02
-1.282058656215667725e-01
3.266614302992820740e-02
7.015058398246765137e-02
1.304225474596023560e-01
6.823792308568954468e-02
-1.204446181654930115e-01
2.301070988178253174e-01
3.366561233997344971e-02
-8.014771342277526855e-02
1.908242516219615936e-02
-1.743181236088275909e-02
4.139913246035575867e-02
3.630778566002845764e-02
1.263663768768310547e-01
1.354115903377532959e-01
-4.963694140315055847e-02
1.165164634585380554e-01
-1.970251649618148804e-01
-1.114416942000389099e-01
-1.732148379087448120e-01
-3.652320429682731628e-02
-7.126269489526748657e-02
-1.305747628211975098e-01
-7.400714606046676636e-02
-1.216015443205833435e-01
1.420493274927139282e-01
8.521354943513870239e-02
-1.982720755040645599e-02
-4.926420282572507858e-03
1.092061400413513184e-01
6.417533010244369507e-02
1.862495765089988708e-02
2.596536418423056602e-03
-1.580900326371192932e-02
1.012507677078247070e-01
-6.805169582366943359e-02
1.259739696979522705e-01
7.982844859361648560e-02
6.808575242757797241e-02
6.804770976305007935e-02
7.302547246217727661e-02
1.033354178071022034e-01
-5.828469619154930115e-02
7.682190090417861938e-02
2.670355513691902161e-02
1.060552597045898438e-01
6.995593756437301636e-02
2.148900479078292847e-01
4.588371887803077698e-02
7.138391584157943726e-02
1.149571090936660767e-01
-6.841160356998443604e-02
1.343706399202346802e-01
-1.147671267390251160e-01
2.275224775075912476e-01
-3.298812732100486755e-02
-2.016052305698394775e-01
2.044512145221233368e-02
-3.287572879344224930e-03
-1.907880045473575592e-02
-3.103747963905334473e-02
-9.223257005214691162e-02
8.908690512180328369e-02
9.106224030256271362e-02
-4.642228409647941589e-02
2.337424270808696747e-02
-8.305205963551998138e-03
-1.450903564691543579e-01
-4.990491643548011780e-02
2.965841628611087799e-02
-5.335807427763938904e-02
-4.283879324793815613e-02
-1.840008050203323364e-01
5.746370553970336914e-02
1.031353622674942017e-01
-7.210919260978698730e-02
-1.564335078001022339e-01
-3.193635866045951843e-02
5.274784564971923828e-02
1.248445641249418259e-02
5.022442340850830078e-02
-4.693658277392387390e-02
-1.832070201635360718e-01
-7.714733481407165527e-02
-1.260829716920852661e-02
-1.460884958505630493e-01
-6.379752606153488159e-02
4.613424092531204224e-02
-7.747124135494232178e-02
-8.838322013616561890e-02
1.833341270685195923e-01
9.527827799320220947e-02
4.063625261187553406e-02
-8.817685395479202271e-02
4.782970249652862549e-02
1.222575083374977112e-01
-8.723001927137374878e-02
-9.082275629043579102e-02
-3.839215636253356934e-02
1.057966612279415131e-02
-7.086623460054397583e-02
2.374684624373912811e-02
1.591297835111618042e-01
-8.937435597181320190e-02
1.720014214515686035e-01
-6.675625592470169067e-02
6.477992981672286987e-02
-8.967121690511703491e-02
1.161459274590015411e-02
5.335273221135139465e-02
-2.812115252017974854e-01
-1.153479367494583130e-01
-1.895984518341720104e-03
-1.794866323471069336e-01
1.082236990332603455e-01
-6.070158630609512329e-02
-8.102881908416748047e-02
4.308950155973434448e-02
2.972452901303768158e-02
-9.984430670738220215e-02
-1.156629621982574463e-02
5.741992592811584473e-02
-1.450815349817276001e-01
6.710908841341733932e-03
6.496580690145492554e-02
-5.430852994322776794e-02
1.002691388130187988e-01
8.677443116903305054e-02
7.905536890029907227e-02
-5.734397843480110168e-02
3.079338073730468750e-01
1.581835895776748657e-01
-6.440340727567672729e-02
-1.436788868159055710e-02
2.391421608626842499e-02
3.731335699558258057e-02
-1.508181076496839523e-02
9.355509281158447266e-02
4.550780728459358215e-02
-3.022593818604946136e-02
-1.230362802743911743e-01
-1.394881457090377808e-01
-4.294443130493164062e-02
9.932616725564002991e-03
-1.036344766616821289e-01
-1.381061077117919922e-01
6.214053719304502010e-04
3.875736147165298462e-03
-5.161894019693136215e-03
-1.819961704313755035e-02
2.613186649978160858e-02
-1.357599510811269283e-03
9.938404895365238190e-03
1.852843612432479858e-01
1.157524511218070984e-01
-1.775368750095367432e-01
-5.502855777740478516e-02
3.408017754554748535e-02
-7.215545326471328735e-02
2.335326522588729858e-01
-9.558187425136566162e-02
7.770641893148422241e-02
-1.458077132701873779e-01
1.483174860477447510e-01
9.968017786741256714e-02
8.637132495641708374e-02
-6.229439377784729004e-02
-2.220225892961025238e-02
-2.645634673535823822e-02
-1.023628488183021545e-01
-7.291743904352188110e-02
-2.563953101634979248e-01
9.249272197484970093e-02
-8.816089481115341187e-02
5.915397033095359802e-02
-1.978479325771331787e-01
-8.739089220762252808e-02
-1.320180296897888184e-01
1.281431168317794800e-01
5.857741832733154297e-02
2.236636541783809662e-02
1.159882079809904099e-02
1.061766222119331360e-02
-7.077069580554962158e-02
-7.213991135358810425e-02
-1.011286154389381409e-01
-1.478582471609115601e-01
-5.443933233618736267e-02
-1.111660003662109375e-01
-1.367028653621673584e-01
3.137655183672904968e-02
1.897289976477622986e-02
1.312740296125411987e-01
1.182735189795494080e-01
4.742703959345817566e-02
-1.942292302846908569e-01
-2.345430292189121246e-02
-2.615923061966896057e-02
2.444100566208362579e-02
-1.387119442224502563e-01
-5.774394422769546509e-02
-4.581306502223014832e-02
6.916338461451232433e-04
7.909711450338363647e-02
-7.578071206808090210e-02
-1.497638672590255737e-01
-7.054439187049865723e-02
1.383812278509140015e-01
-3.619643300771713257e-02
6.925584375858306885e-02
1.748615354299545288e-01
7.978365570306777954e-02
6.606068462133407593e-02
1.917058229446411133e-02
-3.704851493239402771e-02
1.054730173200368881e-02
-6.811889261007308960e-02
-2.245069295167922974e-01
-6.360828131437301636e-02
-8.604357391595840454e-02
3.101215958595275879e-01
8.368881046772003174e-02
-9.452365338802337646e-02
7.555564492940902710e-02
2.464509755373001099e-01
-3.200918063521385193e-02
1.358990818262100220e-01
1.154422312974929810e-01
-5.411733314394950867e-02
6.463715434074401855e-02
2.466504089534282684e-02
1.934541612863540649e-01
9.818709641695022583e-02
9.914534538984298706e-02
-1.995247602462768555e-02
1.505196690559387207e-01
1.376900523900985718e-01
4.028107970952987671e-02
6.946581602096557617e-02
1.565627008676528931e-01
-1.029320880770683289e-01
-8.912670426070690155e-03
-2.704342268407344818e-02
1.799826771020889282e-01
-7.814799994230270386e-02
-2.014953196048736572e-01
1.187917813658714294e-01
-7.025783509016036987e-02
9.178225696086883545e-02
6.872779130935668945e-02
-1.189734488725662231e-01
-9.751937538385391235e-02
-3.675314784049987793e-02
2.163888700306415558e-02
-1.707701385021209717e-01
1.422597318887710571e-01
-8.446738123893737793e-02
-5.167544633150100708e-02
-3.414022549986839294e-02
-4.185993596911430359e-02
-9.742326289415359497e-02
-6.630089879035949707e-02
-4.428457003086805344e-03
-4.368945490568876266e-03
5.665487051010131836e-02
7.126973569393157959e-02
-6.395893543958663940e-02
2.273176908493041992e-01
1.304056197404861450e-01
9.447313100099563599e-02
1.194845233112573624e-02
7.187557965517044067e-02
-4.170497506856918335e-02
1.584180146455764771e-01
5.465813353657722473e-02
-2.365810871124267578e-01
1.483756154775619507e-01
-5.047762393951416016e-02
-1.695785224437713623e-01
3.052463056519627571e-03
-2.459160834550857544e-01
-3.761657699942588806e-02
1.202686801552772522e-01
9.867413341999053955e-02
1.162610799074172974e-01
3.252819553017616272e-02
1.995919039472937584e-03
-8.977086097002029419e-02
-4.099383205175399780e-02
6.043485924601554871e-02
5.996860191226005554e-02
