-9.844185551628470421e-04
8.716882765293121338e-02
3.088865987956523895e-02
2.933482825756072998e-02
-8.420196920633316040e-02
-3.984994813799858093e-02
-4.207357391715049744e-02
6.618734449148178101e-02
-2.286594659090042114e-01
1.263820915482938290e-03
-8.208002895116806030e-02
1.806940883398056030e-01
2.417383156716823578e-02
5.812987312674522400e-02
7.962605357170104980e-02
4.837339743971824646e-02
1.415556222200393677e-01
1.661275923252105713e-01
-3.502030298113822937e-02
-2.429561875760555267e-02
-5.753412842750549316e-02
-7.904975675046443939e-03
-7.454116642475128174e-02
6.342116743326187134e-02
9.253735840320587158e-02
-2.473558187484741211e-01
-5.194460973143577576e-02
-1.388235986232757568e-01
2.265111310407519341e-03
-1.260594725608825684e-01
4.940536338835954666e-03
1.409679651260375977e-01
-7.114219944924116135e-03
-1.051311269402503967e-01
-3.728237375617027283e-02
-1.098388656973838806e-01
1.948745995759963989e-01
1.201456785202026367e-01
-8.252877742052078247e-02
1.366431415081024170e-01
5.132370069622993469e-02
-6.595163792371749878e-02
-2.670458331704139709e-02
-1.376498788595199585e-01
-1.190335750579833984e-01
1.007635220885276794e-01
4.857887979596853256e-03
-4.908243939280509949e-02
7.627140730619430542e-02
9.916459769010543823e-02
2.362086437642574310e-02
-1.198200806975364685e-01
5.979119613766670227e-02
-1.134416013956069946e-01
-7.540326565504074097e-02
-1.035155449062585831e-02
2.381846904754638672e-01
2.136752456426620483e-01
-1.158211752772331238e-02
-5.583181977272033691e-02
4.623116983566433191e-04
-5.171884968876838684e-02
-9.379665553569793701e-02
2.450800389051437378e-01
4.171040281653404236e-02
3.981979191303253174e-02
-3.825748339295387268e-02
-1.064869984984397888e-01
-2.340169996023178101e-01
-1.533812880516052246e-01
9.647238254547119141e-02
-2.199690788984298706e-02
6.328301131725311279e-02
-1.363310962915420532e-01
-2.911322982981801033e-03
-3.781021758913993835e-02
-1.477623879909515381e-01
2.024055644869804382e-02
-1.009246036410331726e-01
9.841617196798324585e-02
1.738888770341873169e-02
1.238296553492546082e-01
-8.575126528739929199e-02
-1.397127360105514526e-01
-1.051052752882242203e-02
-2.756761014461517334e-02
2.582124434411525726e-02
6.295865774154663086e-02
4.376225546002388000e-02
-4.088430106639862061e-02
-7.427006214857101440e-02
-7.907187938690185547e-02
-2.211929298937320709e-02
1.850599050521850586e-01
2.398639917373657227e-03
5.001867562532424927e-02
-2.254831790924072266e-01
-1.675068438053131104e-01
7.885024696588516235e-02
-2.219104766845703125e-02
2.681986801326274872e-02
3.688826784491539001e-02
6.509620696306228638e-02
9.412116557359695435e-02
-1.623385995626449585e-01
2.016282640397548676e-02
-2.712235227227210999e-02
-1.177920680493116379e-02
9.602035395801067352e-03
2.815061248838901520e-02
3.783186897635459900e-02
-2.964391745626926422e-02
-8.322173357009887695e-02
-4.814558848738670349e-02
-7.405314594507217407e-02
1.799180805683135986e-01
-3.023186139762401581e-02
-1.138517186045646667e-01
1.431572902947664261e-02
1.119012665003538132e-02
