-1.015531197190284729e-01
-4.981554672122001648e-02
8.516807854175567627e-02
4.577283561229705811e-02
-1.329970657825469971e-01
2.976094186305999756e-02
-7.786002755165100098e-02
1.210886761546134949e-01
-7.164203375577926636e-02
1.148737668991088867e-01
6.209479644894599915e-02
6.799139082431793213e-02
3.024552464485168457e-01
-4.596602916717529297e-02
-1.619693785905838013e-01
1.252420097589492798e-01
-1.160689978860318661e-03
8.024538308382034302e-02
-3.858216851949691772e-02
-4.323942959308624268e-02
-6.696815043687820435e-02
1.044719852507114410e-02
-1.129685156047344208e-02
1.327305682934820652e-03
-9.260575473308563232e-02
-9.704727679491043091e-02
-1.002118587493896484e-01
5.192819237709045410e-02
-1.009147539734840393e-01
2.481442131102085114e-02
-1.881818622350692749e-01
5.837741494178771973e-02
-3.660347312688827515e-02
8.483390510082244873e-02
5.666157230734825134e-02
-2.575943805277347565e-02
-6.338118761777877808e-02
-2.746705152094364166e-02
-2.091123163700103760e-01
1.424008756875991821e-01
4.903641995042562485e-03
1.663168370723724365e-01
2.020027488470077515e-02
2.019392140209674835e-02
3.974426537752151489e-02
3.142852708697319031e-02
-1.396243870258331299e-01
-5.822871252894401550e-02
-5.144696217030286789e-03
-1.315412968397140503e-01
5.553751811385154724e-02
-6.420214660465717316e-03
-8.081799000501632690e-02
2.039890270680189133e-03
1.768345087766647339e-01
5.018770322203636169e-02
-9.682107716798782349e-02
5.386965349316596985e-02
4.338312521576881409e-02
9.826525300741195679e-02
1.337161511182785034e-01
1.438268870115280151e-01
9.816960245370864868e-02
-1.088092755526304245e-02
1.575277298688888550e-01
4.569063335657119751e-02
-1.262296289205551147e-01
-2.277427911758422852e-01
1.802800148725509644e-01
-3.249184414744377136e-02
-2.465762197971343994e-02
1.594816595315933228e-01
-2.865375578403472900e-02
-6.519862264394760132e-02
-5.293292924761772156e-02
-9.653515368700027466e-02
6.016917899250984192e-02
-2.697709761559963226e-02
7.811184227466583252e-02
-1.692797057330608368e-02
7.561432570219039917e-02
-6.679619848728179932e-02
6.113862618803977966e-02
-7.366462051868438721e-02
-4.084959626197814941e-03
-1.937386542558670044e-01
1.031385269016027451e-02
-1.281492561101913452e-01
-2.116432227194309235e-02
-5.747447162866592407e-02
2.758882939815521240e-02
-3.971554711461067200e-02
1.013993546366691589e-01
-1.264595389366149902e-01
-7.095947861671447754e-02
9.846317768096923828e-02
-1.345377415418624878e-01
8.634722232818603516e-02
3.986080642789602280e-03
-9.638916701078414917e-02
8.428922737948596478e-04
5.897584557533264160e-02
-8.447299897670745850e-02
6.867238320410251617e-03
-4.357534274458885193e-02
1.077670678496360779e-01
-1.520677562803030014e-02
2.813659422099590302e-02
1.407424658536911011e-01
3.830473870038986206e-03
8.171566575765609741e-02
-1.726989001035690308e-01
-6.576833780854940414e-03
-1.522492803633213043e-02
-1.006064787507057190e-01
-3.041210211813449860e-02
-3.114920295774936676e-02
3.724628314375877380e-02
1.841554045677185059e-02
4.202590510249137878e-02
7.762066554278135300e-03
-1.189699098467826843e-01
3.008558414876461029e-02
5.360016971826553345e-02
-1.276500374078750610e-01
1.467658132314682007e-01
3.220375254750251770e-02
-8.126457035541534424e-02
-5.426408722996711731e-02
2.024929039180278778e-02
1.387649625539779663e-01
1.267510652542114258e-01
-1.216701269149780273e-01
-5.523113533854484558e-02
3.172098100185394287e-01
-3.146989271044731140e-02
-6.897633522748947144e-02
9.426366537809371948e-02
-1.461329907178878784e-01
5.323571711778640747e-02
-4.405831173062324524e-02
-1.739594936370849609e-01
4.270546510815620422e-02
-8.975730836391448975e-02
6.047271564602851868e-02
-5.957111716270446777e-02
4.833232983946800232e-02
-1.274154637940227985e-03
-7.328908890485763550e-02
-7.655990123748779297e-02
4.863555356860160828e-02
-9.061001986265182495e-02
-1.448815315961837769e-01
1.833761669695377350e-02
4.721921682357788086e-02
1.870349496603012085e-01
9.357015788555145264e-02
-4.114633053541183472e-02
2.009288035333156586e-02
-7.812087982892990112e-02
2.265935949981212616e-02
3.653020784258842468e-02
1.215653568506240845e-01
1.994626373052597046e-01
-3.247938305139541626e-02
1.785091608762741089e-01
-2.450624108314514160e-02
1.049212832003831863e-02
-9.896276518702507019e-03
1.883935742080211639e-02
1.443533133715391159e-02
-2.297831140458583832e-02
-5.073264986276626587e-02
-1.352093070745468140e-01
2.706713415682315826e-02
-4.810958728194236755e-02
-7.295236736536026001e-02
-9.304209798574447632e-02
8.454627357423305511e-03
-2.722792699933052063e-02
-6.169163808226585388e-02
-8.310826867818832397e-02
-1.455757170915603638e-01
-7.373207062482833862e-02
7.202254235744476318e-02
-1.160130873322486877e-01
-4.292903933674097061e-03
3.169697150588035583e-02
7.118248194456100464e-02
-1.153231486678123474e-01
-9.845016896724700928e-02
-7.346672564744949341e-02
3.007107973098754883e-02
-1.925044953823089600e-01
1.568235009908676147e-01
4.411132261157035828e-02
5.380017682909965515e-02
-3.383998200297355652e-02
-3.649738430976867676e-02
1.280570328235626221e-01
-6.068496033549308777e-02
-4.998493473976850510e-03
-2.270791493356227875e-02
-6.971264630556106567e-02
-6.582053750753402710e-02
-8.326394855976104736e-02
1.663975231349468231e-02
-1.273113936185836792e-01
7.120061665773391724e-02
1.437620371580123901e-01
-1.173782628029584885e-02
-1.475141383707523346e-02
1.231471076607704163e-01
1.647808551788330078e-01
1.097728013992309570e-01
-1.990447193384170532e-02
2.488188445568084717e-02
-1.840116828680038452e-01
7.067867368459701538e-02
4.190574213862419128e-02
-9.451240301132202148e-02
2.322119288146495819e-02
1.222794800996780396e-01
-3.565448895096778870e-02
-1.263626068830490112e-01
9.215852618217468262e-02
2.319915592670440674e-01
2.322937697172164917e-01
-6.434766948223114014e-02
3.893965110182762146e-02
-2.776987254619598389e-01
-1.106370836496353149e-01
-8.371239155530929565e-02
6.920697540044784546e-02
1.251744478940963745e-01
1.820701509714126587e-01
-4.206463322043418884e-02
-1.502471268177032471e-01
-9.038287401199340820e-02
-1.380872577428817749e-01
-2.895941212773323059e-02
1.331235468387603760e-02
-8.000404387712478638e-02
-1.207126900553703308e-01
8.983719162642955780e-03
-3.485823795199394226e-02
-1.237055882811546326e-01
3.327600285410881042e-02
-8.681967109441757202e-02
-4.472915455698966980e-02
-1.981051862239837646e-01
-3.399600461125373840e-02
9.774667024612426758e-02
-6.743995845317840576e-02
-7.008125539869070053e-03
7.648013532161712646e-03
2.051956392824649811e-02
-1.370990127325057983e-01
-1.195269152522087097e-01
1.415752526372671127e-02
2.779147326946258545e-01
-3.519314154982566833e-02
1.094911247491836548e-01
-9.585922956466674805e-02
-8.761447854340076447e-03
-1.624204218387603760e-01
2.805473208427429199e-01
-9.979253262281417847e-02
2.186628133058547974e-01
1.988423019647598267e-01
-2.082495391368865967e-02
1.205886602401733398e-01
7.812718302011489868e-02
-7.472505420446395874e-02
1.434011757373809814e-01
-1.093661934137344360e-01
7.035564631223678589e-02
1.122224554419517517e-01
3.079626336693763733e-02
-9.067236632108688354e-02
5.838379263877868652e-02
4.940196499228477478e-02
-4.667576402425765991e-02
-5.125845223665237427e-02
-9.834482520818710327e-02
9.494338929653167725e-02
-1.509900838136672974e-01
4.897435754537582397e-02
2.111130952835083008e-01
2.312888205051422119e-02
1.077165827155113220e-01
2.027397453784942627e-01
1.309557724744081497e-02
-7.089819293469190598e-03
2.021135389804840088e-02
1.173553094267845154e-01
-8.873078972101211548e-02
7.546731084585189819e-02
-1.134581938385963440e-01
-9.278237819671630859e-02
-6.384300440549850464e-02
-4.161062091588973999e-02
-1.174316927790641785e-01
-7.578998804092407227e-03
-1.476185321807861328e-01
6.606952846050262451e-02
-1.064828559756278992e-01
3.310149535536766052e-02
1.381931751966476440e-01
-6.545716524124145508e-02
2.186468392610549927e-01
-5.192679166793823242e-02
-1.127741709351539612e-01
2.650119066238403320e-01
-1.450646370649337769e-01
-1.146221682429313660e-01
-3.829873353242874146e-02
-3.508530929684638977e-02
3.229301422834396362e-02
-1.053258553147315979e-01
1.660560518503189087e-01
1.050630584359169006e-01
-1.230782270431518555e-01
1.054942011833190918e-01
-3.880506381392478943e-02
9.177749603986740112e-02
5.694065615534782410e-02
-3.635950013995170593e-02
-6.531159579753875732e-02
1.483903974294662476e-01
1.137165948748588562e-01
-3.949227929115295410e-02
-4.550408944487571716e-02
-1.241027563810348511e-02
6.349401921033859253e-02
-6.028679758310317993e-02
-6.613253802061080933e-02
2.335935831069946289e-01
1.536945533007383347e-02
-1.819284558296203613e-01
-9.560380131006240845e-02
-1.069919615983963013e-01
1.260849237442016602e-01
-5.540170241147279739e-03
-1.917637437582015991e-01
1.184132248163223267e-01
-8.770587295293807983e-02
-4.920230805873870850e-02
1.577339619398117065e-01
4.826368764042854309e-02
-1.332481950521469116e-01
-1.678883433341979980e-01
-3.211504593491554260e-02
-9.763196110725402832e-03
-2.830107510089874268e-02
-1.275390088558197021e-01
2.043483546003699303e-03
-3.490975871682167053e-02
-6.468596309423446655e-02
4.348449781537055969e-02
-1.104699000716209412e-01
1.274878829717636108e-01
-9.165533632040023804e-02
8.731401711702346802e-02
-3.035181574523448944e-02
-9.974201768636703491e-02
1.678954623639583588e-02
1.145723555237054825e-02
8.431376889348030090e-03
8.634171634912490845e-02
-7.693249732255935669e-02
-1.184512488543987274e-02
-5.408852174878120422e-02
-3.027098812162876129e-02
-3.112083114683628082e-02
9.278581291437149048e-02
-1.701298914849758148e-02
-1.675756871700286865e-01
-7.839460158720612526e-04
-1.599855422973632812e-01
-1.774183958768844604e-01
-2.260521948337554932e-01
-1.790119707584381104e-01
2.347757667303085327e-01
-8.678431063890457153e-02
1.170299798250198364e-01
-1.050045043230056763e-01
2.096412181854248047e-01
5.566559359431266785e-02
-1.510265320539474487e-01
-4.836861416697502136e-02
1.207525283098220825e-01
-2.875315294659230858e-05
1.947456002235412598e-01
7.592969574034214020e-03
-1.230638027191162109e-01
-1.734166592359542847e-01
1.297986358404159546e-01
9.401013702154159546e-02
1.446468681097030640e-01
9.031140059232711792e-02
5.171128734946250916e-02
-1.274214684963226318e-01
-1.365175005048513412e-02
1.401206403970718384e-01
-5.536985024809837341e-02
1.293136328458786011e-01
-2.010045014321804047e-02
-7.036645710468292236e-02
-2.330228872597217560e-02
-5.459397658705711365e-02
1.549808531999588013e-01
-5.388075858354568481e-02
-1.924767345190048218e-01
2.205483149737119675e-03
-5.746966600418090820e-02
-8.474206179380416870e-02
8.547480404376983643e-02
1.735051535069942474e-02
-7.419013883918523788e-03
-1.636348217725753784e-01
1.779137998819351196e-01
-7.030078023672103882e-02
-3.926108032464981079e-02
5.877706035971641541e-02
9.284512698650360107e-02
5.167000368237495422e-02
-1.551249157637357712e-02
8.034081757068634033e-02
5.804280191659927368e-02
-2.260646410286426544e-02
1.025272160768508911e-01
-1.645680963993072510e-01
7.362066302448511124e-03
3.080488182604312897e-02
9.030883014202117920e-02
-6.253977864980697632e-02
7.281477749347686768e-02
5.744858644902706146e-03
7.615413516759872437e-02
7.963707298040390015e-02
-6.363194435834884644e-02
4.729410633444786072e-02
9.835012257099151611e-03
-1.311201304197311401e-01
-2.106501162052154541e-01
4.972573742270469666e-02
5.590499192476272583e-02
-5.480560660362243652e-02
1.510703004896640778e-02
