7.156227529048919678e-02
1.448109149932861328e-01
3.463814780116081238e-02
-8.072386682033538818e-02
1.810612715780735016e-02
-9.856044501066207886e-02
6.714648008346557617e-02
1.187390610575675964e-01
9.907981008291244507e-02
1.153151914477348328e-01
-1.335777938365936279e-01
-1.677893847227096558e-01
7.506839931011199951e-02
7.501758635044097900e-02
2.065904587507247925e-01
1.287483703345060349e-02
5.459390208125114441e-02
3.897225111722946167e-02
1.347851008176803589e-01
-8.116394281387329102e-02
-1.122364327311515808e-01
-1.922775954008102417e-01
4.138760268688201904e-02
-1.812645420432090759e-02
1.495457738637924194e-01
-9.682913869619369507e-02
4.374634008854627609e-03
1.748975813388824463e-01
6.334035098552703857e-02
-3.498755395412445068e-03
-6.934535503387451172e-02
-3.403745964169502258e-02
9.136923402547836304e-02
1.343976110219955444e-01
-2.093566767871379852e-02
-7.939672470092773438e-02
5.981120094656944275e-02
1.172361746430397034e-01
8.815155178308486938e-02
8.375723659992218018e-02
-6.305340677499771118e-02
9.188890689983963966e-04
-1.029416248202323914e-01
-1.163880825042724609e-01
3.430443629622459412e-02
2.088764915242791176e-03
-1.263539344072341919e-01
8.509047329425811768e-02
1.605184227228164673e-01
-1.985953748226165771e-01
1.100676786154508591e-02
-1.560895442962646484e-01
8.534955233335494995e-02
-6.035280227661132812e-02
-2.066877186298370361e-01
1.097658872604370117e-01
1.194428130984306335e-01
-1.452371329069137573e-01
1.651088520884513855e-02
-2.299463003873825073e-02
-2.988125197589397430e-02
3.047423996031284332e-02
-1.430909801274538040e-02
3.482784703373908997e-02
8.004845678806304932e-02
2.093689888715744019e-02
-1.170870065689086914e-01
-7.024913560599088669e-03
-1.077698394656181335e-01
-4.410179704427719116e-02
2.619990520179271698e-02
2.345205992460250854e-01
5.710596963763237000e-02
1.883923262357711792e-01
1.326525062322616577e-01
6.023014709353446960e-02
3.629159880802035332e-03
-8.836805820465087891e-03
-1.147058010101318359e-01
-2.286101458594202995e-03
7.012093067169189453e-02
-1.885147541761398315e-01
2.981226518750190735e-02
-9.262119978666305542e-02
1.117661148309707642e-01
4.200956597924232483e-02
-3.722096234560012817e-02
8.253117650747299194e-02
-6.670148577541112900e-03
8.564256876707077026e-02
5.956000089645385742e-02
4.096032306551933289e-02
1.887760870158672333e-02
3.654326871037483215e-02
-9.258569218218326569e-03
-1.189194917678833008e-01
-4.245969280600547791e-02
1.653778254985809326e-01
-8.191503584384918213e-02
1.478337198495864868e-01
2.160090021789073944e-02
-1.568880281411111355e-03
2.304122410714626312e-02
-1.421377807855606079e-01
-6.526789069175720215e-02
1.986435204744338989e-01
1.368634998798370361e-01
-3.526305407285690308e-02
-6.052647903561592102e-02
-1.605108678340911865e-01
9.493271261453628540e-02
-5.934841185808181763e-02
1.294861175119876862e-02
-4.879962280392646790e-02
7.883745431900024414e-02
-8.510308712720870972e-02
-2.814534679055213928e-02
-5.512711033225059509e-02
-8.761604875326156616e-02
5.997288227081298828e-02
