1.737714856863021851e-01
3.860954940319061279e-02
-2.486717998981475830e-01
4.098564013838768005e-02
6.741881370544433594e-02
5.983823537826538086e-02
1.393703091889619827e-02
5.162918195128440857e-02
-2.552141249179840088e-01
7.164139300584793091e-02
-4.244570806622505188e-02
-3.758789226412773132e-02
1.154774334281682968e-02
6.488215923309326172e-02
1.668831110000610352e-01
1.218939851969480515e-02
-1.604199260473251343e-01
-7.507218420505523682e-02
5.339286848902702332e-02
-3.268421441316604614e-02
9.729427099227905273e-02
-1.846168749034404755e-02
2.225814573466777802e-02
-2.121883444488048553e-02
5.114605184644460678e-03
-4.236645530909299850e-03
4.881562292575836182e-02
1.172161195427179337e-03
-7.383475452661514282e-02
-7.725098729133605957e-02
1.222806945443153381e-01
-1.347925215959548950e-01
1.107197552919387817e-01
-8.962257951498031616e-02
-2.200595103204250336e-02
1.059389393776655197e-02
-4.843870550394058228e-02
1.869274303317070007e-03
-1.566659063100814819e-01
-9.007445722818374634e-02
-1.042941957712173462e-02
-2.371737500652670860e-03
1.216346248984336853e-01
1.338177081197500229e-02
3.395470604300498962e-02
-1.266585588455200195e-01
2.727928571403026581e-02
-1.798032969236373901e-01
8.969833701848983765e-02
1.230801455676555634e-02
6.181429605931043625e-03
-1.046074256300926208e-01
-1.092088446021080017e-01
-2.720106206834316254e-02
1.113845109939575195e-01
-2.138132788240909576e-02
1.517866104841232300e-01
-9.394449740648269653e-02
5.470346286892890930e-02
-5.490855500102043152e-02
7.229881733655929565e-02
-1.274113506078720093e-01
-8.218838274478912354e-02
-8.022618293762207031e-02
4.952381923794746399e-02
-1.231477186083793640e-01
-5.947972461581230164e-02
1.476429551839828491e-01
1.235274299979209900e-01
-4.643293470144271851e-02
-1.022138372063636780e-01
2.293621152639389038e-01
8.148772269487380981e-02
1.080751195549964905e-01
1.070886626839637756e-01
-1.257886458188295364e-02
1.845252811908721924e-01
7.508523762226104736e-02
2.789167128503322601e-02
-8.852087706327438354e-02
-3.420182317495346069e-02
8.827848359942436218e-03
1.860620267689228058e-02
1.531319227069616318e-02
6.924279779195785522e-02
2.723255194723606110e-02
1.071681901812553406e-01
4.222353920340538025e-02
9.338732925243675709e-04
1.159360781311988831e-01
-1.905625015497207642e-01
1.096739694476127625e-01
1.053799688816070557e-02
-6.872352212667465210e-02
3.156270831823348999e-02
1.161513850092887878e-01
1.521258801221847534e-01
-9.770940244197845459e-02
1.223955862224102020e-02
1.020087152719497681e-01
3.461944684386253357e-02
-8.927427977323532104e-02
-5.485791712999343872e-02
1.731592714786529541e-01
1.650708541274070740e-02
-2.634493112564086914e-01
6.504733115434646606e-02
1.442049592733383179e-01
-1.089031100273132324e-01
6.848361343145370483e-02
1.632725447416305542e-02
-2.550484053790569305e-02
8.837072551250457764e-02
-5.543170496821403503e-02
-2.525030635297298431e-02
-1.293045133352279663e-01
6.397679448127746582e-02
-8.244279772043228149e-02
-6.940793246030807495e-02
1.357339620590209961e-01
3.097482398152351379e-02
-4.709146916866302490e-03
2.543058060109615326e-02
-1.080878153443336487e-01
-5.873544141650199890e-02
-1.222412735223770142e-01
-1.060696411877870560e-02
2.284701913595199585e-02
-2.608346007764339447e-02
7.855218648910522461e-02
-6.515244394540786743e-02
1.384086906909942627e-02
-1.503644138574600220e-01
-4.920857772231101990e-02
1.362975835800170898e-01
1.892696134746074677e-02
-1.867756433784961700e-02
9.226443618535995483e-02
1.216244325041770935e-01
8.401318639516830444e-02
2.875931002199649811e-02
-3.529521077871322632e-02
5.527690798044204712e-02
-9.460277110338211060e-02
-6.168318539857864380e-02
1.483390778303146362e-01
-1.397447735071182251e-01
-2.125125192105770111e-02
-1.194518208503723145e-01
7.618173211812973022e-02
-6.234990432858467102e-02
9.230270236730575562e-02
1.185472961515188217e-02
6.168624386191368103e-02
-1.036686673760414124e-01
9.747876971960067749e-02
5.349366739392280579e-02
-2.218662761151790619e-02
-4.295687004923820496e-02
1.091978475451469421e-01
-2.068397030234336853e-02
-1.466913968324661255e-01
6.341408193111419678e-02
-1.665465533733367920e-02
6.934551149606704712e-02
2.256870716810226440e-01
-2.665503136813640594e-02
8.114977926015853882e-02
2.885429374873638153e-02
1.579565703868865967e-01
-4.144957289099693298e-02
2.688278853893280029e-01
-1.326134502887725830e-01
-1.613325476646423340e-01
-5.854607373476028442e-02
7.010664790868759155e-02
-1.504510343074798584e-01
-3.252648934721946716e-02
-5.177931115031242371e-02
-8.157612383365631104e-02
-8.674592524766921997e-02
5.207834392786026001e-02
-1.266413182020187378e-01
1.451745815575122833e-02
-4.021316394209861755e-02
1.110989376902580261e-01
3.124063648283481598e-02
-9.640186280012130737e-02
8.737239241600036621e-02
-1.902508139610290527e-01
1.211486607789993286e-01
1.400061100721359253e-01
8.335884660482406616e-02
-1.954624652862548828e-01
8.313329890370368958e-03
-4.844123125076293945e-02
7.491654902696609497e-02
-1.662530452013015747e-01
1.035306602716445923e-01
7.462040334939956665e-02
-2.868157997727394104e-02
-3.349364921450614929e-02
-2.348699420690536499e-02
-4.852946847677230835e-02
-5.523232370615005493e-02
9.056085348129272461e-02
-7.797294296324253082e-03
-1.255154795944690704e-02
1.050875112414360046e-01
-5.321398004889488220e-02
-2.166528999805450439e-02
2.586012147367000580e-02
1.648525707423686981e-02
2.039194852113723755e-01
-1.891117915511131287e-02
4.619858041405677795e-02
-1.485877037048339844e-01
3.852658718824386597e-02
-5.674498900771141052e-02
4.097861796617507935e-02
-9.411377459764480591e-02
1.706108301877975464e-01
6.199389696121215820e-02
-5.104773864150047302e-02
7.832195609807968140e-02
-1.921437121927738190e-02
1.412653625011444092e-01
2.775441668927669525e-02
1.419433951377868652e-01
-4.645549505949020386e-02
-4.067058116197586060e-02
-4.656727612018585205e-02
-4.336818121373653412e-03
4.483129456639289856e-02
1.459462475031614304e-02
1.274409890174865723e-01
2.071693688631057739e-01
-6.617887411266565323e-03
1.849372312426567078e-02
1.808736845850944519e-02
-8.616102486848831177e-02
3.264420852065086365e-02
-1.049611717462539673e-01
-4.503178969025611877e-02
-5.422514304518699646e-02
4.905322566628456116e-02
-1.060418710112571716e-01
2.524383962154388428e-01
-2.146645337343215942e-01
-1.656290590763092041e-01
-2.539730630815029144e-02
-7.358438521623611450e-02
-1.507796198129653931e-01
4.316749796271324158e-02
9.724452346563339233e-02
9.554658085107803345e-02
1.248631477355957031e-01
-1.174226999282836914e-01
-8.869475871324539185e-02
1.156006846576929092e-02
3.035189509391784668e-01
-1.251810640096664429e-01
-4.434668272733688354e-02
1.271229535341262817e-01
2.424011472612619400e-03
4.228833690285682678e-02
3.899414837360382080e-02
9.446986019611358643e-02
7.173571735620498657e-02
-2.519347369670867920e-01
2.367965877056121826e-02
-7.517061661928892136e-03
2.558143734931945801e-01
7.261842489242553711e-02
-5.405481532216072083e-02
-5.208927392959594727e-02
-1.265159249305725098e-01
9.424474090337753296e-02
4.502238333225250244e-02
-1.105951070785522461e-01
6.403803080320358276e-02
1.175479516386985779e-01
-3.609748184680938721e-02
7.191474735736846924e-02
-8.309423923492431641e-02
-1.372055429965257645e-02
1.676331609487533569e-01
-7.567777484655380249e-02
2.821862697601318359e-02
1.043486818671226501e-01
1.604307256639003754e-02
-2.625716105103492737e-02
-6.659092754125595093e-02
1.832406036555767059e-02
-3.078832030296325684e-01
5.069669336080551147e-03
2.037388458847999573e-02
-1.409458965063095093e-01
-1.163730546832084656e-01
-1.454760879278182983e-01
-1.379772573709487915e-01
-4.286810383200645447e-02
-3.778252750635147095e-02
3.045415878295898438e-02
1.462391316890716553e-01
-2.351019345223903656e-02
-6.378082185983657837e-02
-1.024282947182655334e-01
3.991398587822914124e-02
2.664227485656738281e-01
7.847508043050765991e-02
-2.020379155874252319e-02
-9.490306675434112549e-02
-2.172801271080970764e-02
9.467484802007675171e-02
1.729733683168888092e-02
8.326434344053268433e-02
-9.183458238840103149e-02
-3.553241118788719177e-02
-4.202349856495857239e-02
-1.809867285192012787e-02
-8.095205575227737427e-02
-8.229912072420120239e-02
2.843227423727512360e-02
5.289591103792190552e-02
1.782396286725997925e-01
-4.372362792491912842e-02
-1.276832725852727890e-02
-7.565577514469623566e-03
4.065190628170967102e-02
1.354768872261047363e-01
-1.656373031437397003e-02
2.118831686675548553e-02
1.937532983720302582e-02
-1.009242907166481018e-01
2.054525306448340416e-03
-1.472531408071517944e-01
-1.276927739381790161e-01
7.153289765119552612e-02
-8.420359343290328979e-02
-3.449488803744316101e-02
8.336796611547470093e-02
4.537680372595787048e-02
-4.147600755095481873e-02
4.776218906044960022e-02
-6.370904296636581421e-02
9.902451932430267334e-02
1.845672726631164551e-01
-1.035360991954803467e-02
-5.173710733652114868e-02
1.361844390630722046e-01
2.234471589326858521e-01
1.213304549455642700e-01
-8.014077693223953247e-02
-1.100801602005958557e-01
-7.032696902751922607e-02
-1.219387874007225037e-01
9.019797295331954956e-02
1.151933893561363220e-02
-5.649514496326446533e-03
-2.231061272323131561e-02
1.037573367357254028e-01
1.349572837352752686e-01
-1.897981613874435425e-01
-5.492067430168390274e-04
1.207977458834648132e-01
-1.452471166849136353e-01
1.500590890645980835e-01
1.088649034500122070e-01
-1.646874099969863892e-01
9.957513958215713501e-02
5.380355194211006165e-02
8.948522619903087616e-03
7.404316216707229614e-02
7.724287360906600952e-02
-1.100635435432195663e-02
-2.090461924672126770e-02
6.725145131349563599e-02
-7.301677763462066650e-02
-1.361122131347656250e-01
-2.787425927817821503e-02
-1.079135295003652573e-02
-4.083309695124626160e-02
1.062435004860162735e-02
-1.205373629927635193e-01
1.181256305426359177e-02
7.998042553663253784e-02
-1.111653819680213928e-01
-1.810052543878555298e-01
-2.450260221958160400e-01
-1.063539013266563416e-01
-1.763148419559001923e-02
-6.003854796290397644e-02
4.610897600650787354e-02
8.677940070629119873e-02
-7.387612015008926392e-02
-1.824052333831787109e-01
2.080295234918594360e-02
6.474283337593078613e-02
4.392870515584945679e-02
-1.612028330564498901e-01
1.690915673971176147e-01
9.834332764148712158e-02
1.670492291450500488e-01
-1.228528991341590881e-01
-8.065260946750640869e-02
-1.800512894988059998e-02
-2.904042303562164307e-01
-3.229947015643119812e-02
6.417279690504074097e-02
1.228407025337219238e-03
1.302194148302078247e-01
-1.952482271008193493e-03
-1.429124772548675537e-01
-9.022265672683715820e-02
-1.103337779641151428e-01
2.005230449140071869e-02
1.232360824942588806e-01
7.677822560071945190e-02
1.113378722220659256e-02
1.449984312057495117e-01
1.119065061211585999e-01
1.268808692693710327e-01
2.309051007032394409e-01
3.695500642061233521e-02
-5.147602036595344543e-02
8.485218137502670288e-02
-8.351475000381469727e-02
5.781767889857292175e-02
-5.618466064333915710e-02
1.639338582754135132e-01
7.705719769001007080e-02
-1.110718473792076111e-01
-2.264016494154930115e-02
-1.264744549989700317e-01
4.124867171049118042e-02
5.269135162234306335e-02
-9.824308007955551147e-02
-7.765190303325653076e-02
2.349523752927780151e-01
-4.595046862959861755e-02
-7.375463098287582397e-02
1.291957795619964600e-01
9.523439407348632812e-02
-6.968636810779571533e-02
1.962712593376636505e-02
-1.966218464076519012e-02
-9.044410288333892822e-02
8.179128170013427734e-02
-6.297903507947921753e-02
