4.202568903565406799e-02
1.010099574923515320e-01
-1.095426827669143677e-01
8.177743107080459595e-02
1.596774160861968994e-01
5.206971243023872375e-02
-8.163696527481079102e-02
1.311341580003499985e-02
-1.205978319048881531e-01
-9.971157461404800415e-02
1.032834779471158981e-02
1.468090116977691650e-01
5.626472830772399902e-02
-2.545237308368086815e-03
-6.355219334363937378e-02
5.871842056512832642e-02
-1.076599135994911194e-01
9.002280235290527344e-02
7.040020078420639038e-02
-1.465755514800548553e-03
-1.031557545065879822e-01
6.299825757741928101e-02
-3.529199957847595215e-01
-1.371907740831375122e-01
-1.088261231780052185e-01
-1.279882062226533890e-02
-1.216132193803787231e-03
1.536673605442047119e-01
2.148052453994750977e-01
-1.478559225797653198e-01
1.300647407770156860e-01
4.495591670274734497e-02
-2.922687446698546410e-03
-6.353560090065002441e-02
1.458004564046859741e-01
-1.176020130515098572e-01
8.428617566823959351e-02
-4.337044432759284973e-03
-9.349509328603744507e-02
1.416761726140975952e-01
1.653378456830978394e-01
7.453170418739318848e-02
4.034293815493583679e-02
7.834003865718841553e-02
-1.080185920000076294e-01
-3.009851835668087006e-02
-7.847570814192295074e-03
5.729122087359428406e-02
-9.130244702100753784e-02
1.114768981933593750e-01
-1.266193687915802002e-01
1.803943216800689697e-01
2.098167128860950470e-02
-1.586055308580398560e-01
-8.101487904787063599e-02
3.055993281304836273e-02
5.570093542337417603e-02
-3.759914264082908630e-02
1.233854889869689941e-01
9.947355091571807861e-02
-2.055529691278934479e-02
-9.796322323381900787e-03
-1.234214082360267639e-01
-4.166958481073379517e-02
1.171896979212760925e-01
2.307918369770050049e-01
5.042096972465515137e-02
-1.284747105091810226e-02
-1.904562562704086304e-01
-3.055932559072971344e-02
-1.862571388483047485e-02
2.549970522522926331e-02
-1.221799775958061218e-01
-1.365143060684204102e-01
1.918089538812637329e-01
-1.123556401580572128e-02
4.275707900524139404e-02
-1.134128775447607040e-02
1.573392003774642944e-01
-1.407844573259353638e-01
2.972000651061534882e-02
-1.445771008729934692e-01
1.163475140929222107e-01
-6.633513420820236206e-02
1.861860901117324829e-01
-6.631609797477722168e-02
-3.859813511371612549e-02
-1.624267548322677612e-01
-1.625662297010421753e-01
-1.299404650926589966e-01
-4.090987890958786011e-02
1.047867089509963989e-01
9.502535313367843628e-02
2.025620490312576294e-01
-9.175852686166763306e-02
5.923616886138916016e-02
-8.667367696762084961e-02
-6.765063852071762085e-02
-7.603805512189865112e-02
-6.107227876782417297e-02
6.341097503900527954e-02
4.106299951672554016e-02
7.086934894323348999e-02
-1.741398274898529053e-01
-1.022109985351562500e-01
3.681784495711326599e-02
-7.441895455121994019e-02
8.241876214742660522e-02
1.521942298859357834e-02
-6.907631456851959229e-02
-5.424375087022781372e-02
-6.496208161115646362e-02
-2.405650168657302856e-02
1.524800714105367661e-02
-1.731073111295700073e-01
-1.110007539391517639e-01
-1.527753658592700958e-02
1.044067665934562683e-01
1.202146871946752071e-03
-6.568643450736999512e-02
