1.272753626108169556e-01
-1.495433300733566284e-01
1.318072974681854248e-01
-5.356311425566673279e-02
-6.063288450241088867e-02
1.293141692876815796e-01
-2.169203071389347315e-04
-2.209199666976928711e-01
-7.564673572778701782e-02
-1.231263279914855957e-01
-1.176431179046630859e-01
1.777408868074417114e-01
-1.459757536649703979e-01
1.364765167236328125e-01
6.278165429830551147e-02
-6.316891312599182129e-02
-1.900227516889572144e-01
-1.354367583990097046e-01
-8.386192470788955688e-02
-1.225385069847106934e-01
1.464255303144454956e-01
-9.337978810071945190e-02
-5.987920984625816345e-02
4.454106464982032776e-02
-5.694909021258354187e-02
-1.537424791604280472e-02
3.292892128229141235e-02
4.941803216934204102e-02
5.938450619578361511e-02
5.110003426671028137e-02
3.943066671490669250e-02
1.489837616682052612e-01
1.689078472554683685e-02
5.902127549052238464e-02
-1.291569471359252930e-01
7.809593807905912399e-03
-2.464627474546432495e-02
-9.140123613178730011e-03
1.298010647296905518e-01
8.060938119888305664e-02
-3.742772713303565979e-02
-2.644425928592681885e-01
-1.333609670400619507e-01
-7.167764753103256226e-02
1.552567929029464722e-01
-1.922776848077774048e-01
4.612360522150993347e-02
1.018737256526947021e-02
4.595764726400375366e-02
-1.040315032005310059e-01
7.303621619939804077e-02
5.789540591649711132e-04
-3.564291074872016907e-02
1.054505631327629089e-01
1.046041026711463928e-01
-7.770533114671707153e-02
1.008469238877296448e-01
-3.032872453331947327e-02
1.226668711751699448e-02
2.896131947636604309e-02
8.815634064376354218e-03
-1.528940200805664062e-01
5.599454045295715332e-02
-5.738298967480659485e-02
-1.841508001089096069e-01
-7.990415394306182861e-02
-2.387880831956863403e-01
-1.085924133658409119e-01
2.125086262822151184e-02
-1.015283390879631042e-01
8.709054440259933472e-03
7.021286338567733765e-02
-4.883685708045959473e-02
-7.161174714565277100e-02
-4.240925237536430359e-02
3.121917881071567535e-02
-1.443198174238204956e-01
2.676111273467540741e-02
1.081710234284400940e-01
-1.046130210161209106e-01
-8.905945718288421631e-02
-1.781717538833618164e-01
-3.039135364815592766e-03
-2.438219264149665833e-02
-6.643318384885787964e-02
8.483541011810302734e-02
-1.576166003942489624e-01
-1.639504730701446533e-02
4.436771944165229797e-02
1.903006136417388916e-01
-4.740764945745468140e-02
-1.545625738799571991e-03
1.145744100213050842e-01
1.142783761024475098e-01
-6.257787346839904785e-02
8.151541650295257568e-02
1.801757365465164185e-01
2.006239816546440125e-02
1.454187482595443726e-01
-1.529739797115325928e-01
1.442074030637741089e-01
2.611399162560701370e-03
-1.962302029132843018e-01
1.022294629365205765e-02
4.923102259635925293e-02
-8.648948371410369873e-02
-1.709426045417785645e-01
7.521650940179824829e-02
9.185022115707397461e-02
-1.022920981049537659e-01
6.403880566358566284e-02
-2.797210216522216797e-02
-1.617187857627868652e-01
-8.908040076494216919e-02
1.694793701171875000e-01
-1.319945901632308960e-01
-2.404838055372238159e-01
-3.193103522062301636e-02
-1.122600361704826355e-01
-1.935647428035736084e-01
1.598074287176132202e-01
6.422370672225952148e-03
-3.892234712839126587e-02
5.128157138824462891e-02
7.501047849655151367e-02
3.505986183881759644e-02
4.674623534083366394e-02
1.952926814556121826e-02
5.476892739534378052e-02
-2.155463993549346924e-01
-3.490193933248519897e-02
-9.756510704755783081e-02
-1.006392985582351685e-01
4.930967092514038086e-02
-5.408978089690208435e-02
-7.296874374151229858e-02
5.559285357594490051e-02
3.118173778057098389e-02
-6.843005865812301636e-02
-3.148006275296211243e-02
-2.124653905630111694e-01
5.957512184977531433e-02
1.875687763094902039e-02
-3.899389132857322693e-02
-6.510549038648605347e-02
6.627411395311355591e-02
-3.735349327325820923e-02
-2.024938724935054779e-02
-7.765214890241622925e-02
4.417261481285095215e-02
2.187376767396926880e-01
-5.471188947558403015e-02
-1.563550555147230625e-03
-9.781195968389511108e-02
-1.406962722539901733e-01
1.367025971412658691e-01
9.051664173603057861e-02
1.930891349911689758e-02
-6.172338873147964478e-02
8.881419897079467773e-02
6.505946069955825806e-02
-9.522686153650283813e-02
1.045602187514305115e-02
1.294839084148406982e-01
-6.633038818836212158e-02
7.701305299997329712e-02
6.189706921577453613e-02
-1.394787728786468506e-01
1.708216220140457153e-01
-9.459815919399261475e-02
1.458716392517089844e-01
6.803632527589797974e-02
1.526871919631958008e-01
1.270379126071929932e-01
-3.808547556400299072e-02
-8.899336308240890503e-02
-4.523538053035736084e-02
9.383950382471084595e-02
-1.588390767574310303e-01
4.941543564200401306e-02
-1.879277266561985016e-02
-1.579727232456207275e-01
1.063442751765251160e-01
-2.182514220476150513e-02
-9.423018246889114380e-02
3.404089435935020447e-02
-1.485958695411682129e-01
-1.901870779693126678e-02
1.726787351071834564e-02
2.678067088127136230e-01
-2.304069697856903076e-02
-4.006890580058097839e-02
-2.260330021381378174e-01
-1.831194609403610229e-01
-9.058029949665069580e-02
-3.369633853435516357e-02
1.836798898875713348e-02
-1.143009588122367859e-01
-1.502275615930557251e-01
6.070340797305107117e-02
9.396421909332275391e-02
-1.250684708356857300e-01
1.603605598211288452e-01
-3.420455381274223328e-02
3.616263717412948608e-02
8.499566465616226196e-02
-1.522997859865427017e-03
4.610043950378894806e-03
1.823138073086738586e-02
5.811909586191177368e-02
1.664557680487632751e-02
1.354883164167404175e-01
2.000941336154937744e-02
1.337451785802841187e-01
-3.606124967336654663e-02
1.185406558215618134e-02
-1.104381829500198364e-01
3.713530674576759338e-02
1.502728313207626343e-01
5.026978999376296997e-02
2.465892285108566284e-01
-1.121556684374809265e-01
-8.685760200023651123e-02
-3.979435190558433533e-02
1.412001103162765503e-01
2.906775176525115967e-01
-1.585512459278106689e-01
-3.919759765267372131e-03
-2.464968152344226837e-02
5.099387094378471375e-02
-1.446854621171951294e-01
-6.110952049493789673e-02
4.251693934202194214e-02
1.080195903778076172e-01
-6.824452430009841919e-02
5.654528364539146423e-02
1.533895637840032578e-02
-1.361504644155502319e-01
-1.393720358610153198e-01
-1.170396581292152405e-01
-1.233504563570022583e-01
1.578020006418228149e-01
-6.727667897939682007e-02
-2.376122586429119110e-02
1.242085322737693787e-01
2.807369641959667206e-02
2.641218006610870361e-01
3.804157674312591553e-02
-9.229924529790878296e-02
7.251282036304473877e-02
-9.956797212362289429e-02
-1.334458887577056885e-01
-1.311781257390975952e-01
-1.550025939941406250e-01
2.518601715564727783e-02
-5.683240294456481934e-02
-9.110528975725173950e-02
-1.891701668500900269e-01
1.406443119049072266e-02
-1.008908078074455261e-01
7.347646355628967285e-02
-1.381544917821884155e-01
-6.846363842487335205e-02
-1.604780182242393494e-02
1.300054788589477539e-01
1.849668845534324646e-02
-1.224235519766807556e-01
4.493505880236625671e-02
-3.452166542410850525e-02
-4.231233615428209305e-04
4.089806601405143738e-02
4.794292151927947998e-02
3.210505470633506775e-02
6.137185171246528625e-02
7.734519243240356445e-02
7.271756883710622787e-03
2.138649523258209229e-01
4.505434259772300720e-02
-2.561271190643310547e-02
1.110660210251808167e-01
-1.282079964876174927e-01
-2.060826495289802551e-02
4.039312526583671570e-02
1.002260819077491760e-01
2.487175352871417999e-02
-2.093216180801391602e-01
7.592309266328811646e-02
-1.279589682817459106e-01
1.724162995815277100e-01
-4.163112491369247437e-02
3.688661381602287292e-02
1.608410328626632690e-01
-6.951493769884109497e-02
1.394505202770233154e-01
-1.094066724181175232e-01
4.072005301713943481e-02
5.298871546983718872e-02
6.249457597732543945e-02
-1.001674905419349670e-01
-7.199113070964813232e-02
2.115916311740875244e-01
-2.406996935606002808e-01
3.201848641037940979e-02
-1.164962276816368103e-01
-1.318101584911346436e-02
-1.829297989606857300e-01
-3.077409230172634125e-02
-1.387465596199035645e-01
-1.797894835472106934e-01
3.783924970775842667e-03
5.434667691588401794e-02
1.166638955473899841e-01
-1.102080866694450378e-01
1.261130422353744507e-01
-4.653072729706764221e-02
-5.723240599036216736e-02
1.001945957541465759e-01
-3.077690303325653076e-02
-6.044244393706321716e-02
-5.511963367462158203e-02
-1.849565654993057251e-03
1.439953893423080444e-01
4.947596415877342224e-02
-2.740201354026794434e-02
1.083180308341979980e-01
2.214908450841903687e-01
-5.013490840792655945e-02
-1.819822490215301514e-01
4.531334713101387024e-02
-6.613798439502716064e-02
1.076452136039733887e-01
-2.014353722333908081e-01
2.145146131515502930e-01
-3.620075434446334839e-02
9.478704072535037994e-03
-2.021387778222560883e-02
1.559069603681564331e-01
-3.430860862135887146e-02
-7.721754163503646851e-02
-9.474471956491470337e-02
4.444451630115509033e-02
2.896581031382083893e-02
1.830873787403106689e-01
7.730491459369659424e-03
6.052464991807937622e-02
-3.105230396613478661e-03
-1.815282367169857025e-02
-3.204002231359481812e-02
-1.686768233776092529e-01
1.228068619966506958e-01
-4.499930515885353088e-02
1.025806069374084473e-01
2.862217836081981659e-02
-9.183035790920257568e-02
-4.985028505325317383e-02
7.535696774721145630e-02
1.358177214860916138e-01
4.147407039999961853e-02
8.615824580192565918e-02
-1.187294907867908478e-02
7.532171159982681274e-02
-8.947050571441650391e-02
7.109942287206649780e-02
1.009850725531578064e-01
-1.309420317411422729e-01
2.134224921464920044e-01
9.497200697660446167e-02
1.407729741185903549e-02
-5.301338061690330505e-02
7.210914045572280884e-03
-1.095281466841697693e-01
3.838901221752166748e-02
2.358812093734741211e-02
-3.596559911966323853e-02
1.972180157899856567e-01
-1.386154890060424805e-01
-9.721400588750839233e-02
7.626796513795852661e-02
-4.479705542325973511e-02
1.414953917264938354e-01
-6.291743367910385132e-02
1.251002550125122070e-01
2.000420354306697845e-02
1.257175486534833908e-02
-4.913741722702980042e-02
-7.483402639627456665e-02
-4.952235519886016846e-02
3.273522853851318359e-02
-1.970566995441913605e-02
-8.109298348426818848e-02
8.480686694383621216e-02
-7.247339189052581787e-02
1.866404265165328979e-01
1.259112358093261719e-01
1.535189598798751831e-01
1.921056360006332397e-01
-1.819982193410396576e-02
1.536109149456024170e-01
-5.873497202992439270e-02
2.463280595839023590e-02
-1.778831779956817627e-01
1.079548150300979614e-01
1.578502953052520752e-01
-1.955541037023067474e-02
1.113930940628051758e-01
-9.494011849164962769e-02
-2.267584018409252167e-02
-4.081582278013229370e-02
-1.098144333809614182e-02
-1.230215206742286682e-01
6.324152648448944092e-02
-1.660089823417365551e-03
-2.418853342533111572e-02
1.775975525379180908e-02
-7.996452599763870239e-02
-3.893867135047912598e-02
1.854360848665237427e-02
-6.545905023813247681e-02
3.251003473997116089e-02
1.192946359515190125e-01
4.781300947070121765e-02
-1.204153820872306824e-01
-1.165125370025634766e-01
1.423458289355039597e-02
2.089447081089019775e-01
-1.352393478155136108e-01
-6.128636747598648071e-02
1.915855258703231812e-01
4.952204599976539612e-02
-4.603805392980575562e-02
8.018720895051956177e-02
2.062421664595603943e-02
-2.912402711808681488e-02
-5.145835876464843750e-02
1.285793930292129517e-01
-1.109116300940513611e-01
6.232833489775657654e-02
-7.909682393074035645e-02
-3.006658330559730530e-02
-9.119719266891479492e-02
1.175344362854957581e-01
3.266866132616996765e-02
-6.504575163125991821e-02
-5.284037813544273376e-02
-7.158721238374710083e-02
5.052578076720237732e-02
3.115016594529151917e-02
-1.097128354012966156e-02
9.626433998346328735e-02
6.730179488658905029e-02
