-8.429143577814102173e-02
-3.001804091036319733e-02
5.051860585808753967e-03
1.122491285204887390e-01
-1.709032207727432251e-01
-8.156615309417247772e-03
2.397348172962665558e-02
-2.255186438560485840e-02
-2.148927375674247742e-02
1.587081849575042725e-01
1.238264068961143494e-01
-9.222397208213806152e-02
-7.616384327411651611e-02
-3.950587008148431778e-03
-6.811172515153884888e-02
-9.576839208602905273e-02
3.065419197082519531e-02
-8.145339041948318481e-02
-1.235884055495262146e-01
1.021497398614883423e-01
-7.899830490350723267e-02
1.611504517495632172e-02
1.276237666606903076e-01
-1.726558804512023926e-01
-4.945420473814010620e-02
-7.818213105201721191e-02
-4.661565646529197693e-02
-7.347673177719116211e-02
1.100865527987480164e-01
-6.727907061576843262e-02
3.806035220623016357e-02
-2.009475827217102051e-01
1.414297223091125488e-01
-5.394504964351654053e-02
-1.311920732259750366e-01
7.403472810983657837e-02
1.299965381622314453e-01
-3.287718817591667175e-02
1.217598319053649902e-01
5.346388369798660278e-02
-1.370876580476760864e-01
9.373887628316879272e-02
-5.132532119750976562e-02
4.793832451105117798e-02
2.954302169382572174e-02
5.850192531943321228e-02
-2.932508848607540131e-02
-2.446302585303783417e-02
5.227245390415191650e-02
1.469884663820266724e-01
-9.846667945384979248e-02
-4.724743310362100601e-03
1.685672849416732788e-01
2.457767352461814880e-02
6.331016775220632553e-04
5.276178568601608276e-02
3.138357773423194885e-02
-1.116286814212799072e-01
-2.533827722072601318e-02
-2.109261006116867065e-01
-9.752658754587173462e-02
-5.470325239002704620e-03
-1.904285326600074768e-02
-2.936274372041225433e-02
1.342831254005432129e-01
3.192513436079025269e-02
-1.011814773082733154e-01
-3.077975474298000336e-03
-6.015378981828689575e-02
-5.798875913023948669e-02
-1.021134033799171448e-01
-5.583244189620018005e-02
1.690084636211395264e-01
-1.509090214967727661e-01
-1.297898590564727783e-01
-2.834396809339523315e-02
-2.272877991199493408e-01
4.088463261723518372e-02
-9.742322564125061035e-02
9.309777058660984039e-03
-2.429423667490482330e-02
8.948021382093429565e-02
-3.146652877330780029e-02
-6.844700127840042114e-02
7.366811484098434448e-02
2.022399194538593292e-02
6.660834420472383499e-03
6.027455627918243408e-02
1.696872413158416748e-01
-3.153248503804206848e-02
-8.223608881235122681e-02
1.542655825614929199e-01
-2.691579423844814301e-02
2.869571559131145477e-02
-1.369070820510387421e-02
-7.176748663187026978e-02
-1.114921346306800842e-01
6.892478466033935547e-02
1.020646095275878906e-01
1.840875484049320221e-02
-1.130361668765544891e-02
-9.633373469114303589e-02
4.424059763550758362e-02
-8.432785421609878540e-02
-5.424309894442558289e-02
-1.463061477988958359e-02
-2.293108589947223663e-02
1.583322286605834961e-01
2.248395234346389771e-02
-8.744670078158378601e-03
2.383391000330448151e-02
-1.550647318363189697e-01
-2.470823004841804504e-03
-9.546280652284622192e-02
-4.215472936630249023e-02
-8.338805288076400757e-02
-8.035804331302642822e-02
-7.273638993501663208e-02
1.557158976793289185e-01
-8.109857141971588135e-02
