-1.054655089974403381e-01
-3.679043799638748169e-02
4.393765237182378769e-03
2.108253771439194679e-03
-2.904885262250900269e-02
-1.395434513688087463e-02
1.466395556926727295e-01
8.829200267791748047e-02
6.165422499179840088e-02
4.101033881306648254e-02
-2.811587648466229439e-03
-1.636281609535217285e-01
1.959939301013946533e-01
-1.161002069711685181e-01
1.245132647454738617e-02
1.311161816120147705e-01
-4.487486183643341064e-02
2.382223755121231079e-01
2.316906303167343140e-02
-2.351739257574081421e-01
3.059208393096923828e-02
-9.466949105262756348e-02
-2.662953361868858337e-02
-3.912381827831268311e-02
-4.843524843454360962e-02
-4.840797185897827148e-02
1.316796615719795227e-02
-3.774886485189199448e-03
-7.370714098215103149e-02
-4.726892337203025818e-02
-4.365310817956924438e-02
-1.100618317723274231e-01
-1.746382862329483032e-01
2.211031168699264526e-01
1.636028438806533813e-01
9.529768675565719604e-02
2.274068742990493774e-01
-1.263226866722106934e-01
-2.213581800460815430e-01
-1.295793708413839340e-02
1.166949197649955750e-01
5.908565595746040344e-02
8.968179672956466675e-02
-1.132631376385688782e-01
-2.787827327847480774e-02
-3.599905967712402344e-02
4.464343190193176270e-02
-1.196427419781684875e-01
-9.852211177349090576e-02
-1.342477947473526001e-01
-3.634501248598098755e-02
-1.210110858082771301e-01
1.741699576377868652e-01
-1.900121420621871948e-01
1.038724705576896667e-01
-5.840039253234863281e-02
8.881542086601257324e-02
1.027773544192314148e-01
9.807360172271728516e-02
1.014416888356208801e-01
3.105010371655225754e-03
1.205435767769813538e-01
-3.949727490544319153e-02
-1.515206508338451385e-02
-1.332719773054122925e-01
-8.172818459570407867e-03
-1.568161547183990479e-01
-5.133463442325592041e-02
1.404436677694320679e-01
-1.428645998239517212e-01
-6.634542346000671387e-02
1.052269432693719864e-02
-8.992844820022583008e-02
7.331371307373046875e-02
-7.736326009035110474e-02
4.104809090495109558e-02
-1.431372314691543579e-01
-3.223797678947448730e-02
-2.852834016084671021e-02
9.284925460815429688e-02
-1.378866732120513916e-01
3.644030168652534485e-02
1.105350181460380554e-01
1.394197791814804077e-01
-1.402042247354984283e-02
6.642469763755798340e-02
1.455635279417037964e-01
-4.053847515024244785e-04
4.603523015975952148e-02
-3.016346879303455353e-02
5.706140771508216858e-02
-3.999859467148780823e-02
8.991028182208538055e-03
-2.338524162769317627e-01
-1.841362267732620239e-01
-3.821552963927388191e-03
5.217541754245758057e-02
1.087796315550804138e-01
-3.825781494379043579e-02
1.607830673456192017e-01
1.889186725020408630e-02
-4.300803691148757935e-02
1.068590879440307617e-01
4.266523942351341248e-02
4.944370687007904053e-02
2.742725983262062073e-02
6.333538889884948730e-02
-3.357017412781715393e-03
2.570868097245693207e-02
8.531420677900314331e-02
4.584184661507606506e-02
3.008960001170635223e-02
8.878029882907867432e-02
-1.154338289052248001e-02
8.302567899227142334e-02
-1.222398225218057632e-02
-1.525321602821350098e-01
3.876467421650886536e-02
-5.070969462394714355e-03
-1.745224148035049438e-01
