-5.078816041350364685e-02
7.053801417350769043e-02
8.698514103889465332e-02
8.711439557373523712e-03
-1.528992224484682083e-02
-1.111972481012344360e-01
-7.435118407011032104e-02
4.068350419402122498e-02
7.799046486616134644e-02
-9.011894464492797852e-02
2.576438486576080322e-01
-1.714773662388324738e-02
-4.738873758469708264e-05
9.747871197760105133e-03
-5.757677182555198669e-02
-1.037137657403945923e-01
-3.615497425198554993e-02
5.288984254002571106e-02
-6.169979274272918701e-02
6.582551170140504837e-03
-2.408685237169265747e-01
-1.106443852186203003e-01
3.026808053255081177e-02
4.056411236524581909e-02
2.500169165432453156e-02
2.234791815280914307e-01
2.376210503280162811e-02
-4.191365838050842285e-02
5.536394566297531128e-02
1.588228493928909302e-01
5.238432437181472778e-02
2.157530561089515686e-02
-3.136842697858810425e-02
-2.342714518308639526e-01
-1.940336674451828003e-01
2.820387855172157288e-02
1.102909296751022339e-01
-8.331675082445144653e-03
1.717545390129089355e-01
1.456944048404693604e-01
1.039961725473403931e-01
1.619965881109237671e-01
7.613667100667953491e-02
-8.752648532390594482e-02
5.142091214656829834e-02
-1.231740508228540421e-02
5.102185904979705811e-02
-8.845975250005722046e-02
1.240537986159324646e-01
-4.264418780803680420e-02
-3.426876291632652283e-02
1.025885045528411865e-01
2.845798153430223465e-04
9.612639993429183960e-02
-1.895636469125747681e-01
-1.465006172657012939e-01
4.793774709105491638e-02
-6.601446121931076050e-02
-9.063382446765899658e-02
1.340166777372360229e-01
-5.551625415682792664e-02
1.530599445104598999e-01
-4.088609665632247925e-02
1.304393261671066284e-01
-6.565046310424804688e-02
-1.321942172944545746e-02
6.348767876625061035e-02
9.427227824926376343e-02
-3.302993625402450562e-02
7.003952562808990479e-02
-1.269419491291046143e-01
-9.725693613290786743e-02
-9.422436356544494629e-02
1.201911419630050659e-01
1.041161566972732544e-01
1.544239223003387451e-01
-1.579071208834648132e-02
8.146558701992034912e-02
-3.171361610293388367e-02
8.604639023542404175e-02
-1.180570051074028015e-01
-4.584256559610366821e-02
6.362686306238174438e-02
1.092441603541374207e-01
1.382512748241424561e-01
-1.429288387298583984e-01
-5.982252769172191620e-04
1.614034920930862427e-01
8.407970517873764038e-02
2.702232263982295990e-02
-9.678043425083160400e-02
-8.817786723375320435e-02
1.975880861282348633e-01
2.008857764303684235e-02
-4.798304755240678787e-03
6.777596473693847656e-02
1.604915112257003784e-01
1.508723758161067963e-02
1.718540042638778687e-01
-2.785518765449523926e-01
-2.212151885032653809e-01
1.949084363877773285e-02
-2.241705209016799927e-01
-2.754306793212890625e-02
-1.824056953191757202e-01
5.012417584657669067e-02
4.418139532208442688e-02
4.074136912822723389e-02
1.094387378543615341e-02
9.846870601177215576e-02
3.174797818064689636e-02
-5.787031725049018860e-02
6.155466660857200623e-02
8.844886720180511475e-02
5.963497608900070190e-02
1.725227087736129761e-01
1.206988170742988586e-01
-6.704488396644592285e-02
-1.009075716137886047e-01
-1.690206080675125122e-01
