-3.100470080971717834e-02
-1.002053637057542801e-02
-4.187121987342834473e-02
8.944081515073776245e-02
-9.714072942733764648e-02
-1.351234782487154007e-02
3.391833603382110596e-02
-1.261654645204544067e-01
8.953984826803207397e-02
-5.943593010306358337e-02
1.005842313170433044e-01
1.187252402305603027e-01
3.057653084397315979e-02
2.515072561800479889e-02
3.442926332354545593e-02
-3.333388268947601318e-02
-2.267468534409999847e-02
-4.835538938641548157e-02
-5.725174397230148315e-02
7.835466414690017700e-02
-9.653350710868835449e-02
8.791041374206542969e-02
2.710985019803047180e-02
-2.883769199252128601e-02
7.578392326831817627e-02
-5.020495504140853882e-02
-2.865321002900600433e-02
-4.870319738984107971e-02
-2.568504400551319122e-02
-3.104655817151069641e-02
6.096596643328666687e-02
7.680329680442810059e-02
-1.623933613300323486e-01
-3.608913719654083252e-02
-3.494666144251823425e-02
1.526388674974441528e-01
3.726284950971603394e-02
-1.449954956769943237e-01
5.571567267179489136e-02
1.341904848814010620e-01
-9.796462953090667725e-02
-7.087557017803192139e-02
5.728460103273391724e-02
-4.869619384407997131e-02
-2.683905884623527527e-02
-1.243959367275238037e-01
-2.263646945357322693e-02
7.038380717858672142e-04
-1.381909847259521484e-01
7.746001332998275757e-02
-1.714645326137542725e-01
-2.243065828224644065e-04
1.358298361301422119e-01
-1.441767513751983643e-01
-3.246613964438438416e-02
5.705086141824722290e-02
1.373868435621261597e-01
1.057162061333656311e-01
2.145054936408996582e-02
1.400304287672042847e-01
-9.183523803949356079e-02
-5.041237547993659973e-02
-1.684861443936824799e-02
1.369017213582992554e-01
4.728823900222778320e-02
1.072363033890724182e-01
-4.045883566141128540e-02
-1.806645989418029785e-01
-4.105741530656814575e-02
-1.000151187181472778e-01
1.446733772754669189e-01
-1.988691687583923340e-01
7.367356866598129272e-02
1.425081789493560791e-01
-2.440915815532207489e-02
-1.573995798826217651e-01
1.385639309883117676e-01
-4.616202414035797119e-02
1.002420554868876934e-03
-9.792281687259674072e-02
6.915594637393951416e-02
9.643925726413726807e-02
3.919827193021774292e-02
-1.482894867658615112e-01
1.367680281400680542e-01
-1.515298429876565933e-02
-1.964458674192428589e-01
-1.199646070599555969e-01
-4.529230669140815735e-02
-8.893677592277526855e-02
-1.337230801582336426e-01
-2.808429114520549774e-02
6.175766512751579285e-02
-1.429424434900283813e-02
2.956242673099040985e-02
1.516159921884536743e-01
1.040807440876960754e-01
-1.162271946668624878e-03
-1.122074425220489502e-01
-8.570577204227447510e-02
-7.524561882019042969e-02
1.783367693424224854e-01
-3.351048380136489868e-02
1.837271749973297119e-01
-7.370694726705551147e-02
-1.291393935680389404e-01
-7.339268922805786133e-04
4.201337322592735291e-02
-8.488554507493972778e-02
1.999530643224716187e-01
-4.384116455912590027e-02
-6.081838533282279968e-02
-6.393294315785169601e-03
-5.095610022544860840e-02
7.868833094835281372e-02
1.388799548149108887e-01
5.882195755839347839e-02
-9.319570660591125488e-02
-6.082260236144065857e-02
-6.648758053779602051e-02
