6.193655356764793396e-02
-7.194029539823532104e-02
4.884298890829086304e-02
-2.986629866063594818e-02
-3.717309609055519104e-02
1.423861533403396606e-01
-1.007798388600349426e-01
1.240630224347114563e-01
1.164930760860443115e-01
-1.508655250072479248e-01
-4.056532308459281921e-02
4.109241068363189697e-02
-1.668099761009216309e-01
8.707003295421600342e-02
-2.813035680446773767e-04
-8.238798379898071289e-02
-7.985887676477432251e-02
1.163333281874656677e-01
-1.779283396899700165e-02
-4.811915010213851929e-02
1.527184695005416870e-01
-4.671588540077209473e-02
2.136944383382797241e-01
2.295262925326824188e-02
2.733511105179786682e-02
-1.604272872209548950e-01
6.595322489738464355e-02
6.463245302438735962e-02
1.435029506683349609e-01
-3.912981972098350525e-02
-1.376697234809398651e-02
1.523300260305404663e-01
-3.938211873173713684e-02
3.991208225488662720e-02
-1.059298440814018250e-01
-1.998034678399562836e-02
-2.244119718670845032e-02
5.060910433530807495e-02
-1.117742434144020081e-01
-1.746439486742019653e-01
-1.831034272909164429e-01
3.058821894228458405e-02
1.414908468723297119e-01
4.133763536810874939e-02
-9.663676470518112183e-02
1.012041792273521423e-01
9.182649105787277222e-02
1.280272901058197021e-01
5.740576237440109253e-02
1.524067223072052002e-01
-1.167249381542205811e-01
7.144755125045776367e-02
-7.935868948698043823e-02
-4.871724545955657959e-02
5.280813947319984436e-02
6.817877292633056641e-02
-1.733483374118804932e-02
3.855735063552856445e-02
-2.688278555870056152e-01
-7.045879960060119629e-02
3.752519935369491577e-02
-1.062385290861129761e-01
1.127637922763824463e-01
7.507794350385665894e-02
-8.441586047410964966e-02
1.185234561562538147e-01
-1.165917217731475830e-01
5.639231204986572266e-02
2.075285017490386963e-01
8.525799214839935303e-02
5.266316607594490051e-02
-1.604020223021507263e-02
-4.070639982819557190e-02
-2.798167522996664047e-03
1.411291025578975677e-02
6.352431327104568481e-02
-6.282268464565277100e-02
1.587032228708267212e-01
-7.230800390243530273e-02
7.478686980903148651e-03
-5.939127132296562195e-02
3.802870959043502808e-02
-2.209435999393463135e-01
1.046655103564262390e-01
2.452266216278076172e-01
6.372488290071487427e-02
-1.714253872632980347e-01
5.611202493309974670e-02
-8.018038421869277954e-02
-9.559445083141326904e-02
-8.374983072280883789e-02
3.008569404482841492e-02
-1.024545542895793915e-02
4.187634214758872986e-02
-8.805705606937408447e-02
7.865609228610992432e-02
-2.955049835145473480e-02
1.279405802488327026e-01
-7.388162612915039062e-02
-5.532413721084594727e-02
-1.195816993713378906e-01
4.700527340173721313e-02
4.152115061879158020e-02
-4.877347871661186218e-02
3.692379593849182129e-02
-8.586616814136505127e-02
-5.109857767820358276e-02
7.865974307060241699e-02
1.596622914075851440e-01
-6.553733348846435547e-02
-1.119466051459312439e-01
-1.668036170303821564e-02
-2.666721493005752563e-02
1.086276397109031677e-01
-1.741362363100051880e-02
-1.553334295749664307e-01
4.969565570354461670e-02
-1.184432730078697205e-01
-2.701377682387828827e-02
5.078526586294174194e-02
