7.102670520544052124e-02
1.143937110900878906e-01
6.658160686492919922e-02
1.341418027877807617e-01
-9.448181092739105225e-02
-4.042408987879753113e-02
5.248367413878440857e-02
1.297888755798339844e-01
3.237964585423469543e-02
-9.593017399311065674e-02
-1.026214584708213806e-01
1.746908179484307766e-03
-7.978137582540512085e-02
-2.423723461106419563e-03
1.369225680828094482e-01
-1.035955473780632019e-01
5.155280698090791702e-03
4.215706139802932739e-02
1.413293834775686264e-02
6.114542484283447266e-02
1.874141208827495575e-02
1.249601393938064575e-01
5.675269290804862976e-02
7.254334539175033569e-02
-3.323175013065338135e-02
6.489171087741851807e-02
-2.369257658720016479e-01
1.541085988283157349e-01
-1.698023057542741299e-03
1.505927741527557373e-01
9.379607439041137695e-02
8.089704066514968872e-02
-1.095321550965309143e-01
-9.565715491771697998e-02
5.405188351869583130e-02
1.343586482107639313e-03
-1.004772707819938660e-01
-7.467976212501525879e-02
1.666064113378524780e-01
1.591505259275436401e-01
9.858807176351547241e-02
4.903414472937583923e-02
1.247428208589553833e-01
1.748832464218139648e-01
-9.583245962858200073e-02
7.638807594776153564e-02
-1.598306745290756226e-01
1.362186521291732788e-01
-4.402909427881240845e-02
3.230332955718040466e-02
1.015562936663627625e-01
2.163795940577983856e-02
-4.980567470192909241e-02
9.155610203742980957e-02
2.198152989149093628e-02
1.575104445219039917e-01
2.310001105070114136e-01
1.297003030776977539e-02
1.331388354301452637e-01
-1.027023345232009888e-01
-6.846302654594182968e-03
-9.197929501533508301e-02
-1.129687651991844177e-01
4.317159578204154968e-02
-6.988213211297988892e-02
9.338668733835220337e-02
-8.556314744055271149e-03
1.099904105067253113e-01
7.392659038305282593e-02
-5.066781863570213318e-02
-4.937394335865974426e-02
-6.643276661634445190e-02
-1.054384000599384308e-02
1.080306991934776306e-01
-6.777042895555496216e-02
2.475435473024845123e-02
3.397579491138458252e-02
1.609650254249572754e-01
6.780198961496353149e-02
5.652713403105735779e-02
7.422032207250595093e-02
-1.954843476414680481e-02
6.620498746633529663e-02
-3.492152318358421326e-02
1.581989377737045288e-01
-5.063635110855102539e-02
-9.586916863918304443e-02
-1.088013201951980591e-01
2.449513040482997894e-02
-1.575096882879734039e-02
-1.383251249790191650e-01
-2.892108634114265442e-03
-4.068762809038162231e-02
4.051209986209869385e-02
-1.382027864456176758e-01
4.161099717020988464e-02
4.271247237920761108e-02
-5.684794858098030090e-02
1.711796410381793976e-02
2.143678814172744751e-02
-8.422973006963729858e-02
1.518535614013671875e-01
1.767697744071483612e-02
1.730003505945205688e-01
-2.129705063998699188e-02
1.237661018967628479e-01
9.832432866096496582e-02
-4.501287639141082764e-02
1.635658554732799530e-02
1.363421529531478882e-01
-1.982929930090904236e-02
1.841559410095214844e-01
-3.465284779667854309e-02
-9.006813168525695801e-02
8.377580903470516205e-03
1.362252682447433472e-01
1.284441500902175903e-01
-1.282647699117660522e-01
-3.345478698611259460e-02
-3.921180218458175659e-02
