2.721993811428546906e-02
-1.166462600231170654e-01
-2.006110921502113342e-02
6.900627166032791138e-02
-4.403795674443244934e-02
2.219251915812492371e-02
9.213957935571670532e-02
1.128119230270385742e-01
-1.741188764572143555e-01
-3.447688743472099304e-02
1.629410088062286377e-01
-6.784352008253335953e-03
-2.560665830969810486e-02
-1.853306777775287628e-02
-1.435685753822326660e-01
-7.668836414813995361e-02
8.630359917879104614e-02
-1.462135743349790573e-02
-4.732639715075492859e-02
-2.080070823431015015e-01
1.479714363813400269e-01
2.219942398369312286e-03
-1.585459560155868530e-01
-1.181117668747901917e-01
-1.124889329075813293e-01
-4.192965850234031677e-02
6.002326309680938721e-02
4.469973966479301453e-02
-8.025550097227096558e-02
2.848096564412117004e-02
-1.044391766190528870e-01
9.184528887271881104e-02
-1.435784846544265747e-01
1.329601556062698364e-01
5.560813099145889282e-02
5.162933841347694397e-03
1.327392309904098511e-01
-1.002773940563201904e-01
1.593682169914245605e-01
-1.675960421562194824e-01
-6.904032081365585327e-02
3.298323228955268860e-02
1.047898754477500916e-01
-7.615508884191513062e-02
-7.626761496067047119e-02
1.362361609935760498e-01
-2.513155341148376465e-02
-4.516721516847610474e-02
9.018896520137786865e-02
1.204606741666793823e-01
4.601506516337394714e-02
1.389856357127428055e-02
-8.863496780395507812e-02
2.275117337703704834e-01
-3.606361895799636841e-02
-1.326979547739028931e-01
1.079664379358291626e-02
2.413788884878158569e-01
9.819203615188598633e-02
-8.077017962932586670e-02
4.236050695180892944e-02
3.774282988160848618e-03
-7.367083430290222168e-02
1.279103159904479980e-01
-1.377917975187301636e-01
-2.474857568740844727e-01
8.897168189287185669e-02
-1.044670641422271729e-01
1.181341782212257385e-01
3.210212662816047668e-02
2.491662055253982544e-01
-9.089441597461700439e-02
-9.409672021865844727e-02
-1.996572688221931458e-02
1.847563982009887695e-01
-5.934136360883712769e-02
-1.306245625019073486e-01
1.411966234445571899e-01
9.600782394409179688e-02
1.030149012804031372e-01
-1.937439292669296265e-01
7.762122154235839844e-02
-2.099520154297351837e-02
1.203959584236145020e-01
-7.758603431284427643e-03
-5.184348672628402710e-02
5.939439684152603149e-02
-1.600897610187530518e-01
-1.430083811283111572e-01
9.534335881471633911e-02
9.345218539237976074e-02
2.485936135053634644e-02
-7.508932054042816162e-02
4.631523787975311279e-02
-3.192125633358955383e-02
-3.317578509449958801e-02
-1.697139441967010498e-02
-1.474131196737289429e-01
8.562800288200378418e-02
1.632633060216903687e-01
2.079392410814762115e-02
-1.103818565607070923e-01
1.884081214666366577e-02
2.100541740655899048e-01
-1.088275909423828125e-01
-1.528390496969223022e-01
-3.564393520355224609e-02
5.166595801711082458e-02
2.172200083732604980e-01
-1.337736546993255615e-01
2.181796580553054810e-01
-7.898257672786712646e-02
-1.864970028400421143e-01
-1.053125709295272827e-01
8.464891463518142700e-02
7.370433304458856583e-03
-7.894910871982574463e-03
2.505087479948997498e-02
-7.687680423259735107e-02
-3.719659149646759033e-02
