-1.572012454271316528e-01
-5.467711016535758972e-02
-3.390745073556900024e-02
-2.082013525068759918e-02
1.119337081909179688e-01
-3.548705205321311951e-02
3.091666474938392639e-02
-4.405111446976661682e-02
-1.266718208789825439e-01
8.612205088138580322e-02
-4.951775446534156799e-02
3.937704022973775864e-03
3.077173233032226562e-02
1.328095942735671997e-01
2.892458252608776093e-02
-3.626418113708496094e-02
-7.142831385135650635e-02
-3.488350659608840942e-02
1.649236232042312622e-01
-7.367742247879505157e-03
1.206843852996826172e-01
-6.472031027078628540e-02
1.032697185873985291e-01
-1.085970327258110046e-01
1.336370781064033508e-02
5.531044304370880127e-02
2.149077802896499634e-01
-1.730930991470813751e-02
-5.718642845749855042e-02
4.576480388641357422e-02
-8.924365043640136719e-02
5.888308212161064148e-02
-1.605283915996551514e-01
2.255899831652641296e-02
1.324776560068130493e-01
1.264809668064117432e-01
9.991780668497085571e-02
-1.298125833272933960e-01
-1.612750142812728882e-01
5.600729957222938538e-02
-1.273778849281370640e-03
9.436327032744884491e-03
1.885250955820083618e-02
-2.560790255665779114e-02
-1.158421263098716736e-01
1.365806609392166138e-01
1.393320560455322266e-01
-7.466773688793182373e-02
4.475143924355506897e-02
1.084553170949220657e-02
2.691215276718139648e-02
-2.319104075431823730e-01
8.419789373874664307e-03
1.046833116561174393e-02
-6.950182467699050903e-02
7.937676459550857544e-02
3.430603072047233582e-02
5.309132859110832214e-02
-1.401458214968442917e-02
-1.270101815462112427e-01
-3.281385404989123344e-03
-2.299695089459419250e-02
-9.399236738681793213e-02
-1.507121231406927109e-02
-7.172240316867828369e-02
-7.004763931035995483e-02
-1.468082070350646973e-01
-8.865405619144439697e-02
1.170260608196258545e-01
-6.464529782533645630e-02
1.029774472117424011e-01
6.535314023494720459e-02
7.012642174959182739e-02
9.271039813756942749e-02
1.445701867341995239e-01
4.735161736607551575e-02
1.532394345849752426e-02
-1.412106305360794067e-01
-8.769679069519042969e-02
-1.046211645007133484e-01
-5.969317629933357239e-02
-1.396809821017086506e-03
-1.004059053957462311e-02
1.071858182549476624e-01
6.827682256698608398e-02
-2.356183528900146484e-02
1.268322765827178955e-01
2.279027551412582397e-01
-4.218493402004241943e-02
-1.140525862574577332e-01
-1.419034302234649658e-01
-1.333276648074388504e-02
1.291112694889307022e-02
-6.715878844261169434e-02
1.523921638727188110e-01
7.529274374246597290e-02
1.374722719192504883e-01
1.371899526566267014e-02
-3.734438121318817139e-02
5.107538774609565735e-02
2.749966084957122803e-02
-6.724128872156143188e-02
6.592299789190292358e-02
-1.335496008396148682e-01
7.233577221632003784e-02
-1.780189424753189087e-01
-1.948065869510173798e-02
-8.066708594560623169e-02
1.210784241557121277e-01
-1.111259125173091888e-02
8.798952400684356689e-02
1.099146306514739990e-01
-9.831275045871734619e-02
3.092078492045402527e-02
1.300334632396697998e-01
-7.576062530279159546e-02
2.823878079652786255e-02
2.253874838352203369e-01
-1.003865450620651245e-01
-7.070178538560867310e-02
-7.041832432150840759e-03
1.641406863927841187e-01
-6.540476530790328979e-02
1.412367969751358032e-01
2.685008943080902100e-02
8.533725142478942871e-02
1.636749319732189178e-02
-3.770754858851432800e-02
4.236824810504913330e-02
2.909003570675849915e-02
-3.155921101570129395e-01
7.210874557495117188e-02
-4.866131395101547241e-02
-5.779159814119338989e-02
-1.682591736316680908e-01
6.940525770187377930e-02
1.286763399839401245e-01
-2.330124564468860626e-02
1.037871558219194412e-02
-1.221987828612327576e-01
-1.864004433155059814e-01
-1.209369003772735596e-01
1.165425553917884827e-01
9.867455810308456421e-02
-1.152951344847679138e-01
-1.234329566359519958e-01
1.142728850245475769e-01
4.724655672907829285e-02
6.957501918077468872e-02
7.595056202262639999e-03
8.172424137592315674e-02
1.693127751350402832e-01
2.511343918740749359e-02
1.522984914481639862e-02
1.573637723922729492e-01
-8.500714600086212158e-02
-6.249593570828437805e-02
-1.841585636138916016e-01
-1.583976149559020996e-01
1.289558969438076019e-02
-1.278588622808456421e-01
2.193211019039154053e-02
1.546615958213806152e-01
8.994395844638347626e-03
-5.874428153038024902e-02
-8.347836323082447052e-03
8.550893515348434448e-03
-4.064789041876792908e-02
8.168808370828628540e-02
5.746693536639213562e-02
2.568673193454742432e-01
2.745155477896332741e-03
2.055943906307220459e-01
-6.606040522456169128e-03
1.030689030885696411e-01
9.976485371589660645e-02
-4.993301257491111755e-02
7.104498893022537231e-02
-1.664106398820877075e-01
-1.950171887874603271e-01
-1.405214369297027588e-01
-1.037639752030372620e-01
-2.754191309213638306e-02
-3.044966794550418854e-02
4.638580605387687683e-02
1.320221647620201111e-02
-8.841115236282348633e-02
-6.328383833169937134e-02
2.518033236265182495e-02
2.566897869110107422e-02
-2.152474783360958099e-02
-8.394126780331134796e-03
1.497402135282754898e-02
-5.336049199104309082e-02
5.640522018074989319e-02
-1.124218758195638657e-02
-5.385222658514976501e-02
-6.798760592937469482e-02
-1.103437691926956177e-01
-2.092449665069580078e-01
4.529144614934921265e-02
-6.894728541374206543e-02
-7.696911692619323730e-02
-3.593164309859275818e-02
-5.985971540212631226e-02
1.646246388554573059e-02
-6.492698192596435547e-02
-1.014573797583580017e-01
-1.145891398191452026e-01
2.345958799123764038e-01
-3.894321620464324951e-02
1.773763597011566162e-01
-9.958201646804809570e-02
-6.508644670248031616e-02
-1.929475069046020508e-01
1.959842294454574585e-01
6.054312735795974731e-02
2.211861163377761841e-01
1.041758880019187927e-01
-7.132968306541442871e-02
1.371002476662397385e-02
1.083630770444869995e-01
5.395704507827758789e-02
1.244280338287353516e-01
-1.573314815759658813e-01
1.712929084897041321e-02
-1.453177332878112793e-01
-4.936787858605384827e-02
-4.686655011028051376e-03
5.569915845990180969e-02
-6.354482471942901611e-02
-1.084286943078041077e-01
2.351724915206432343e-02
-3.898269310593605042e-02
4.022694751620292664e-02
-7.537748664617538452e-02
-6.493187695741653442e-02
9.769643098115921021e-02
-6.522382050752639771e-02
-1.871286146342754364e-02
-1.090554893016815186e-01
-5.799776688218116760e-02
-3.329014033079147339e-02
-1.314009260386228561e-02
6.457351148128509521e-02
2.218470163643360138e-02
7.018907368183135986e-02
4.370981454849243164e-02
3.833236172795295715e-02
1.664963513612747192e-01
1.630912721157073975e-02
-2.174369841814041138e-01
6.486380007117986679e-03
6.356641650199890137e-02
2.286281436681747437e-02
-9.294547140598297119e-02
-1.903112828731536865e-01
-2.001860551536083221e-02
4.374181386083364487e-03
-2.586971968412399292e-02
-9.259601682424545288e-02
2.508273907005786896e-02
5.943626165390014648e-03
6.805046647787094116e-02
-3.482679650187492371e-02
1.760965883731842041e-01
-2.020106185227632523e-04
-1.578831821680068970e-01
8.415880054235458374e-02
1.536658406257629395e-01
3.438415005803108215e-02
-1.811248995363712311e-02
-3.115937215625308454e-05
1.654489152133464813e-02
6.854408234357833862e-02
3.136509284377098083e-02
-1.371500045061111450e-01
1.276583373546600342e-01
-4.939365759491920471e-02
-7.940351963043212891e-03
-4.805599898099899292e-02
1.176210585981607437e-02
-1.954404562711715698e-01
-2.212917804718017578e-01
7.002713158726692200e-03
1.094953864812850952e-01
9.684050828218460083e-02
-1.208523884415626526e-01
5.278462544083595276e-02
1.276853587478399277e-02
1.224021613597869873e-01
4.253890365362167358e-02
-6.226737052202224731e-03
-1.018835008144378662e-01
1.508133113384246826e-01
9.873303771018981934e-02
5.664516612887382507e-02
-8.925381116569042206e-03
-9.081654995679855347e-02
5.226793140172958374e-02
8.914716541767120361e-02
-2.811392769217491150e-03
-3.556685745716094971e-01
-1.564185917377471924e-01
-9.462229907512664795e-03
2.014898657798767090e-01
-1.207399442791938782e-01
-2.164095640182495117e-01
-1.168598085641860962e-01
-1.702158479019999504e-03
7.607460767030715942e-02
-1.847523301839828491e-01
-5.202167853713035583e-02
1.918562501668930054e-02
-6.898756837472319603e-04
-3.601872920989990234e-02
-5.274159833788871765e-02
1.401805281639099121e-01
1.404562443494796753e-01
1.358737945556640625e-01
-1.833755373954772949e-01
-1.857592165470123291e-01
-1.144894585013389587e-01
-9.444068372249603271e-02
-8.955508470535278320e-03
1.054713595658540726e-02
1.928177475929260254e-02
-4.739581793546676636e-02
-3.431107103824615479e-02
-5.944237858057022095e-02
8.600511401891708374e-02
4.809505864977836609e-02
-1.591711491346359253e-01
-3.052409156225621700e-04
7.917630672454833984e-02
-2.553070187568664551e-01
-1.946305185556411743e-01
6.622515153139829636e-03
4.550903104245662689e-03
-1.642903536558151245e-01
-1.210100483149290085e-02
-1.119659394025802612e-01
-5.560034513473510742e-02
3.904314711689949036e-02
-9.934580884873867035e-04
2.559847896918654442e-03
-4.210133478045463562e-02
-3.485479950904846191e-02
2.119428217411041260e-01
-7.973677664995193481e-02
-9.946150332689285278e-02
7.010032236576080322e-02
-1.044092699885368347e-01
-3.128247801214456558e-03
-1.885140687227249146e-02
-8.367162942886352539e-02
-1.008951142430305481e-01
-1.228468194603919983e-01
-1.617975533008575439e-01
1.177625730633735657e-01
-4.357416182756423950e-02
8.494258671998977661e-02
6.988817453384399414e-02
7.781550288200378418e-02
-4.019352048635482788e-02
-5.073246732354164124e-02
1.175878047943115234e-01
5.524259433150291443e-02
-2.555383369326591492e-03
2.047953903675079346e-01
3.462584689259529114e-02
2.025681361556053162e-02
-5.547235533595085144e-02
7.080261129885911942e-03
-4.112744331359863281e-02
-4.836002737283706665e-02
-1.551545411348342896e-01
-1.716307401657104492e-01
-4.148834571242332458e-02
-7.587487995624542236e-02
5.279678478837013245e-02
-1.423220336437225342e-01
-9.469757229089736938e-02
2.340205609798431396e-01
1.782389916479587555e-02
-3.175994008779525757e-02
-1.335467100143432617e-01
-1.311131864786148071e-01
-7.995666563510894775e-02
-5.755888298153877258e-02
3.938623517751693726e-02
-1.091889292001724243e-01
-4.705173522233963013e-02
1.136593967676162720e-01
-1.465346217155456543e-01
-6.783027201890945435e-02
-7.462142407894134521e-02
-1.855618953704833984e-01
-5.402629822492599487e-02
-5.571750551462173462e-02
-1.471102796494960785e-02
1.848946511745452881e-01
7.865872234106063843e-02
1.266841441392898560e-01
1.532643288373947144e-01
-8.469989895820617676e-02
9.287983924150466919e-02
1.167707145214080811e-01
-8.695986866950988770e-02
4.740000516176223755e-02
-1.663495153188705444e-01
-4.041343461722135544e-03
7.637187093496322632e-02
-1.615601219236850739e-02
7.003764063119888306e-02
-8.602276444435119629e-02
-3.224311172962188721e-01
-6.051404401659965515e-02
7.084341347217559814e-02
-3.771080821752548218e-02
5.855676159262657166e-02
-4.813611507415771484e-03
9.087973833084106445e-02
-2.016354650259017944e-01
-1.433693319559097290e-01
-1.460104882717132568e-01
5.691928789019584656e-02
-7.466521114110946655e-02
-3.304532915353775024e-02
-2.293113023042678833e-01
4.812132194638252258e-02
-1.584361642599105835e-01
1.231550648808479309e-01
2.980863302946090698e-02
-1.184552386403083801e-01
1.091350018978118896e-01
-6.236851960420608521e-02
-1.074942275881767273e-01
3.886339720338582993e-03
-5.632530525326728821e-02
-1.418289095163345337e-01
1.599683240056037903e-02
-5.300842970609664917e-02
4.802873823791742325e-03
3.737875819206237793e-02
-1.686838120222091675e-01
4.347141087055206299e-02
1.743161976337432861e-01
2.363215535879135132e-01
-1.404094099998474121e-01
