-1.466404274106025696e-02
1.423629075288772583e-01
1.047411700710654259e-03
1.784007437527179718e-02
-8.667373657226562500e-02
-7.589015364646911621e-02
-2.832529693841934204e-02
1.330270711332559586e-02
1.591461300849914551e-01
-4.739994183182716370e-02
4.808315262198448181e-02
1.489744037389755249e-01
-7.515983283519744873e-02
-1.938014328479766846e-01
8.350013196468353271e-02
6.789050251245498657e-02
-8.496931195259094238e-02
-9.986875811591744423e-04
1.639987081289291382e-01
-1.003522500395774841e-01
1.260683983564376831e-01
6.000976264476776123e-02
-1.014220807701349258e-02
-2.342643141746520996e-01
8.017616719007492065e-02
2.970039611682295799e-03
-1.419022828340530396e-01
-1.306861340999603271e-01
5.341839045286178589e-02
-9.940055757761001587e-02
-1.485663931816816330e-02
2.977104857563972473e-02
1.295476555824279785e-01
-4.481358081102371216e-02
-8.830577880144119263e-02
-8.353400230407714844e-02
3.004424087703227997e-02
2.245522141456604004e-01
4.516290128231048584e-02
3.837317461147904396e-03
1.928002685308456421e-01
4.204727336764335632e-02
-9.094347245991230011e-03
8.924520015716552734e-02
-2.447003871202468872e-02
-6.354830414056777954e-02
1.389711052179336548e-01
3.295370191335678101e-02
-9.916226565837860107e-02
5.750885605812072754e-02
-1.064724102616310120e-01
1.674454361200332642e-01
3.414364904165267944e-02
-9.034385904669761658e-03
-1.223632693290710449e-01
1.039976179599761963e-01
8.672238141298294067e-02
-5.329721048474311829e-02
-3.014910966157913208e-02
1.705760657787322998e-01
-2.134412676095962524e-01
2.338204681873321533e-01
6.957537494599819183e-03
1.802445575594902039e-02
-1.300545930862426758e-01
-7.881620526313781738e-02
-9.304989129304885864e-02
-2.647002227604389191e-03
-2.415944263339042664e-02
1.702868565917015076e-02
-1.777933090925216675e-01
-5.358031764626502991e-02
8.778436481952667236e-02
-4.531900584697723389e-02
9.595102071762084961e-02
3.533130139112472534e-02
-2.206170558929443359e-01
1.109781339764595032e-01
1.738154739141464233e-01
7.852843962609767914e-03
2.041276730597019196e-02
-9.656182676553726196e-02
-1.569447666406631470e-02
2.562558464705944061e-02
-1.612530462443828583e-02
7.309513539075851440e-02
3.123086178675293922e-03
4.922261089086532593e-02
1.146008595824241638e-01
8.552212268114089966e-02
-2.540830336511135101e-02
4.233593493700027466e-02
-1.054595485329627991e-01
3.968676552176475525e-02
8.725304901599884033e-02
-5.762609094381332397e-02
1.235037203878164291e-02
-4.977677389979362488e-02
1.902878284454345703e-01
-5.165866017341613770e-02
-1.322385389357805252e-02
-6.029259413480758667e-02
-4.199678823351860046e-02
-2.729958295822143555e-02
8.538505434989929199e-02
2.076463848352432251e-01
1.915409117937088013e-01
-2.112374454736709595e-01
1.569263190031051636e-01
-1.055430620908737183e-01
-5.288860574364662170e-02
-5.519488081336021423e-02
-2.034599184989929199e-01
-1.085541248321533203e-01
-2.308154292404651642e-02
-7.112496066838502884e-03
1.339052338153123856e-02
2.464943379163742065e-02
3.518468141555786133e-02
1.467214524745941162e-01
-7.294407486915588379e-02
1.979450285434722900e-01
6.858034431934356689e-02
-1.293249279260635376e-01
-2.293745428323745728e-01
3.821783512830734253e-02
-1.390310227870941162e-01
-1.260944008827209473e-01
4.758033528923988342e-02
6.095848977565765381e-02
-1.463828086853027344e-01
-3.562439233064651489e-03
-3.255331516265869141e-02
-1.243849620223045349e-01
9.613634319975972176e-04
-1.275797188282012939e-01
-5.408381670713424683e-02
2.012364752590656281e-02
-6.739182025194168091e-02
-7.840099930763244629e-02
1.887657195329666138e-01
-1.458364576101303101e-01
1.052401866763830185e-02
2.755739353597164154e-02
-1.001942437142133713e-02
7.176133990287780762e-02
3.725276887416839600e-02
6.168153509497642517e-02
-1.356606930494308472e-01
4.371333867311477661e-02
5.234871432185173035e-02
-3.572930768132209778e-02
1.474526375532150269e-01
4.933756217360496521e-02
2.136746235191822052e-02
9.764608740806579590e-02
-3.467347100377082825e-02
4.344549402594566345e-02
8.110643178224563599e-02
7.646409422159194946e-02
3.403757000342011452e-03
-9.878754615783691406e-02
-2.400415576994419098e-02
7.380353659391403198e-02
-5.733288079500198364e-02
-1.106785535812377930e-01
1.412290614098310471e-03
-1.433608680963516235e-01
-1.549092680215835571e-01
6.485808640718460083e-02
-4.211322870105504990e-03
-1.652902066707611084e-01
6.065684556961059570e-02
-6.433245539665222168e-02
4.703430831432342529e-02
-1.869647055864334106e-01
8.181048184633255005e-02
-1.718664616346359253e-01
1.336352676153182983e-01
4.011574760079383850e-02
1.358164697885513306e-01
3.268508985638618469e-02
-5.139124579727649689e-03
1.613436825573444366e-02
5.745690315961837769e-02
9.754502773284912109e-02
3.636463358998298645e-02
-7.222339510917663574e-03
-1.798495836555957794e-02
-1.038209646940231323e-01
-3.559358790516853333e-02
-1.241085305809974670e-01
2.609154209494590759e-02
-3.131720423698425293e-02
5.642103403806686401e-02
-2.007959410548210144e-02
-3.582689911127090454e-02
-4.041887074708938599e-02
-7.724983245134353638e-02
1.085174735635519028e-02
-9.256823919713497162e-03
3.941078484058380127e-02
3.499422594904899597e-02
-4.584764689207077026e-02
-9.655657410621643066e-02
-3.152289241552352905e-02
1.060813739895820618e-01
7.885779440402984619e-02
1.425643563270568848e-01
-1.676959544420242310e-01
1.654520630836486816e-01
-1.036169603466987610e-01
1.059741750359535217e-01
-3.142659366130828857e-02
-1.306705176830291748e-01
-7.407458126544952393e-02
7.522955536842346191e-02
-4.821176454424858093e-02
-1.166046336293220520e-01
-9.540484845638275146e-02
-6.500603258609771729e-02
-8.049687743186950684e-02
-1.456948816776275635e-01
6.030817702412605286e-02
-1.588516980409622192e-01
5.255897995084524155e-03
-7.279042899608612061e-02
1.460693776607513428e-01
-7.589835673570632935e-02
-1.155793741345405579e-01
-1.153642013669013977e-01
1.337134540081024170e-01
-6.745942682027816772e-02
8.775968104600906372e-03
2.018150240182876587e-01
-5.091489758342504501e-03
7.855896651744842529e-02
-2.699139295145869255e-03
-2.524856664240360260e-02
1.607438772916793823e-01
-4.364021122455596924e-02
-1.600035466253757477e-02
7.759508490562438965e-02
9.437334537506103516e-02
-4.282242804765701294e-02
-9.591782093048095703e-02
-1.473569571971893311e-01
1.702096313238143921e-02
-1.098775342106819153e-01
9.619165956974029541e-02
6.104696076363325119e-04
1.372664887458086014e-02
-3.256317600607872009e-02
-1.552248150110244751e-01
4.669962916523218155e-03
-1.795476824045181274e-01
-1.835085004568099976e-01
1.526289284229278564e-01
5.361117422580718994e-03
-4.937553405761718750e-02
5.467346683144569397e-02
1.247067302465438843e-01
7.115304470062255859e-02
-8.131530880928039551e-02
-2.104584127664566040e-01
4.493443667888641357e-02
-9.117648005485534668e-02
2.439882755279541016e-01
4.437059536576271057e-02
3.439633920788764954e-02
1.275300700217485428e-02
1.221529990434646606e-01
1.233826205134391785e-02
-4.880348220467567444e-02
-2.208838760852813721e-01
5.084042251110076904e-02
-4.210798442363739014e-02
-1.736578941345214844e-01
-9.616309404373168945e-02
-1.213159188628196716e-01
1.653209328651428223e-01
4.559490829706192017e-02
4.186136275529861450e-02
6.730578839778900146e-02
8.362039178609848022e-02
-2.565388679504394531e-01
1.311311125755310059e-01
1.054802387952804565e-01
-1.037826761603355408e-02
-4.873311612755060196e-03
6.024228036403656006e-02
8.576071262359619141e-02
1.187780126929283142e-01
5.849963426589965820e-02
1.943487226963043213e-01
-1.683275215327739716e-02
9.427802264690399170e-02
-9.526260942220687866e-02
9.177736937999725342e-02
1.295184493064880371e-01
3.049883544445037842e-01
-1.661554574966430664e-01
7.828623056411743164e-02
-1.054162830114364624e-01
-1.135995760560035706e-01
4.321496933698654175e-02
-2.378988415002822876e-01
-4.011644423007965088e-02
1.950101926922798157e-02
3.296677768230438232e-02
5.518610775470733643e-02
-1.613422632217407227e-01
2.210452854633331299e-01
-2.061420306563377380e-02
-1.095845550298690796e-01
-5.466944351792335510e-02
1.534287035465240479e-01
6.119242683053016663e-02
-4.394610971212387085e-02
-2.337631136178970337e-01
-7.933627068996429443e-02
-1.163869071751832962e-02
1.227568238973617554e-01
1.384208798408508301e-01
-2.759784460067749023e-02
2.113724052906036377e-01
9.078102558851242065e-02
-3.646242618560791016e-01
-1.596185415983200073e-01
-8.264933526515960693e-02
-1.400197297334671021e-01
8.799266815185546875e-02
6.270851939916610718e-02
1.031747926026582718e-02
-6.776183098554611206e-02
-1.564830094575881958e-01
-1.075542494654655457e-01
-6.386367231607437134e-02
-3.810930624604225159e-02
2.562955394387245178e-02
-1.320142149925231934e-01
-3.374098241329193115e-02
-3.865359176415950060e-04
6.662467122077941895e-02
-2.656425721943378448e-02
-9.900756925344467163e-02
-9.360186755657196045e-03
-8.590313792228698730e-02
9.123735129833221436e-02
-2.760091610252857208e-02
-1.155800595879554749e-01
-1.167899891734123230e-01
-9.365064650774002075e-02
6.522525846958160400e-02
1.239613220095634460e-01
-1.320432424545288086e-01
6.973873823881149292e-02
1.763478852808475494e-02
6.910149753093719482e-02
-6.074276939034461975e-02
3.889253735542297363e-02
-2.238217294216156006e-01
-2.686818689107894897e-02
1.627151519060134888e-01
-1.162975803017616272e-01
8.696808665990829468e-02
9.313129819929599762e-03
6.313676387071609497e-02
-2.911366820335388184e-01
-1.632856279611587524e-01
5.588437616825103760e-02
-9.025657176971435547e-02
-1.047637965530157089e-02
1.161759048700332642e-01
3.872736543416976929e-02
7.216276228427886963e-02
-2.068647891283035278e-01
7.270596176385879517e-02
-5.654982477426528931e-02
-3.301855921745300293e-02
1.443693339824676514e-01
-8.258929103612899780e-02
5.125035718083381653e-02
-3.764921054244041443e-02
6.521489471197128296e-02
-9.129420667886734009e-02
-7.832990586757659912e-02
-6.716087460517883301e-02
-8.473430573940277100e-02
-1.376150399446487427e-01
-1.746521331369876862e-02
-5.204488709568977356e-02
4.819335415959358215e-02
-1.274459715932607651e-02
1.101802140474319458e-01
1.044441983103752136e-01
1.211140900850296021e-01
-1.150421872735023499e-01
-2.738223969936370850e-01
-2.268694937229156494e-01
3.258449211716651917e-02
-3.001403808593750000e-02
-7.011577486991882324e-02
-4.209961742162704468e-02
4.764305055141448975e-02
-9.719106554985046387e-02
4.499136656522750854e-02
7.363054901361465454e-02
1.541230231523513794e-01
-1.279671341180801392e-01
8.129958063364028931e-02
8.720264583826065063e-02
7.612109184265136719e-02
-1.307007968425750732e-01
-1.941630616784095764e-02
-2.844545990228652954e-02
-1.500468254089355469e-01
1.794034428894519806e-02
-2.707713097333908081e-02
-1.830779612064361572e-01
-1.108386591076850891e-01
5.590225011110305786e-02
-4.634809494018554688e-02
-3.665687516331672668e-02
-9.750097990036010742e-02
-1.684832274913787842e-01
-1.024372801184654236e-01
9.789013862609863281e-02
2.803378365933895111e-02
-1.199379041790962219e-01
2.072332054376602173e-02
-1.490662693977355957e-01
1.783024892210960388e-02
-9.044219553470611572e-02
-1.330286916345357895e-02
9.472569078207015991e-02
2.380570955574512482e-02
-1.448208540678024292e-01
-1.027909889817237854e-01
-1.315906792879104614e-01
-5.571343377232551575e-02
-1.169396862387657166e-01
1.548756510019302368e-01
-3.044207766652107239e-02
7.482215017080307007e-02
-7.792084664106369019e-02
1.830635964870452881e-02
6.730061024427413940e-02
-9.752456098794937134e-02
1.269424110651016235e-01
