-1.282787322998046875e-01
4.981391597539186478e-03
7.926462590694427490e-02
-1.283021122217178345e-01
9.013582020998001099e-02
4.416908696293830872e-02
-5.889854207634925842e-02
1.549721062183380127e-01
-2.602863311767578125e-02
1.479692608118057251e-01
-1.000761762261390686e-01
5.607243627309799194e-02
-1.249367073178291321e-01
4.073961824178695679e-02
-9.518916159868240356e-02
-2.235845476388931274e-01
9.546963870525360107e-02
-4.259893298149108887e-02
-1.348535530269145966e-02
-1.733974069356918335e-01
7.419147342443466187e-02
-1.136513426899909973e-01
5.173045024275779724e-02
1.374748051166534424e-01
-6.065170466899871826e-02
3.364771008491516113e-01
1.235420852899551392e-01
3.383903950452804565e-02
9.937655180692672729e-02
-7.097452133893966675e-02
-4.769039526581764221e-02
-6.814930588006973267e-02
-6.498972326517105103e-02
1.467054523527622223e-02
1.452509965747594833e-02
-1.217400748282670975e-02
-7.805716991424560547e-02
5.196431186050176620e-03
-1.860053688287734985e-01
-6.373386085033416748e-02
5.897258594632148743e-02
-1.026089936494827271e-01
7.111514359712600708e-02
-1.093384623527526855e-02
-8.403737843036651611e-02
1.632851548492908478e-03
-2.421893365681171417e-02
-1.615404523909091949e-02
1.021733358502388000e-01
1.193827949464321136e-02
-4.898495972156524658e-02
-3.941186890006065369e-02
-6.062924489378929138e-02
-1.050206460058689117e-02
1.289551705121994019e-01
-1.413423568010330200e-02
-3.261927515268325806e-02
-2.064363360404968262e-01
4.917267337441444397e-02
-3.234564140439033508e-02
-2.601854689419269562e-02
1.065998747944831848e-01
-8.634606376290321350e-03
-5.502970516681671143e-02
1.051735728979110718e-01
-1.578480377793312073e-02
1.009801328182220459e-01
-4.052356630563735962e-02
2.142498642206192017e-01
-4.201903939247131348e-02
-1.724939346313476562e-01
-6.797410547733306885e-02
-8.870598673820495605e-02
-1.168838962912559509e-01
2.350091934204101562e-02
-4.693163931369781494e-02
2.057780176401138306e-01
1.224233880639076233e-01
-2.251542508602142334e-01
2.242928147315979004e-01
-9.515261650085449219e-02
-5.462113767862319946e-02
7.447416335344314575e-02
5.400445312261581421e-02
-1.192198470234870911e-01
3.446359187364578247e-03
-3.161814436316490173e-02
-7.010547816753387451e-02
-1.049017459154129028e-01
-6.952499598264694214e-02
-8.154571987688541412e-03
-6.769531965255737305e-02
1.436546295881271362e-01
-6.606891006231307983e-02
-3.526247292757034302e-02
2.635750733315944672e-02
9.454151988029479980e-02
-2.106802072376012802e-03
-7.792557030916213989e-02
6.820670515298843384e-02
-1.005970407277345657e-02
-1.188190653920173645e-01
-9.663283824920654297e-03
-8.082208223640918732e-03
-9.904864430427551270e-02
-3.607655689120292664e-02
4.447619989514350891e-02
7.871156930923461914e-02
-2.698967792093753815e-02
-1.314051002264022827e-01
-8.985876291990280151e-02
1.064283326268196106e-01
4.584385827183723450e-02
7.558727264404296875e-02
-6.048537790775299072e-02
1.579849869012832642e-01
-2.336359210312366486e-02
3.863921621814370155e-03
1.745820492506027222e-01
-3.204267844557762146e-02
9.626703709363937378e-02
-9.265745431184768677e-02
-4.942200332880020142e-02
-2.846954390406608582e-02
-8.487184345722198486e-02
-4.816874861717224121e-02
1.147974506020545959e-01
1.782971769571304321e-01
5.876243114471435547e-02
5.784315057098865509e-03
1.116653680801391602e-01
1.736109107732772827e-01
1.781965345144271851e-01
2.235709317028522491e-02
2.035515755414962769e-02
-3.077788511291146278e-03
-3.529409691691398621e-02
6.648819148540496826e-02
-7.897391915321350098e-02
2.458145916461944580e-01
-1.165967956185340881e-01
-2.237878739833831787e-02
3.008378110826015472e-02
7.220303267240524292e-02
5.532154068350791931e-02
2.540310323238372803e-01
-1.316146850585937500e-01
-8.116570115089416504e-02
-9.455166012048721313e-02
-7.377518713474273682e-02
1.145114898681640625e-01
1.913532055914402008e-02
1.573058515787124634e-01
-1.055087987333536148e-02
1.428360342979431152e-01
7.842328399419784546e-02
-5.285344272851943970e-02
-5.785595253109931946e-02
-1.618176139891147614e-02
-2.795192413032054901e-03
3.326217085123062134e-02
8.671616017818450928e-02
-8.269885927438735962e-02
-1.575874835252761841e-01
1.409326940774917603e-01
2.573029324412345886e-02
8.744793385267257690e-02
2.545452676713466644e-02
-9.771360456943511963e-02
-6.045908108353614807e-02
-6.251783110201358795e-03
1.024565398693084717e-01
4.232170432806015015e-02
-1.327082365751266479e-01
-9.585733711719512939e-02
-6.454727798700332642e-02
5.828749015927314758e-02
6.028322130441665649e-02
-6.417276710271835327e-02
-1.069953944534063339e-02
-1.842540651559829712e-01
-1.325899809598922729e-01
-1.721394658088684082e-01
-1.540959328413009644e-01
1.256133168935775757e-01
-1.245806217193603516e-01
-8.717485517263412476e-02
-1.798022091388702393e-01
1.405657678842544556e-01
1.106165051460266113e-01
-1.331730931997299194e-01
5.417160689830780029e-02
-6.968663632869720459e-02
-1.095339804887771606e-01
-6.283989548683166504e-02
-1.059350208379328251e-03
9.180051274597644806e-03
3.550784662365913391e-02
5.280769243836402893e-02
4.631655663251876831e-02
-3.015214577317237854e-02
1.050303205847740173e-01
-1.151016447693109512e-02
-4.076724871993064880e-02
2.228317549452185631e-03
-1.669748276472091675e-01
4.544610623270273209e-03
4.609265550971031189e-02
-1.968709528446197510e-01
-4.911165311932563782e-02
-1.024784296751022339e-01
-4.325754567980766296e-02
-4.537259042263031006e-02
-1.597996801137924194e-02
-1.976943761110305786e-02
-1.697150617837905884e-01
-1.373064238578081131e-02
1.247585639357566833e-01
9.019473195075988770e-02
-2.914770878851413727e-02
1.067240685224533081e-01
-5.290254950523376465e-02
-5.051350966095924377e-02
4.869741096626967192e-04
8.253819495439529419e-02
-1.827994734048843384e-01
-2.240407280623912811e-02
-1.246718913316726685e-01
6.147770956158638000e-02
5.038258433341979980e-02
-1.062121018767356873e-01
-8.506999164819717407e-02
-1.613951986655592918e-03
2.868687734007835388e-03
-2.112271040678024292e-01
-1.890647560358047485e-01
-2.410458773374557495e-01
1.360726207494735718e-01
6.230656057596206665e-02
7.546019554138183594e-02
-8.716517686843872070e-02
-4.975882172584533691e-02
4.129570350050926208e-02
-7.232904434204101562e-02
6.107215583324432373e-02
-1.945184618234634399e-01
4.474794864654541016e-02
7.359251379966735840e-02
-4.620585218071937561e-02
-3.531837463378906250e-02
1.801470071077346802e-01
7.536653894931077957e-03
6.218877434730529785e-02
7.968270033597946167e-02
6.324003636837005615e-02
-1.131299510598182678e-01
1.079147681593894958e-01
-2.391602843999862671e-01
1.090341210365295410e-01
-5.276714265346527100e-02
-6.075865775346755981e-02
-2.632714062929153442e-02
-7.650566846132278442e-02
6.652751564979553223e-02
-9.504943341016769409e-02
7.990311831235885620e-02
-8.853871375322341919e-02
1.048621013760566711e-01
1.207526698708534241e-01
6.129441037774085999e-02
1.790047138929367065e-01
-4.895990341901779175e-02
-1.414503306150436401e-01
2.006517164409160614e-02
1.558933705091476440e-01
-4.754917696118354797e-03
-1.656486839056015015e-02
-1.139684915542602539e-01
-7.190473377704620361e-02
-8.382275700569152832e-02
-4.987883195281028748e-02
-1.020801588892936707e-01
-5.094767734408378601e-02
-4.849652945995330811e-02
-1.664014756679534912e-01
3.595395013689994812e-02
9.439845569431781769e-03
7.454650104045867920e-02
-3.716975450515747070e-03
-1.226851418614387512e-01
3.165266662836074829e-02
-3.036031126976013184e-02
-1.290251463651657104e-01
2.475668489933013916e-01
-1.417367905378341675e-01
3.098471462726593018e-02
-2.412601411342620850e-01
-1.943444646894931793e-02
-2.331490963697433472e-01
1.348438113927841187e-01
2.534568011760711670e-01
1.456463932991027832e-01
-1.202236935496330261e-01
4.327992349863052368e-02
-1.997769922018051147e-01
-7.419607788324356079e-02
5.758256465196609497e-02
1.729317009449005127e-03
2.420048974454402924e-02
-1.218460872769355774e-02
-5.417599901556968689e-02
-1.532111614942550659e-01
-7.486537098884582520e-02
-2.432040274143218994e-01
-3.278817832469940186e-01
2.649013698101043701e-02
5.914068967103958130e-02
-3.042703308165073395e-02
2.653610706329345703e-02
3.008318319916725159e-02
-1.864525116980075836e-02
-1.009760797023773193e-01
6.751962006092071533e-03
-3.146887570619583130e-02
5.914544314146041870e-02
-1.404333710670471191e-01
-2.033166773617267609e-02
1.366780698299407959e-01
5.913098901510238647e-02
-5.084861442446708679e-02
4.559341818094253540e-02
-8.327521383762359619e-03
-1.081584468483924866e-01
-2.892291173338890076e-03
-3.332139179110527039e-02
1.341353915631771088e-02
-2.884960547089576721e-02
4.667695239186286926e-02
-5.633989349007606506e-02
2.948883920907974243e-02
-2.494799643754959106e-01
-9.768514335155487061e-02
-1.518751978874206543e-01
-5.173732712864875793e-02
6.122714653611183167e-02
7.483146339654922485e-02
-5.230790749192237854e-02
2.157540991902351379e-02
1.938103581778705120e-03
1.595793291926383972e-02
5.618881061673164368e-02
-8.200538158416748047e-02
-4.148024693131446838e-02
-4.016599059104919434e-02
-1.668145693838596344e-02
-2.968544512987136841e-02
1.109394431114196777e-01
-1.775962263345718384e-01
1.839641481637954712e-01
9.295417927205562592e-03
-4.259532317519187927e-02
1.362182106822729111e-02
-5.564580485224723816e-02
9.167766198515892029e-03
8.781401813030242920e-02
-1.624799817800521851e-01
-5.162218213081359863e-02
1.609757691621780396e-01
-5.538606643676757812e-02
-5.474923551082611084e-02
5.804259702563285828e-02
3.137699887156486511e-02
-1.097119599580764771e-01
7.576749473810195923e-02
-5.250605195760726929e-02
1.421123147010803223e-01
8.579767495393753052e-02
-1.217045634984970093e-01
-1.289427578449249268e-01
1.408598572015762329e-02
1.103896126151084900e-01
-2.535562776029109955e-02
-7.394281774759292603e-02
-1.176964566111564636e-01
2.060905396938323975e-01
5.885018035769462585e-02
5.541874840855598450e-02
4.366895556449890137e-02
-2.078906893730163574e-01
-2.826722152531147003e-02
2.719932235777378082e-02
-1.849916726350784302e-01
7.466578483581542969e-02
-1.101553253829479218e-02
-1.040200423449277878e-02
-7.063555717468261719e-02
2.177632451057434082e-01
-3.305774182081222534e-02
8.119788765907287598e-02
1.128610521554946899e-01
6.230734288692474365e-02
-3.861978650093078613e-02
8.575231581926345825e-02
-7.907238602638244629e-02
-1.009082347154617310e-01
2.861010655760765076e-02
1.357815042138099670e-02
1.096067726612091064e-01
9.696545451879501343e-02
2.279672399163246155e-02
6.009296327829360962e-02
-5.354719609022140503e-02
-3.660626709461212158e-03
6.620394438505172729e-02
1.425335407257080078e-01
-4.537863656878471375e-02
-5.894714966416358948e-02
3.785872831940650940e-02
2.201720513403415680e-02
-6.080741994082927704e-03
7.276020944118499756e-02
-9.072257578372955322e-02
4.187301732599735260e-03
8.635770529508590698e-03
7.876849733293056488e-03
1.884588599205017090e-01
3.635476157069206238e-02
-1.109025925397872925e-01
1.312217265367507935e-01
-2.027256339788436890e-01
2.192997336387634277e-01
-1.751112788915634155e-01
9.533374011516571045e-02
6.191370636224746704e-02
-6.087407842278480530e-02
-6.792326271533966064e-02
2.095618657767772675e-02
-1.015362963080406189e-01
9.011237882077693939e-03
-9.877304732799530029e-02
4.229996353387832642e-02
-2.167697101831436157e-01
1.624903380870819092e-01
5.416695028543472290e-02
-2.608551643788814545e-02
1.522476375102996826e-01
-1.225461252033710480e-02
-3.298153635114431381e-03
-1.549525409936904907e-01
5.367064848542213440e-02
