1.213787123560905457e-02
1.261081099510192871e-01
1.000589039176702499e-02
-1.897933334112167358e-02
4.419061169028282166e-02
-4.740551486611366272e-02
-9.059026837348937988e-02
-2.948839776217937469e-02
6.171206012368202209e-02
3.594110906124114990e-02
5.455447733402252197e-02
-1.875756084918975830e-01
-1.099968925118446350e-01
3.999828919768333435e-02
-8.330676704645156860e-02
-1.723174005746841431e-02
1.286060810089111328e-01
1.245017573237419128e-01
-3.535341471433639526e-02
-1.411956399679183960e-01
3.645313531160354614e-02
5.399106442928314209e-02
7.051038742065429688e-02
-9.656538814306259155e-02
5.783906579017639160e-02
-2.210615761578083038e-02
1.642793267965316772e-01
1.330009847879409790e-01
1.240105181932449341e-01
7.969225989654660225e-04
-1.879488825798034668e-01
-4.781420156359672546e-02
-7.459204643964767456e-02
-1.501594334840774536e-01
-5.707756802439689636e-02
1.866785436868667603e-01
-1.523316558450460434e-02
6.135432422161102295e-02
-1.469336301088333130e-01
1.327397208660840988e-02
-1.066603232175111771e-02
-3.423312213271856308e-03
-7.048330735415220261e-03
-7.564084231853485107e-02
-1.325655821710824966e-02
1.437595579773187637e-02
-3.893582895398139954e-02
8.476505428552627563e-02
5.057143419981002808e-02
-1.442299336194992065e-01
-1.589967124164104462e-02
5.859182029962539673e-02
-6.830747425556182861e-02
1.412367671728134155e-01
6.914237164892256260e-04
3.029041364789009094e-02
7.359588891267776489e-02
-5.624437332153320312e-02
-5.722205620259046555e-03
7.287740707397460938e-02
8.117984980344772339e-02
-2.175789177417755127e-01
-8.395381271839141846e-02
8.537918329238891602e-02
-4.491503164172172546e-02
3.742101788520812988e-02
2.490582689642906189e-02
-8.982597291469573975e-02
-8.174608647823333740e-02
-2.352989651262760162e-02
-9.601019322872161865e-02
3.908548131585121155e-02
5.982265342026948929e-03
-7.072592526674270630e-02
-1.024249568581581116e-01
7.007670402526855469e-02
1.582358404994010925e-02
-1.330875456333160400e-01
1.772341690957546234e-02
1.175554171204566956e-01
-6.916928291320800781e-02
8.372154086828231812e-02
1.226556077599525452e-01
1.504403501749038696e-01
8.254218846559524536e-03
-6.926628947257995605e-02
5.771479383111000061e-02
-3.421809896826744080e-02
9.384425729513168335e-02
3.756101056933403015e-02
-5.137252435088157654e-02
-5.462666600942611694e-02
-8.919402956962585449e-02
-1.512139141559600830e-01
4.979649931192398071e-02
4.863568022847175598e-02
2.032529935240745544e-02
1.873727701604366302e-02
1.572944074869155884e-01
-2.788961678743362427e-02
5.644422024488449097e-02
1.214841604232788086e-01
1.181934773921966553e-01
1.449258625507354736e-01
-6.936414539813995361e-02
5.453845858573913574e-02
2.282580174505710602e-02
6.185067072510719299e-02
-7.068947702646255493e-02
1.388808935880661011e-01
2.412236668169498444e-02
-1.381606459617614746e-01
5.930538475513458252e-02
-2.659835666418075562e-02
1.125888526439666748e-02
-3.626560792326927185e-02
-7.510986179113388062e-02
2.514312565326690674e-01
5.983170121908187866e-02
7.198829203844070435e-02
5.179029540158808231e-04
3.622085228562355042e-02
1.347092539072036743e-02
-6.337076425552368164e-02
-5.855622515082359314e-02
9.761895984411239624e-02
-1.993767544627189636e-02
8.720342814922332764e-02
-7.271199673414230347e-02
1.234512496739625931e-02
4.635548219084739685e-02
4.200595989823341370e-02
-1.772294789552688599e-01
-1.205254718661308289e-02
-7.138566672801971436e-02
-1.791416257619857788e-01
1.590722650289535522e-01
6.939365994185209274e-04
-1.502045094966888428e-01
1.388183385133743286e-01
-9.995105117559432983e-02
-4.750282503664493561e-03
7.832797616720199585e-02
6.388041377067565918e-02
1.224859654903411865e-01
-4.692834615707397461e-02
7.588167209178209305e-04
-1.039886921644210815e-01
-6.751446425914764404e-02
1.169040985405445099e-02
-5.725415050983428955e-02
8.458694070577621460e-02
-2.477447986602783203e-01
-4.241888970136642456e-02
4.112169891595840454e-02
-1.889726221561431885e-01
-5.305766686797142029e-02
1.197471544146537781e-01
-9.852081537246704102e-02
-4.259844776242971420e-03
-1.090828850865364075e-01
-5.514506250619888306e-02
-2.253713645040988922e-02
7.596962898969650269e-02
1.775757521390914917e-01
7.590588927268981934e-02
5.255674477666616440e-03
3.624262660741806030e-02
8.973862975835800171e-03
-2.710634842514991760e-02
1.227410137653350830e-01
5.461467429995536804e-02
2.339906245470046997e-01
1.472671031951904297e-01
-5.812685936689376831e-02
5.042992159724235535e-02
-1.661043986678123474e-02
7.363569736480712891e-02
-3.625150537118315697e-03
-5.947054177522659302e-02
-5.114223062992095947e-02
1.205812767148017883e-01
-5.880157696083188057e-04
-2.287925034761428833e-02
-2.029746323823928833e-01
1.829664856195449829e-01
-1.329993605613708496e-01
1.753592630848288536e-03
1.583322584629058838e-01
-8.365630358457565308e-02
-5.195526033639907837e-02
-2.040894478559494019e-01
1.977791041135787964e-01
5.463883280754089355e-02
3.564287722110748291e-02
-5.417119339108467102e-02
-3.144735004752874374e-03
1.023625284433364868e-01
-7.011412642896175385e-03
-3.070889599621295929e-02
-1.351269781589508057e-01
9.350935369729995728e-02
-9.172579739242792130e-04
-7.292586844414472580e-03
1.452732533216476440e-01
6.347811967134475708e-02
-9.092918038368225098e-02
-2.454024367034435272e-02
1.293297205120325089e-02
-1.080143898725509644e-01
4.146463051438331604e-02
-1.002699043601751328e-02
4.725274816155433655e-02
-1.027470547705888748e-02
-4.842537268996238708e-02
2.937095938250422478e-03
1.885952800512313843e-01
-3.087004125118255615e-01
1.053013950586318970e-01
-3.281212598085403442e-02
-4.662134498357772827e-02
2.592740580439567566e-02
1.653134077787399292e-01
-5.895511060953140259e-02
-2.870770916342735291e-02
-3.146525323390960693e-01
-1.515806168317794800e-01
9.494662284851074219e-02
4.271142650395631790e-03
-1.262729167938232422e-01
2.636312507092952728e-02
5.647753551602363586e-02
-2.074989825487136841e-01
7.162891328334808350e-02
4.667437821626663208e-02
1.150993816554546356e-02
-1.089652776718139648e-01
-3.647278994321823120e-02
-1.669726669788360596e-01
9.637862443923950195e-02
-8.074021339416503906e-02
1.790293864905834198e-02
1.323358062654733658e-02
-1.998724974691867828e-02
-7.223709672689437866e-02
1.425252854824066162e-02
-1.102391909807920456e-02
1.061122566461563110e-01
-1.125260367989540100e-01
-1.464502662420272827e-01
1.018935814499855042e-01
2.920761145651340485e-02
-3.575858194380998611e-03
-6.511067599058151245e-02
1.148419231176376343e-01
8.274374529719352722e-03
-8.103187382221221924e-02
-1.694278866052627563e-01
1.140240021049976349e-02
8.672107756137847900e-02
-1.439539492130279541e-01
4.136899020522832870e-03
-2.647949755191802979e-02
-5.299073830246925354e-02
-1.423139721155166626e-01
2.922422252595424652e-02
3.674155846238136292e-02
-1.364144533872604370e-01
1.024579182267189026e-01
-5.503537505865097046e-02
2.288323454558849335e-02
1.240588650107383728e-01
1.630626432597637177e-02
-1.006561741232872009e-01
1.501782685518264771e-01
1.803670376539230347e-01
-6.559741497039794922e-02
-1.445552110671997070e-01
-1.343210190534591675e-01
-1.788881570100784302e-01
-1.569133251905441284e-02
-4.426793009042739868e-02
1.481983661651611328e-01
-3.644490987062454224e-02
4.407375305891036987e-02
9.979039430618286133e-03
-1.302472800016403198e-01
-1.495163142681121826e-02
-1.261014863848686218e-02
-1.001837849617004395e-01
7.625902444124221802e-02
-7.661945372819900513e-02
-9.531556814908981323e-02
2.608676627278327942e-02
-4.416221007704734802e-02
7.390754669904708862e-02
5.077577382326126099e-02
-1.734868809580802917e-02
5.418732762336730957e-02
-6.565439701080322266e-02
1.028031557798385620e-01
2.175034210085868835e-02
1.966293752193450928e-01
1.965073123574256897e-02
7.450638711452484131e-02
6.513971835374832153e-02
1.044548004865646362e-01
2.292513474822044373e-02
-1.553762108087539673e-01
9.561701864004135132e-02
-3.516589850187301636e-02
1.270072460174560547e-01
-1.052224785089492798e-01
2.316858023405075073e-01
-9.625548124313354492e-02
1.029859930276870728e-01
7.325302809476852417e-02
2.447447367012500763e-02
-5.631180480122566223e-02
-1.914714463055133820e-02
1.285715401172637939e-01
-2.742198109626770020e-02
4.668931663036346436e-02
1.473103910684585571e-01
8.375064283609390259e-02
-7.946343719959259033e-02
-1.302899271249771118e-01
-8.501721918582916260e-02
-9.338316321372985840e-02
5.959570035338401794e-02
1.072482243180274963e-01
4.978065192699432373e-02
8.971158415079116821e-02
-1.499130427837371826e-01
1.609596982598304749e-02
-2.512374520301818848e-01
3.201032057404518127e-02
-8.526720851659774780e-02
-3.874325752258300781e-02
-8.077561855316162109e-03
-9.269236773252487183e-02
-1.507863402366638184e-01
4.258805513381958008e-02
4.680882766842842102e-02
6.725839525461196899e-02
5.302631482481956482e-02
-2.521325834095478058e-02
2.888937294483184814e-02
2.899322845041751862e-02
-5.863607674837112427e-02
2.648463845252990723e-02
-8.238819986581802368e-02
-1.809672266244888306e-02
2.450686134397983551e-02
-9.213557466864585876e-03
1.593301892280578613e-01
1.201438251882791519e-02
2.175589092075824738e-02
1.508339196443557739e-01
-1.895814687013626099e-01
1.031055226922035217e-01
2.010193094611167908e-02
1.890509128570556641e-01
8.047961443662643433e-02
6.495172530412673950e-02
1.169596984982490540e-01
-8.929807692766189575e-02
1.308595091104507446e-01
-1.421543955802917480e-02
-1.095917895436286926e-01
1.354864537715911865e-01
-3.200872614979743958e-02
6.602375302463769913e-03
-5.240062996745109558e-02
1.392331421375274658e-01
-7.400617003440856934e-02
2.466869354248046875e-02
2.977785281836986542e-02
1.783178374171257019e-02
1.702429801225662231e-01
1.324536949396133423e-01
6.517300382256507874e-03
-7.150695472955703735e-02
-5.308165028691291809e-02
-4.804443195462226868e-02
1.669277995824813843e-01
-1.453520655632019043e-01
-2.193137072026729584e-03
1.291837394237518311e-01
5.308336019515991211e-02
-5.309371277689933777e-02
-1.069637574255466461e-02
-4.046196583658456802e-03
-3.010003827512264252e-03
-1.374383717775344849e-01
7.427830249071121216e-03
-2.485335245728492737e-02
1.366878207772970200e-02
-1.681150496006011963e-01
1.736184768378734589e-02
3.024646639823913574e-02
-5.659803748130798340e-02
-1.848747730255126953e-01
1.045635193586349487e-01
8.515267074108123779e-02
-1.143205910921096802e-01
8.322417736053466797e-02
-3.985194861888885498e-02
9.560466557741165161e-02
-6.438279896974563599e-02
5.651573091745376587e-02
-1.788148432970046997e-01
-1.511533185839653015e-02
2.687118053436279297e-01
-1.135849114507436752e-02
1.031755730509757996e-01
9.684336185455322266e-02
9.568384289741516113e-02
-1.983267068862915039e-02
7.772923260927200317e-02
-5.329208448529243469e-03
-4.883568733930587769e-02
-3.310550004243850708e-02
8.161620050668716431e-02
4.749323055148124695e-02
1.141769587993621826e-01
-1.977889537811279297e-01
1.143765971064567566e-01
-1.958754211664199829e-01
-3.551791235804557800e-02
8.092863485217094421e-03
2.051104232668876648e-02
-9.292261675000190735e-03
-2.211299538612365723e-01
2.282117903232574463e-01
4.821893572807312012e-02
-1.158712878823280334e-01
7.559204846620559692e-02
9.693343192338943481e-02
-1.833042204380035400e-01
5.693708732724189758e-02
1.049575731158256531e-01
1.932326517999172211e-02
1.718230098485946655e-01
3.194148838520050049e-02
-8.135027438402175903e-02
2.885619364678859711e-02
-3.410296514630317688e-02
-1.259086877107620239e-01
-1.056256368756294250e-01
