-5.681969970464706421e-02
-8.980591595172882080e-02
-4.563293978571891785e-02
3.709971159696578979e-02
-2.000778913497924805e-01
3.629611432552337646e-02
2.644816040992736816e-01
-6.524047255516052246e-02
-1.485861241817474365e-01
1.082594096660614014e-01
-4.438377544283866882e-02
5.955984815955162048e-02
-1.242659464478492737e-01
-2.057524211704730988e-02
-6.616111099720001221e-02
-1.118974760174751282e-01
-1.198963001370429993e-01
-2.353034447878599167e-03
5.055038630962371826e-02
-1.553486883640289307e-01
-1.487251669168472290e-01
9.766947478055953979e-02
-8.277772367000579834e-02
-1.092084422707557678e-01
1.205714512616395950e-02
1.185633838176727295e-01
-3.636552765965461731e-02
-5.948527157306671143e-02
1.055207774043083191e-01
-1.942875981330871582e-01
5.843161791563034058e-02
-1.606280542910099030e-02
-6.704366207122802734e-02
1.226070299744606018e-01
9.811394661664962769e-02
-1.141209900379180908e-02
-1.158086061477661133e-01
1.440456509590148926e-01
-1.662291027605533600e-02
1.189764589071273804e-01
2.914095818996429443e-01
-6.460265070199966431e-02
3.393125161528587341e-02
1.148518696427345276e-01
-1.223341822624206543e-01
3.672959282994270325e-02
5.608053505420684814e-02
3.505345061421394348e-02
7.599220424890518188e-02
-4.057785496115684509e-02
-3.991175442934036255e-02
4.321238398551940918e-02
2.515780925750732422e-02
-6.871401518583297729e-02
-1.861195415258407593e-01
5.158334225416183472e-02
-1.080347690731287003e-02
-5.865896493196487427e-02
-3.415662795305252075e-02
-4.088847339153289795e-02
-6.339015811681747437e-02
1.325147151947021484e-01
-2.445248886942863464e-02
-7.496263831853866577e-02
-1.110967174172401428e-01
-5.790567025542259216e-02
-1.723236218094825745e-02
-1.257664617151021957e-02
5.120363086462020874e-03
-2.164175361394882202e-01
5.932494997978210449e-02
-6.618347764015197754e-02
-3.922295197844505310e-02
-1.122686117887496948e-01
1.186115965247154236e-01
-8.962886780500411987e-02
-9.463724680244922638e-03
-3.273497894406318665e-02
1.662753969430923462e-01
-9.617775678634643555e-03
1.090948805212974548e-01
-3.967451676726341248e-02
-3.598985448479652405e-02
1.263427287340164185e-01
3.820689767599105835e-02
3.067470341920852661e-02
3.579451004043221474e-03
7.582578063011169434e-02
-1.510026305913925171e-01
6.767426431179046631e-02
1.731200516223907471e-01
-9.476317092776298523e-03
-1.202619373798370361e-01
-2.080980502068996429e-02
1.476517468690872192e-01
1.137680783867835999e-01
-1.665655970573425293e-01
1.366735063493251801e-02
-7.360176742076873779e-02
5.594067275524139404e-02
-1.718271225690841675e-01
-1.399235916323959827e-03
-1.213163584470748901e-01
1.584321409463882446e-01
5.206083878874778748e-02
2.347307652235031128e-02
-2.058456651866436005e-02
-3.080707788467407227e-02
-1.919443756341934204e-01
3.454652428627014160e-02
1.554874628782272339e-01
-1.441552191972732544e-01
6.465578079223632812e-02
1.274276673793792725e-01
-2.498602308332920074e-02
-3.126110881567001343e-02
-4.488540068268775940e-02
1.334260106086730957e-01
8.592098951339721680e-03
6.144694611430168152e-02
1.162612140178680420e-01
1.335624456405639648e-01
1.424899846315383911e-01
9.047183394432067871e-02
4.890908673405647278e-02
-1.415334492921829224e-01
7.965132594108581543e-02
5.364973098039627075e-02
-1.147449947893619537e-02
-4.763825610280036926e-02
-1.005892232060432434e-01
2.738439105451107025e-02
-3.689605044201016426e-03
9.873021394014358521e-03
9.031343460083007812e-02
-1.205795332789421082e-01
1.001907587051391602e-01
1.553937513381242752e-02
8.047097176313400269e-02
1.237717941403388977e-01
3.800392895936965942e-02
-2.875031344592571259e-02
1.613585352897644043e-01
2.303534885868430138e-03
1.043119356036186218e-01
-1.312392354011535645e-01
-9.697803109884262085e-02
2.778379246592521667e-02
2.088960073888301849e-02
8.396308124065399170e-02
8.358720690011978149e-02
-9.050235152244567871e-02
5.748275294899940491e-02
1.497511868365108967e-03
-6.038270518183708191e-02
1.527813822031021118e-01
1.381136327981948853e-01
1.257438957691192627e-01
-1.083805263042449951e-01
-9.918208420276641846e-02
-1.872067749500274658e-01
3.929342329502105713e-02
-7.917001843452453613e-03
8.721858263015747070e-03
9.034113585948944092e-02
3.266709670424461365e-02
-1.177829653024673462e-01
6.041456013917922974e-02
4.532630369067192078e-02
2.268420532345771790e-02
-8.069706708192825317e-02
-1.282551698386669159e-02
6.873705983161926270e-02
-1.722955889999866486e-02
9.901892393827438354e-02
-2.002128958702087402e-01
-2.981298975646495819e-02
1.566212624311447144e-01
5.133051425218582153e-02
-7.607953995466232300e-02
-1.552999019622802734e-01
-8.435461670160293579e-02
3.826231881976127625e-02
-2.171334922313690186e-01
-1.233785003423690796e-01
7.955532055348157883e-04
3.898998722434043884e-02
-1.638762801885604858e-01
-3.047436289489269257e-02
1.856018230319023132e-02
-2.238220162689685822e-02
1.456840783357620239e-01
-1.011181771755218506e-01
-3.953469172120094299e-02
-9.690790623426437378e-02
1.962512284517288208e-01
-7.484947890043258667e-02
1.127246096730232239e-01
9.163374453783035278e-02
8.011659979820251465e-02
1.186551302671432495e-01
1.175650805234909058e-01
-3.768473165109753609e-03
2.000459730625152588e-01
-4.240283370018005371e-02
-5.877809971570968628e-02
1.835340075194835663e-02
8.304558694362640381e-02
-2.036082558333873749e-02
3.002959303557872772e-02
-2.378890290856361389e-02
-1.311059445142745972e-01
-4.580629616975784302e-02
-8.147244900465011597e-02
8.330829441547393799e-03
-6.584210693836212158e-02
-1.596598327159881592e-01
-1.523204594850540161e-01
-8.181703090667724609e-02
-9.221304953098297119e-02
1.523388898931443691e-03
1.306422054767608643e-01
-6.252285093069076538e-02
-3.435282781720161438e-02
8.137869834899902344e-02
3.255298361182212830e-02
-7.943786680698394775e-02
3.713450953364372253e-02
-1.188988462090492249e-01
-1.553260982036590576e-01
-1.982291229069232941e-02
-1.178789734840393066e-01
-7.174990326166152954e-02
-6.676486879587173462e-02
-1.149473041296005249e-01
-1.123462840914726257e-01
2.095450088381767273e-02
-6.725982576608657837e-02
6.647895276546478271e-02
5.756581202149391174e-03
-2.085821889340877533e-02
4.191506188362836838e-03
-1.436195969581604004e-01
-3.550162911415100098e-02
1.419474035501480103e-01
-5.613665655255317688e-02
3.969502821564674377e-02
1.042635217308998108e-01
-5.749698355793952942e-02
1.096329614520072937e-01
2.612040378153324127e-02
4.078626260161399841e-02
-7.254233211278915405e-02
5.540151894092559814e-02
1.383982598781585693e-01
-2.507268451154232025e-02
-8.864056318998336792e-02
1.150435209274291992e-01
-6.519880890846252441e-02
-1.169981732964515686e-01
1.539134792983531952e-02
5.558511242270469666e-02
3.560687601566314697e-02
5.792440846562385559e-03
9.641087055206298828e-02
7.784072309732437134e-02
-5.899414792656898499e-02
-4.145698249340057373e-02
1.117162182927131653e-01
-1.730657764710485935e-03
4.522607102990150452e-02
5.188699439167976379e-02
-8.232643455266952515e-02
-2.434452921152114868e-01
-8.621763437986373901e-03
1.340624541044235229e-01
-4.179429262876510620e-02
-2.354115098714828491e-01
1.002275347709655762e-01
-6.357054691761732101e-03
2.491464763879776001e-01
4.808831587433815002e-02
6.247099116444587708e-02
1.197633221745491028e-01
8.822847902774810791e-02
4.101859405636787415e-02
3.780993446707725525e-02
-2.244606465101242065e-01
1.036276593804359436e-01
1.986745595932006836e-01
1.076286956667900085e-01
6.926623731851577759e-02
-1.774336099624633789e-01
-6.297816336154937744e-02
2.526880800724029541e-01
-1.306480467319488525e-01
-1.935215890407562256e-01
3.976986929774284363e-02
1.692657619714736938e-01
-1.285955030471086502e-02
3.384857997298240662e-02
5.080496892333030701e-02
1.149483695626258850e-01
-7.125122100114822388e-02
2.923683822154998779e-02
7.170965522527694702e-02
-2.132124453783035278e-02
-7.702790945768356323e-02
-1.551893353462219238e-02
-4.728270694613456726e-02
-2.039891630411148071e-01
5.156112462282180786e-02
-1.918618232011795044e-01
6.124152988195419312e-02
1.357237696647644043e-01
-1.864564269781112671e-01
-8.221937716007232666e-02
-1.072640419006347656e-01
5.050551146268844604e-02
-1.539944410324096680e-01
-5.629447102546691895e-02
-1.272297929972410202e-02
1.123966276645660400e-02
-8.387947082519531250e-02
-3.569256141781806946e-02
1.079439595341682434e-01
-4.030678421258926392e-02
3.510659933090209961e-02
-2.300911210477352142e-02
-1.586066782474517822e-01
-7.990562170743942261e-02
8.649070560932159424e-02
-9.262952953577041626e-02
3.356966003775596619e-02
-1.576829105615615845e-01
1.719822436571121216e-01
-1.778235584497451782e-01
6.679974496364593506e-02
1.438477188348770142e-01
2.437113970518112183e-02
-8.446304500102996826e-02
2.715120315551757812e-01
-1.281403843313455582e-02
-1.985624060034751892e-02
-7.758383452892303467e-02
-3.288647858425974846e-03
2.902470715343952179e-02
-1.748109161853790283e-01
4.970762878656387329e-02
-4.950428754091262817e-02
-2.199488133192062378e-02
1.594244837760925293e-01
1.606326252222061157e-01
-2.445628866553306580e-02
1.317283958196640015e-01
8.337473124265670776e-02
5.610205233097076416e-02
4.419452697038650513e-02
3.368780482560396194e-03
-1.722637563943862915e-02
-1.780566871166229248e-01
-2.100632041692733765e-01
-1.127724349498748779e-01
9.586934000253677368e-02
-1.354629844427108765e-01
-1.982923597097396851e-02
9.478591382503509521e-02
-5.543685704469680786e-02
-5.101844668388366699e-02
-1.879954785108566284e-01
2.168031781911849976e-01
-1.403369605541229248e-01
2.048058807849884033e-02
8.699990063905715942e-02
7.662951201200485229e-02
1.372474804520606995e-02
-1.423533558845520020e-01
7.881271094083786011e-02
-5.794060230255126953e-02
-7.919389009475708008e-02
-1.763216555118560791e-01
1.518354862928390503e-01
1.841825097799301147e-01
7.311046868562698364e-02
2.031836211681365967e-01
-2.104575037956237793e-01
1.474246084690093994e-01
2.232757396996021271e-02
-4.799583181738853455e-02
5.233589187264442444e-02
8.098419010639190674e-02
4.140082746744155884e-02
1.333401948213577271e-01
1.290374714881181717e-02
-2.744170092046260834e-02
4.341586306691169739e-02
6.545607000589370728e-02
-2.339504286646842957e-02
5.087068304419517517e-02
-3.199860453605651855e-02
-8.516225218772888184e-02
1.134471744298934937e-01
1.104766502976417542e-01
3.778833523392677307e-02
8.463241159915924072e-02
3.755401819944381714e-02
-1.286456137895584106e-01
1.392828226089477539e-01
-2.766823209822177887e-02
-6.588948890566825867e-03
-9.066225588321685791e-02
1.180822029709815979e-01
7.766664773225784302e-02
3.604931756854057312e-02
-6.117328628897666931e-02
1.339419186115264893e-01
6.087879836559295654e-02
-3.056542715057730675e-03
1.239968910813331604e-01
8.064302802085876465e-02
1.654547750949859619e-01
1.720357127487659454e-02
1.438865512609481812e-01
-1.051855236291885376e-01
1.195327788591384888e-01
-1.439188271760940552e-01
1.105110254138708115e-02
8.492927253246307373e-02
-3.633604198694229126e-02
1.042165756225585938e-01
-1.649170964956283569e-01
1.289911866188049316e-01
-1.053446717560291290e-02
1.968810893595218658e-02
9.030143171548843384e-02
-2.062678039073944092e-01
-4.676707088947296143e-02
-1.753543466329574585e-01
-2.661566017195582390e-03
-2.444919794797897339e-01
1.197435855865478516e-01
-4.805724695324897766e-02
6.355122476816177368e-02
5.074920877814292908e-02
8.917931467294692993e-03
6.205877661705017090e-02
-1.172871366143226624e-01
-4.144507646560668945e-02
-5.884071439504623413e-02
2.201910130679607391e-03
