-7.842716574668884277e-02
2.750040963292121887e-02
4.791359975934028625e-02
1.127014160156250000e-01
-1.418903321027755737e-01
-3.366970643401145935e-02
1.130591556429862976e-01
-6.244185194373130798e-02
9.168458054773509502e-04
-3.477655723690986633e-02
-5.123163387179374695e-02
1.255882084369659424e-01
6.790691614151000977e-02
-2.813931107521057129e-01
2.207162976264953613e-02
-2.059035599231719971e-01
1.106434613466262817e-01
-3.586261346936225891e-02
7.155044376850128174e-02
2.015490829944610596e-02
-1.869530603289604187e-02
-3.362819552421569824e-02
1.063211858272552490e-01
-5.113762337714433670e-03
-2.181964814662933350e-01
-1.102558802813291550e-02
9.434817358851432800e-03
-7.973474566824734211e-04
2.164172567427158356e-02
7.475635409355163574e-02
-1.973098963499069214e-01
2.360579073429107666e-01
-6.680805236101150513e-02
1.994440332055091858e-02
8.042237162590026855e-02
5.616042017936706543e-02
-5.772785097360610962e-02
5.531802400946617126e-02
-7.132966816425323486e-02
-4.430571570992469788e-02
-9.695526957511901855e-02
5.188782885670661926e-02
-1.779220700263977051e-01
-6.325314939022064209e-02
-1.152409017086029053e-01
-1.339621543884277344e-01
-8.475451916456222534e-02
-6.769590824842453003e-02
4.441466927528381348e-02
2.961279451847076416e-02
1.980658769607543945e-01
5.718629807233810425e-02
-8.627320826053619385e-02
-1.214951798319816589e-01
-1.885716803371906281e-03
1.674304604530334473e-01
-3.499460592865943909e-02
7.264676690101623535e-02
-3.877008333802223206e-02
2.296887710690498352e-02
-1.849554330110549927e-01
-3.882810100913047791e-02
-1.246029213070869446e-01
-2.346857823431491852e-02
9.423990547657012939e-02
3.720227256417274475e-02
9.291031956672668457e-02
5.476595833897590637e-02
-5.354915745556354523e-03
-1.304640173912048340e-01
5.874990671873092651e-02
-3.167966753244400024e-02
-9.034451097249984741e-02
6.582024693489074707e-02
-2.626515738666057587e-02
-1.327634304761886597e-01
6.631285697221755981e-02
-5.198263004422187805e-02
1.920206286013126373e-02
-7.128635793924331665e-02
8.859840780496597290e-02
4.106169566512107849e-02
7.604890270158648491e-04
7.175745815038681030e-02
8.433020114898681641e-02
1.099134385585784912e-01
-2.178671397268772125e-02
1.542569845914840698e-01
1.323257684707641602e-01
-1.250903867185115814e-02
1.731960028409957886e-01
-2.179316431283950806e-02
-2.231511101126670837e-02
6.653113663196563721e-02
-1.214635744690895081e-01
1.179236080497503281e-02
7.271070778369903564e-02
9.121538698673248291e-02
1.383196860551834106e-01
7.647117227315902710e-02
-5.181916058063507080e-03
-9.167720377445220947e-02
-1.022245958447456360e-01
-4.723914340138435364e-02
-1.270648539066314697e-01
-1.071826890110969543e-01
6.766326725482940674e-02
2.168101072311401367e-02
7.269285619258880615e-02
7.157324254512786865e-02
-2.609891258180141449e-02
-1.672286689281463623e-01
1.211302131414413452e-01
-9.453419595956802368e-02
-1.862254291772842407e-01
8.885602653026580811e-02
-6.250054389238357544e-02
-1.085389703512191772e-01
-2.436887323856353760e-01
-1.425842344760894775e-01
-1.192942857742309570e-01
1.581437513232231140e-02
1.057755127549171448e-01
-9.626962244510650635e-03
-4.853036627173423767e-02
7.244344800710678101e-02
6.244115531444549561e-02
1.061040982604026794e-01
-2.147346735000610352e-01
2.047317102551460266e-03
-8.653933554887771606e-02
1.000825986266136169e-01
6.146284937858581543e-02
-1.132930666208267212e-01
9.598418325185775757e-02
3.691504523158073425e-02
-4.876495897769927979e-02
-9.729265421628952026e-02
8.061620593070983887e-02
-3.473408892750740051e-02
-4.140964895486831665e-02
-4.424761980772018433e-02
-6.375105679035186768e-02
-1.050295084714889526e-01
-4.359466582536697388e-02
-2.535276412963867188e-01
2.941369451582431793e-02
7.217492908239364624e-02
3.307723253965377808e-02
1.426549106836318970e-01
-1.496652513742446899e-01
9.549109637737274170e-02
4.933350160717964172e-02
-1.035978347063064575e-01
9.210655465722084045e-03
6.990040838718414307e-02
1.629835809580981731e-03
-2.265826463699340820e-01
-8.405341207981109619e-02
-4.397090896964073181e-02
4.450170323252677917e-02
5.213898047804832458e-02
3.154074400663375854e-02
6.225099042057991028e-02
-8.022245019674301147e-02
5.541633442044258118e-02
-2.760184742510318756e-02
2.568220719695091248e-03
-7.228142768144607544e-02
-4.562741145491600037e-02
-1.237513311207294464e-02
6.415655836462974548e-03
-6.974120438098907471e-02
3.806631639599800110e-02
2.106918990612030029e-01
8.911997079849243164e-02
-1.638728529214859009e-01
-1.293610036373138428e-02
6.008100509643554688e-02
-1.344435662031173706e-01
3.665926307439804077e-02
8.000927418470382690e-02
-3.619543462991714478e-02
-1.909740567207336426e-01
5.718077346682548523e-02
-3.313088417053222656e-02
4.601565748453140259e-02
6.390129216015338898e-03
1.841941177845001221e-01
3.420935198664665222e-02
-1.866217702627182007e-02
8.096387027762830257e-04
4.867465049028396606e-02
-2.653997763991355896e-02
-5.529855564236640930e-02
5.040573328733444214e-02
-6.653174757957458496e-02
-1.161970198154449463e-01
6.894066929817199707e-02
-1.254483461380004883e-01
-2.157592773437500000e-01
-6.659149378538131714e-02
-6.514508277177810669e-02
-8.500379510223865509e-03
2.108412049710750580e-02
-1.040262430906295776e-01
6.298895180225372314e-02
-1.337628513574600220e-01
9.609894454479217529e-02
-1.983893662691116333e-01
-4.147385060787200928e-02
-2.234160304069519043e-01
-4.880959168076515198e-02
-9.590378403663635254e-02
-4.729909449815750122e-02
-4.644599556922912598e-02
-7.981913536787033081e-02
-1.373890340328216553e-01
-9.787894785404205322e-02
-1.051680594682693481e-01
-1.262634247541427612e-01
-6.896362453699111938e-02
7.339790463447570801e-02
-1.082819923758506775e-01
3.103572316467761993e-02
4.862806573510169983e-02
-1.395358443260192871e-01
-1.441317349672317505e-01
1.747222095727920532e-01
1.099692434072494507e-01
2.026690840721130371e-01
-1.950424723327159882e-02
-1.428420990705490112e-01
1.924216598272323608e-01
-3.479766100645065308e-02
1.271313130855560303e-01
6.667914800345897675e-03
1.552871316671371460e-01
1.580305397510528564e-01
-9.678621590137481689e-02
2.176348268985748291e-01
3.292874991893768311e-02
8.842346072196960449e-02
7.771479338407516479e-02
-1.315420269966125488e-01
-2.166767865419387817e-01
-1.715603023767471313e-01
-1.052413806319236755e-01
-5.568091198801994324e-02
6.833598762750625610e-02
1.472427845001220703e-01
1.272229850292205811e-01
2.062168531119823456e-02
3.577254712581634521e-02
-9.708102792501449585e-02
9.235338121652603149e-02
1.110160052776336670e-01
-9.585362859070301056e-03
-1.138902232050895691e-01
3.003749065101146698e-02
-1.790140718221664429e-01
2.713154442608356476e-02
-9.514809399843215942e-02
-9.501467645168304443e-02
-1.402078568935394287e-01
-3.260306315496563911e-03
6.138587743043899536e-02
-1.668395698070526123e-01
8.572830259799957275e-02
-2.331575192511081696e-02
-6.348872929811477661e-02
-7.558553665876388550e-02
-2.112631201744079590e-01
7.035388052463531494e-02
8.429043740034103394e-02
2.726313471794128418e-01
-7.052352279424667358e-02
2.479495294392108917e-02
5.389498546719551086e-02
-1.222563236951828003e-01
8.534210920333862305e-02
5.246933922171592712e-02
6.952511519193649292e-02
1.261014491319656372e-03
-1.903021782636642456e-01
1.033602729439735413e-01
-7.210305333137512207e-02
-1.443846076726913452e-01
-8.405713737010955811e-02
-5.276363343000411987e-03
-1.291177123785018921e-01
-1.063055321574211121e-01
-5.798333883285522461e-02
1.255298256874084473e-01
1.940363831818103790e-02
-2.224531471729278564e-01
-2.473664097487926483e-02
3.913141321390867233e-03
-1.198600530624389648e-01
-9.062282624654471874e-04
1.704862117767333984e-01
-8.011079579591751099e-02
4.408918321132659912e-02
2.224917523562908173e-03
-9.511123597621917725e-02
-1.112064644694328308e-01
1.658760309219360352e-01
-2.857329882681369781e-02
3.576718270778656006e-02
6.407053768634796143e-02
-2.444973587989807129e-01
7.508105039596557617e-02
-1.255106776952743530e-01
1.989970216527581215e-03
-1.474885493516921997e-01
1.310924068093299866e-02
7.410943508148193359e-02
4.807467758655548096e-02
-1.175687089562416077e-01
5.248419567942619324e-02
-3.242147341370582581e-02
-1.594712026417255402e-02
2.626198530197143555e-02
-1.466990262269973755e-01
-5.431952700018882751e-02
-3.070124238729476929e-02
-1.296347826719284058e-01
-2.846616506576538086e-02
1.566758565604686737e-02
-6.026518344879150391e-02
1.564599722623825073e-01
9.721630066633224487e-02
-3.309569507837295532e-02
-3.194776177406311035e-02
-3.443912044167518616e-02
2.973315306007862091e-02
7.461098581552505493e-02
-9.402901679277420044e-02
-4.248574841767549515e-03
-4.964075237512588501e-02
4.002984613180160522e-02
-3.743379190564155579e-02
-7.852566242218017578e-02
-2.508217468857765198e-03
-3.047825023531913757e-02
1.312223076820373535e-01
2.963784616440534592e-03
1.024137288331985474e-01
3.737794980406761169e-02
-6.988880783319473267e-02
1.965228319168090820e-01
3.765839338302612305e-02
-1.916511803865432739e-01
-1.049982979893684387e-01
-1.387097593396902084e-02
1.112182289944030344e-04
6.887019425630569458e-02
3.722533211112022400e-02
-1.675012558698654175e-01
-1.000908911228179932e-01
8.218994736671447754e-02
8.915654383599758148e-03
1.060128808021545410e-01
1.348312245681881905e-03
-1.653122603893280029e-01
-6.441907584667205811e-02
-8.801427483558654785e-02
7.158575206995010376e-02
-1.304578781127929688e-01
-2.974999882280826569e-02
1.326609551906585693e-01
-1.068205833435058594e-01
3.008393943309783936e-02
6.179386377334594727e-02
-5.129439756274223328e-02
-1.653088629245758057e-02
-2.911268174648284912e-02
-1.430369168519973755e-01
-2.003481239080429077e-02
2.330036088824272156e-02
-1.260375380516052246e-01
-1.052683293819427490e-01
2.909479429945349693e-03
-2.509658932685852051e-01
-4.972583055496215820e-02
-8.211679756641387939e-02
-6.834891438484191895e-02
-1.544827818870544434e-01
2.834971249103546143e-01
-1.606177240610122681e-01
1.025915443897247314e-01
-4.565582051873207092e-02
-2.338094413280487061e-01
-4.866225644946098328e-02
8.656717836856842041e-02
8.586134761571884155e-02
-5.549566447734832764e-02
-1.708896458148956299e-01
2.354091554880142212e-01
-1.044386476278305054e-01
4.332014359533786774e-03
-1.369809061288833618e-01
1.069236695766448975e-01
4.474186152219772339e-02
-2.268917299807071686e-02
1.574358195066452026e-01
-3.359106928110122681e-02
3.755511343479156494e-02
7.770714908838272095e-02
1.272978186607360840e-01
1.628763526678085327e-01
4.561926051974296570e-02
-1.359982192516326904e-01
-1.065371856093406677e-01
-7.418525218963623047e-02
-4.425046965479850769e-02
-8.688160032033920288e-02
8.818098157644271851e-02
-1.988531649112701416e-01
-1.433692872524261475e-01
-1.144365814980119467e-04
7.864224165678024292e-02
-5.156236514449119568e-02
7.763619720935821533e-02
-1.010858491063117981e-01
5.509043112397193909e-02
1.009785085916519165e-01
9.883047640323638916e-02
-2.238109111785888672e-01
-3.326174616813659668e-02
-1.907341778278350830e-01
2.991994284093379974e-02
-2.288428880274295807e-02
-8.459831029176712036e-02
-9.778275340795516968e-02
-2.868772745132446289e-01
-5.791909992694854736e-02
-6.115024909377098083e-02
1.992566511034965515e-02
8.382023125886917114e-02
-1.045273020863533020e-01
1.152739897370338440e-01
-6.161731481552124023e-02
2.121414616703987122e-02
4.491704702377319336e-02
-1.142368167638778687e-01
-1.230845600366592407e-01
-4.559337627142667770e-03
7.952862232923507690e-02
-9.486176073551177979e-02
