1.315728127956390381e-01
-2.108635753393173218e-01
1.200562119483947754e-01
-7.167909294366836548e-02
1.270420663058757782e-02
7.706860452890396118e-02
1.320969164371490479e-01
-4.651830345392227173e-02
2.663319110870361328e-01
8.168573677539825439e-02
-2.852747682482004166e-03
2.963592298328876495e-02
1.107888445258140564e-01
-4.526489973068237305e-02
1.748193651437759399e-01
-2.580748200416564941e-01
-6.744314730167388916e-02
7.655508071184158325e-02
-6.122691184282302856e-02
-7.009281963109970093e-02
-3.928719088435173035e-02
1.345986872911453247e-01
-1.421529203653335571e-01
3.786747157573699951e-02
-1.532510370016098022e-01
3.441157285124063492e-03
7.436420302838087082e-03
-1.034520044922828674e-01
3.784083947539329529e-02
-7.924502342939376831e-02
-4.692425578832626343e-02
-7.262224704027175903e-02
-5.662202462553977966e-02
-7.116146385669708252e-02
-1.062398925423622131e-01
-3.470885753631591797e-02
1.344375759363174438e-01
6.635822355747222900e-02
2.971555851399898529e-02
-4.900440201163291931e-02
-6.438224762678146362e-02
2.416839823126792908e-02
-2.382723055779933929e-02
9.941874444484710693e-02
-7.410598546266555786e-02
-2.089210599660873413e-02
4.431721568107604980e-02
-3.636779636144638062e-02
2.052489668130874634e-02
-4.456299543380737305e-02
-1.016074195504188538e-01
1.022884771227836609e-01
2.672069240361452103e-03
-1.138140559196472168e-01
2.162125892937183380e-02
1.543982326984405518e-01
3.239487111568450928e-02
-1.343197077512741089e-01
1.181990727782249451e-01
1.661981940269470215e-01
4.173442721366882324e-02
-1.823618859052658081e-01
-1.474037021398544312e-01
5.976627394556999207e-02
2.899160981178283691e-02
1.034585535526275635e-01
-1.530939713120460510e-03
-3.371214121580123901e-02
5.117093026638031006e-02
2.077946253120899200e-02
1.248075738549232483e-01
-8.483275026082992554e-02
-1.794173382222652435e-02
1.346651166677474976e-01
3.975909668952226639e-03
6.228535622358322144e-02
-7.726217806339263916e-02
-1.188703700900077820e-01
6.610542535781860352e-02
-9.652402997016906738e-02
-1.536197513341903687e-01
-5.885587260127067566e-02
-4.213199019432067871e-02
5.589311569929122925e-02
-2.062558978796005249e-01
-1.066965982317924500e-01
-2.915615029633045197e-02
7.269072532653808594e-02
-1.018051803112030029e-02
1.265870630741119385e-01
-2.580338343977928162e-02
-3.129220381379127502e-02
-9.507011622190475464e-02
-1.327325552701950073e-01
2.290518581867218018e-01
2.221249975264072418e-02
7.445856183767318726e-02
5.822200328111648560e-03
-2.163037210702896118e-01
2.460185810923576355e-02
