-1.650301180779933929e-02
1.726010143756866455e-01
-1.776444166898727417e-01
-2.091352129355072975e-03
-1.303684618324041367e-02
-6.424397230148315430e-02
2.289219945669174194e-01
-1.549264341592788696e-01
-4.349575936794281006e-02
1.038254471495747566e-03
1.071612611413002014e-01
6.618132442235946655e-02
-1.498840302228927612e-01
-1.007043048739433289e-01
-1.265767216682434082e-01
1.343054473400115967e-01
9.841947816312313080e-03
4.426126927137374878e-02
3.745819267351180315e-04
1.162350550293922424e-02
-3.311921656131744385e-02
-3.297165408730506897e-02
1.192022766917943954e-02
-1.380492933094501495e-02
1.300936192274093628e-01
1.298313736915588379e-01
-1.475905030965805054e-01
-1.640912145376205444e-01
-5.852742865681648254e-02
1.029447913169860840e-01
-1.154875531792640686e-01
4.211305454373359680e-02
-9.951054304838180542e-02
3.546120971441268921e-02
-1.031655073165893555e-01
-1.333683580160140991e-01
-5.965658649802207947e-02
1.972566731274127960e-02
-9.254730492830276489e-02
4.603875800967216492e-02
5.065099149942398071e-02
-3.461828827857971191e-02
-1.542216390371322632e-01
-1.261328458786010742e-01
5.062561016529798508e-03
4.307417571544647217e-02
-1.321637481451034546e-01
6.232940126210451126e-03
3.152429824694991112e-03
-1.651998795568943024e-02
6.861945241689682007e-02
4.938524588942527771e-02
-1.460382789373397827e-01
-3.191895782947540283e-02
1.249447390437126160e-01
2.795231342315673828e-02
7.683490961790084839e-02
-2.240182459354400635e-01
-6.726939231157302856e-02
-3.478573635220527649e-02
2.567730657756328583e-02
-1.743873506784439087e-01
-1.749547384679317474e-02
1.422916501760482788e-01
2.710430696606636047e-02
1.501110848039388657e-02
-3.233090415596961975e-02
-7.994993776082992554e-02
-8.646305650472640991e-02
1.173498630523681641e-01
-6.265153735876083374e-02
-1.107793450355529785e-01
-9.721911512315273285e-03
1.448244899511337280e-01
-4.886537417769432068e-02
6.140185520052909851e-02
-1.206701323390007019e-01
-9.159859269857406616e-02
5.238956958055496216e-02
-7.699494808912277222e-02
-1.246349811553955078e-01
-2.738992869853973389e-01
9.165897220373153687e-02
-8.209729939699172974e-02
7.265519350767135620e-02
-9.098007529973983765e-02
-1.714729964733123779e-01
-2.075656205415725708e-01
7.801505178213119507e-02
6.718055903911590576e-02
-1.009139581583440304e-03
-1.406477838754653931e-01
1.051667928695678711e-01
6.650172919034957886e-02
3.820165246725082397e-02
2.644625306129455566e-02
-7.938873022794723511e-02
1.361597236245870590e-02
-3.050551190972328186e-02
3.349040867760777473e-03
-8.531146496534347534e-02
1.339117586612701416e-01
-1.468554791063070297e-02
1.765777468681335449e-01
-6.744167953729629517e-02
-5.692064389586448669e-02
-9.092494100332260132e-02
-4.588095471262931824e-02
-7.385927438735961914e-02
-1.588142365217208862e-01
-7.652162015438079834e-02
1.303229182958602905e-01
-1.015053391456604004e-01
7.499818503856658936e-02
-8.502759784460067749e-02
6.371550261974334717e-02
-3.254967555403709412e-02
3.814578056335449219e-02
-2.010148484259843826e-03
1.227648854255676270e-01
