1.109388843178749084e-01
-2.745561860501766205e-02
-6.652156263589859009e-02
3.984102606773376465e-02
-1.024366021156311035e-01
-1.245733648538589478e-01
1.472728401422500610e-01
-5.158392712473869324e-02
-1.482176482677459717e-01
6.221347674727439880e-02
7.592030614614486694e-02
9.129650890827178955e-02
1.844868063926696777e-01
-7.624394446611404419e-02
-4.160404577851295471e-02
2.496046274900436401e-01
3.782329708337783813e-02
5.765359383076429367e-04
9.182747453451156616e-02
-2.215254157781600952e-01
-1.941446773707866669e-02
1.074936762452125549e-01
-1.021323800086975098e-01
-2.254531905055046082e-02
4.679857194423675537e-02
8.669115602970123291e-02
-1.028056070208549500e-01
-1.132612824440002441e-01
6.350555270910263062e-02
7.882084697484970093e-02
-4.860097542405128479e-03
-9.928604215383529663e-02
-4.655112326145172119e-02
-2.983908867463469505e-03
-3.247453644871711731e-02
4.797472432255744934e-02
-5.131512507796287537e-02
-7.318068295717239380e-02
-1.361793875694274902e-01
1.483299769461154938e-02
-1.896495670080184937e-01
7.771512866020202637e-02
-5.094652250409126282e-02
-1.061139106750488281e-01
1.927873939275741577e-01
1.030850782990455627e-01
-8.011269383132457733e-03
-6.305076926946640015e-02
-8.538287132978439331e-02
3.128525242209434509e-02
-6.438598781824111938e-02
-4.819411039352416992e-02
-2.913886681199073792e-02
1.256224960088729858e-01
-1.227617263793945312e-01
-8.070664852857589722e-02
-4.589056130498647690e-03
-3.839284926652908325e-02
3.259146586060523987e-02
8.609598502516746521e-03
-1.341831404715776443e-02
9.774103015661239624e-02
-4.737811908125877380e-02
-4.099929332733154297e-02
-1.349325943738222122e-02
9.976725280284881592e-02
4.657512530684471130e-02
-4.386987909674644470e-02
-8.648466318845748901e-02
-3.888328792527318001e-03
9.608124196529388428e-02
-2.978887967765331268e-02
5.028481408953666687e-02
4.856200888752937317e-02
1.265010833740234375e-01
-1.878005824983119965e-02
2.186196595430374146e-01
6.843243539333343506e-02
-3.257074207067489624e-02
-5.153468996286392212e-02
2.178275398910045624e-02
1.893568038940429688e-02
3.047049045562744141e-02
1.320128589868545532e-01
6.868255883455276489e-02
-1.443005632609128952e-02
-6.408472359180450439e-02
-1.571817249059677124e-01
-6.622441858053207397e-02
6.626414507627487183e-02
-8.105545490980148315e-02
8.620614558458328247e-02
2.880856208503246307e-02
-2.579029500484466553e-01
-9.485303610563278198e-02
-4.455312713980674744e-02
-1.045199781656265259e-01
6.143698841333389282e-02
-1.216790452599525452e-01
-1.165422238409519196e-02
8.822264522314071655e-02
-8.950057625770568848e-02
-2.203698270022869110e-02
8.744431659579277039e-03
4.583900794386863708e-02
-5.981824547052383423e-02
-1.155935302376747131e-01
7.914013229310512543e-03
-2.516295909881591797e-01
-1.980527490377426147e-01
-4.371941834688186646e-02
-1.110941916704177856e-01
9.342118352651596069e-02
-3.450192511081695557e-02
-6.456311792135238647e-02
2.970028854906558990e-02
-1.343267709016799927e-01
8.551197499036788940e-02
-7.884261012077331543e-02
1.893601864576339722e-01
