3.853650689125061035e-01
1.190095916390419006e-01
-1.593256741762161255e-01
-8.523143827915191650e-02
-1.295133680105209351e-01
1.462616622447967529e-01
1.871316283941268921e-01
-2.220656163990497589e-02
1.907517435029149055e-04
2.068432420492172241e-01
1.782481968402862549e-01
-2.090829759836196899e-01
-1.311252564191818237e-01
3.516289889812469482e-01
3.319149315357208252e-01
-1.850750148296356201e-01
1.138459816575050354e-01
-1.218859571963548660e-02
-1.166426241397857666e-01
-1.784370839595794678e-01
-1.562280114740133286e-02
1.266645044088363647e-01
1.219329908490180969e-01
-1.910650879144668579e-01
3.783689439296722412e-02
3.769560530781745911e-02
-8.376866579055786133e-02
3.069343566894531250e-01
-9.139750152826309204e-02
-1.429598778486251831e-01
2.156846523284912109e-01
-9.390044957399368286e-02
-1.057931259274482727e-01
9.024259448051452637e-02
1.308483909815549850e-02
3.709923624992370605e-01
-5.668455362319946289e-02
1.120584011077880859e-01
4.994444549083709717e-02
1.704792678356170654e-01
-1.659290641546249390e-01
1.948883682489395142e-01
-1.284671872854232788e-01
-1.803773492574691772e-01
4.042018949985504150e-02
1.609584838151931763e-01
-5.066172406077384949e-02
8.594696223735809326e-02
-2.808781564235687256e-01
-6.826857477426528931e-02
5.125233437865972519e-03
9.993634372949600220e-02
-6.700793653726577759e-02
3.560754656791687012e-01
1.547165960073471069e-01
-5.156917497515678406e-02
-1.832239180803298950e-01
-1.492240466177463531e-02
-1.866521984338760376e-01
1.482973247766494751e-02
7.668241858482360840e-03
2.898936867713928223e-01
2.454546838998794556e-01
-1.435731798410415649e-01
-9.511349350214004517e-02
-2.219357788562774658e-01
-1.093558073043823242e-01
3.909165263175964355e-01
-3.513625264167785645e-02
-7.196287810802459717e-02
3.269369713962078094e-03
-1.375460773706436157e-01
-8.445183932781219482e-02
-1.996966451406478882e-02
-6.048927456140518188e-02
-3.425139561295509338e-02
1.816028058528900146e-01
2.225899696350097656e-01
3.193571791052818298e-02
1.299767196178436279e-01
3.571562170982360840e-01
1.039184480905532837e-01
-1.413350403308868408e-01
3.317082822322845459e-01
2.356767505407333374e-01
3.112790291197597980e-04
3.303476143628358841e-03
-6.242609396576881409e-02
7.723344117403030396e-02
-1.179249212145805359e-01
1.276872009038925171e-01
6.722524017095565796e-02
-1.906132996082305908e-01
4.574411734938621521e-02
1.133093237876892090e-01
-6.994422525167465210e-02
2.565442323684692383e-01
3.071339055895805359e-02
-7.495843339711427689e-03
1.544752269983291626e-01
1.904992163181304932e-01
-2.830982506275177002e-01
-9.509187936782836914e-02
2.275446653366088867e-01
2.959690690040588379e-01
2.470354884862899780e-01
-1.650746464729309082e-01
6.016923114657402039e-02
5.783891305327415466e-02
3.371126055717468262e-01
-8.980836719274520874e-02
1.307622194290161133e-01
1.825147494673728943e-02
1.415563076734542847e-01
-3.495133668184280396e-02
-8.097444474697113037e-02
1.978985518217086792e-01
-4.386156424880027771e-02
4.661499336361885071e-02
-3.429096937179565430e-02
3.371281176805496216e-02
1.481269150972366333e-01
-8.435716480016708374e-02
4.597283899784088135e-02
2.346145212650299072e-01
2.017443440854549408e-02
-3.579598665237426758e-02
1.234049797058105469e-01
3.866450488567352295e-02
4.413928091526031494e-01
2.008373141288757324e-01
-1.632682234048843384e-01
-2.979522049427032471e-01
3.754696995019912720e-02
2.162237316370010376e-01
2.351704090833663940e-01
-1.005564033985137939e-01
-1.265938021242618561e-02
1.456288546323776245e-01
-3.825967013835906982e-02
2.215706706047058105e-01
2.355472594499588013e-01
-8.536607772111892700e-02
-9.684883803129196167e-02
-1.074196696281433105e-01
2.534458339214324951e-01
1.314258128404617310e-01
3.199893981218338013e-02
6.920075416564941406e-02
7.194135338068008423e-02
1.313565969467163086e-01
1.123615056276321411e-01
-1.181667372584342957e-01
1.454353779554367065e-01
1.883464166894555092e-03
-9.589730948209762573e-02
-9.912966750562191010e-03
2.437413930892944336e-01
3.931335359811782837e-02
1.468577682971954346e-01
3.251079320907592773e-01
-4.156673699617385864e-02
-1.992052793502807617e-02
-3.941188752651214600e-02
1.434706896543502808e-01
1.909882724285125732e-01
9.231394529342651367e-02
4.698905721306800842e-02
-1.289107650518417358e-01
1.841374039649963379e-01
-1.239499673247337341e-01
-1.379006542265415192e-03
-2.560953795909881592e-01
5.786008015275001526e-02
-4.807143285870552063e-02
3.107830695807933807e-02
1.730497032403945923e-01
1.472709327936172485e-01
5.005407333374023438e-01
2.512199878692626953e-01
2.606852911412715912e-02
-1.221055015921592712e-01
-2.840672247111797333e-02
2.242882996797561646e-01
-1.032026857137680054e-01
-9.114750474691390991e-02
-4.554060287773609161e-03
-1.487737894058227539e-01
-9.510049968957901001e-02
4.761280491948127747e-02
-4.073112830519676208e-02
1.751009076833724976e-01
2.905768156051635742e-01
-1.909238249063491821e-01
-4.541435465216636658e-02
-1.167593970894813538e-01
1.606899201869964600e-01
1.429726630449295044e-01
-1.748967617750167847e-01
2.259854078292846680e-01
3.186275660991668701e-01
-4.816922917962074280e-02
1.293367240577936172e-02
-5.915464833378791809e-02
1.638117879629135132e-01
1.932575739920139313e-02
-1.051483210176229477e-02
4.001389071345329285e-02
3.404084146022796631e-01
-6.782861799001693726e-02
-2.085316479206085205e-01
-1.575587689876556396e-01
6.319357454776763916e-02
1.854483187198638916e-01
2.658241987228393555e-01
1.978269070386886597e-01
-5.457042530179023743e-02
-5.479478091001510620e-02
9.624568372964859009e-02
-1.137182302772998810e-02
4.780360683798789978e-02
-1.165749654173851013e-01
-1.168360486626625061e-01
3.178821802139282227e-01
5.384163185954093933e-02
2.058172132819890976e-03
-8.342454209923744202e-03
1.816758811473846436e-01
-1.717598587274551392e-01
3.676611185073852539e-01
-2.137293666601181030e-01
-2.554111368954181671e-02
-7.688229531049728394e-02
4.025495648384094238e-01
-4.879201948642730713e-02
6.582599133253097534e-02
1.676523685455322266e-01
-3.080565631389617920e-01
5.608948320150375366e-02
4.096647724509239197e-02
1.837945915758609772e-02
1.431020349264144897e-01
-1.073365435004234314e-01
-2.820440009236335754e-02
-1.800654232501983643e-01
1.089891567826271057e-01
3.978997841477394104e-02
1.224877685308456421e-01
-1.024866104125976562e-01
-7.780109345912933350e-02
