2.991023659706115723e-01
2.645548582077026367e-01
3.197442293167114258e-01
1.420479863882064819e-01
1.753694117069244385e-01
2.703218758106231689e-01
3.541158735752105713e-01
1.696975976228713989e-01
5.406833812594413757e-02
1.671354323625564575e-01
3.101682066917419434e-01
2.548306286334991455e-01
3.243735134601593018e-01
7.863991707563400269e-02
2.595201432704925537e-01
7.403212785720825195e-02
6.610933691263198853e-02
2.744718194007873535e-01
1.952090263366699219e-01
2.232436239719390869e-01
4.081585109233856201e-01
2.831522524356842041e-01
1.215307861566543579e-01
2.526393532752990723e-01
1.757121086120605469e-01
2.657869756221771240e-01
6.607615947723388672e-02
2.863866090774536133e-01
3.223115503787994385e-01
5.991061031818389893e-02
2.621155977249145508e-01
2.425644695758819580e-01
3.026896715164184570e-01
3.011318445205688477e-01
1.703382581472396851e-01
1.760451793670654297e-01
1.759284287691116333e-01
2.827682793140411377e-01
3.211844861507415771e-01
2.091628462076187134e-01
3.050420582294464111e-01
2.135178893804550171e-01
2.992407977581024170e-01
3.611451983451843262e-01
2.640891671180725098e-01
2.336049675941467285e-01
2.404088079929351807e-01
2.841824293136596680e-01
1.419192850589752197e-01
2.110159844160079956e-01
3.710403442382812500e-01
3.340793550014495850e-01
4.865281283855438232e-01
2.617790102958679199e-01
1.631723046302795410e-01
3.302476406097412109e-01
2.649625241756439209e-01
2.947907149791717529e-01
2.903379201889038086e-01
1.865056604146957397e-01
1.921693682670593262e-01
3.022206723690032959e-01
1.315353512763977051e-01
4.050935804843902588e-01
1.619508713483810425e-01
1.541215628385543823e-01
1.846011430025100708e-01
2.021967619657516479e-01
1.444832682609558105e-01
1.148832216858863831e-01
2.171137481927871704e-01
1.861380487680435181e-01
1.981308609247207642e-01
3.187434375286102295e-01
1.889986544847488403e-01
3.285344541072845459e-01
2.208555042743682861e-01
2.977471053600311279e-01
3.915817737579345703e-01
2.527396976947784424e-01
1.053435131907463074e-01
3.644241392612457275e-01
1.751816123723983765e-01
2.720205187797546387e-01
2.406785339117050171e-01
2.211962640285491943e-01
2.521439194679260254e-01
2.097013741731643677e-01
2.344152480363845825e-01
1.951077580451965332e-01
2.013489753007888794e-01
9.608282893896102905e-02
1.152262985706329346e-01
3.249776959419250488e-01
3.094091415405273438e-01
1.628058999776840210e-01
3.042796850204467773e-01
2.650910019874572754e-01
2.452239245176315308e-01
2.565667629241943359e-01
2.398622483015060425e-01
1.682428717613220215e-01
3.735401630401611328e-01
4.135949015617370605e-01
3.091705739498138428e-01
1.871297955513000488e-01
3.220187127590179443e-01
2.163170874118804932e-01
1.531990170478820801e-01
3.091407120227813721e-01
2.145214229822158813e-01
7.052621245384216309e-02
1.780047118663787842e-01
9.488346427679061890e-02
2.445037811994552612e-01
2.029415071010589600e-01
3.086789846420288086e-01
1.518277674913406372e-01
2.682713270187377930e-01
3.005370199680328369e-01
2.111912667751312256e-01
2.390914261341094971e-01
2.049169540405273438e-01
3.996934592723846436e-01
1.962512135505676270e-01
2.390516102313995361e-01
1.439006328582763672e-01
3.266170322895050049e-01
3.553169965744018555e-01
1.979166716337203979e-01
4.219464659690856934e-01
1.995092183351516724e-01
2.471099197864532471e-01
2.783610522747039795e-01
2.185547053813934326e-01
3.250811100006103516e-01
3.283028602600097656e-01
2.886198163032531738e-01
3.582235276699066162e-01
3.033334910869598389e-01
3.204055130481719971e-01
1.694020628929138184e-01
1.746205985546112061e-01
1.982388943433761597e-01
1.492580771446228027e-01
1.939348876476287842e-01
3.344775140285491943e-01
1.090014576911926270e-01
3.113713264465332031e-01
2.043346762657165527e-01
2.327166497707366943e-01
4.797057807445526123e-01
2.997790277004241943e-01
3.501536548137664795e-01
2.947049736976623535e-01
1.893507987260818481e-01
3.135835826396942139e-01
3.585972189903259277e-01
2.666696012020111084e-01
2.204888463020324707e-01
3.904469311237335205e-01
2.364515364170074463e-01
3.960930407047271729e-01
2.815536260604858398e-01
1.950091123580932617e-01
4.308782517910003662e-01
2.496826052665710449e-01
2.449062913656234741e-01
1.161863207817077637e-01
3.489659428596496582e-01
2.579749226570129395e-01
2.804269790649414062e-01
3.746683597564697266e-01
3.553570210933685303e-01
2.335497438907623291e-01
3.185162246227264404e-01
4.187932610511779785e-01
3.044930994510650635e-01
3.300404548645019531e-01
1.973012983798980713e-01
2.405226826667785645e-01
2.854831814765930176e-01
3.343385457992553711e-01
4.968841969966888428e-01
3.076867163181304932e-01
1.066128239035606384e-01
3.440985977649688721e-01
4.093244373798370361e-01
3.937151432037353516e-01
2.769944965839385986e-01
1.837865263223648071e-01
4.328926503658294678e-01
1.593790501356124878e-01
2.305462807416915894e-01
2.673882246017456055e-01
3.202396631240844727e-01
4.200722575187683105e-01
3.558999598026275635e-01
3.494780361652374268e-01
5.008790493011474609e-01
