-1.000000E+1	-9.095020E-13
-1.000000E+1	-1.819000E-12
-9.995000E+0	-2.728500E-12
-9.990000E+0	-2.728500E-12
-9.985000E+0	-1.819000E-12
-9.980000E+0	-9.095020E-13
-9.975000E+0	-9.095020E-13
-9.970000E+0	-9.095020E-13
-9.965000E+0	-9.095020E-13
-9.960000E+0	0.000000E+0
-9.955000E+0	-9.095020E-13
-9.950000E+0	-9.095020E-13
-9.945000E+0	-9.095020E-13
-9.940000E+0	0.000000E+0
-9.935000E+0	-9.095020E-13
-9.930000E+0	0.000000E+0
-9.925000E+0	-1.136876E-12
-9.920000E+0	-1.819000E-12
-9.915000E+0	-1.819000E-12
-9.910000E+0	0.000000E+0
-9.905000E+0	-9.095020E-13
-9.900000E+0	-1.819000E-12
-9.895000E+0	-9.095020E-13
-9.890000E+0	-9.095020E-13
-9.885000E+0	-9.095020E-13
-9.880000E+0	-9.095020E-13
-9.875000E+0	-1.136876E-12
-9.870000E+0	-1.819000E-12
-9.865000E+0	-1.819000E-12
-9.860000E+0	-1.819000E-12
-9.855000E+0	-2.728500E-12
-9.850000E+0	-1.819000E-12
-9.845000E+0	-9.095020E-13
-9.840000E+0	-9.095020E-13
-9.835000E+0	-1.819000E-12
-9.830000E+0	-2.046375E-12
-9.825000E+0	-2.728500E-12
-9.820000E+0	-2.728500E-12
-9.815000E+0	-2.728500E-12
-9.810000E+0	-2.728500E-12
-9.805000E+0	-1.819000E-12
-9.800000E+0	-9.095020E-13
-9.795000E+0	-9.095020E-13
-9.790000E+0	-1.819000E-12
-9.785000E+0	-9.095020E-13
-9.780000E+0	0.000000E+0
-9.775000E+0	0.000000E+0
-9.770000E+0	-1.819000E-12
-9.765000E+0	-1.819000E-12
-9.760000E+0	-2.728500E-12
-9.755000E+0	-1.819000E-12
-9.750000E+0	-2.728500E-12
-9.745000E+0	-2.728500E-12
-9.740000E+0	-1.819000E-12
-9.735000E+0	-1.364251E-12
-9.730000E+0	-1.819000E-12
-9.725000E+0	-1.819000E-12
-9.720000E+0	-1.136876E-12
-9.715000E+0	0.000000E+0
-9.710000E+0	-9.095020E-13
-9.705000E+0	-9.095020E-13
-9.700000E+0	-9.095020E-13
-9.695000E+0	-9.095020E-13
-9.690000E+0	-2.728500E-12
-9.685000E+0	-1.819000E-12
-9.680000E+0	-1.819000E-12
-9.675000E+0	-2.728500E-12
-9.670000E+0	-1.819000E-12
-9.665000E+0	-1.819000E-12
-9.660000E+0	-9.095020E-13
-9.655000E+0	-1.819000E-12
-9.650000E+0	-2.728500E-12
-9.645000E+0	-1.819000E-12
-9.640000E+0	-1.819000E-12
-9.635000E+0	-1.819000E-12
-9.630000E+0	-1.819000E-12
-9.625000E+0	-2.728500E-12
-9.620000E+0	-1.819000E-12
-9.615000E+0	-1.819000E-12
-9.610000E+0	-1.819000E-12
-9.605000E+0	-9.095020E-13
-9.600000E+0	-9.095020E-13
-9.595000E+0	-9.095020E-13
-9.590000E+0	-1.819000E-12
-9.585000E+0	-1.819000E-12
-9.580000E+0	-1.819000E-12
-9.575000E+0	-1.819000E-12
-9.570000E+0	-9.095020E-13
-9.565000E+0	-9.095020E-13
-9.560000E+0	-9.095020E-13
-9.555000E+0	-1.819000E-12
-9.550000E+0	-9.095020E-13
-9.545000E+0	-9.095020E-13
-9.540000E+0	-9.095020E-13
-9.535000E+0	-9.095020E-13
-9.530000E+0	-9.095020E-13
-9.525000E+0	-9.095020E-13
-9.520000E+0	-9.095020E-13
-9.515000E+0	0.000000E+0
-9.510000E+0	-9.095020E-13
-9.505000E+0	-9.095020E-13
-9.500000E+0	-9.095020E-13
-9.495000E+0	-9.095020E-13
-9.490000E+0	0.000000E+0
-9.485000E+0	0.000000E+0
-9.480000E+0	-9.095020E-13
-9.475000E+0	-1.819000E-12
-9.470000E+0	-1.819000E-12
-9.465000E+0	-1.819000E-12
-9.460000E+0	-1.819000E-12
-9.455000E+0	-9.095020E-13
-9.450000E+0	-1.819000E-12
-9.445000E+0	-2.501125E-12
-9.440000E+0	-2.728500E-12
-9.435000E+0	-1.819000E-12
-9.430000E+0	-1.136876E-12
-9.425000E+0	-9.095020E-13
-9.420000E+0	-1.819000E-12
-9.415000E+0	-1.819000E-12
-9.410000E+0	-2.728500E-12
-9.405000E+0	-2.728500E-12
-9.400000E+0	-2.728500E-12
-9.395000E+0	-2.728500E-12
-9.390000E+0	-1.819000E-12
-9.385000E+0	-9.095020E-13
-9.380000E+0	-1.819000E-12
-9.375000E+0	-1.819000E-12
-9.370000E+0	-9.095020E-13
-9.365000E+0	-9.095020E-13
-9.360000E+0	-1.819000E-12
-9.355000E+0	-1.819000E-12
-9.350000E+0	-1.819000E-12
-9.345000E+0	-1.819000E-12
-9.340000E+0	-9.095020E-13
-9.335000E+0	-9.095020E-13
-9.330000E+0	-1.819000E-12
-9.325000E+0	-1.819000E-12
-9.320000E+0	-9.095020E-13
-9.315000E+0	-9.095020E-13
-9.310000E+0	-1.819000E-12
-9.305000E+0	-1.819000E-12
-9.300000E+0	-9.095020E-13
-9.295000E+0	0.000000E+0
-9.290000E+0	-9.095020E-13
-9.285000E+0	-1.819000E-12
-9.280000E+0	-2.728500E-12
-9.275000E+0	-2.728500E-12
-9.270000E+0	-2.728500E-12
-9.265000E+0	-2.728500E-12
-9.260000E+0	-2.728500E-12
-9.255000E+0	-2.728500E-12
-9.250000E+0	-2.728500E-12
-9.245000E+0	-2.728500E-12
-9.240000E+0	-2.728500E-12
-9.235000E+0	-1.364251E-12
-9.230000E+0	-9.095020E-13
-9.225000E+0	-9.095020E-13
-9.220000E+0	-9.095020E-13
-9.215000E+0	-9.095020E-13
-9.210000E+0	-9.095020E-13
-9.205000E+0	0.000000E+0
-9.200000E+0	-9.095020E-13
-9.195000E+0	-9.095020E-13
-9.190000E+0	0.000000E+0
-9.185000E+0	-9.095020E-13
-9.180000E+0	0.000000E+0
-9.175000E+0	0.000000E+0
-9.170000E+0	-9.095020E-13
-9.165000E+0	-9.095020E-13
-9.160000E+0	-9.095020E-13
-9.155000E+0	-9.095020E-13
-9.150000E+0	-9.095020E-13
-9.145000E+0	-9.095020E-13
-9.140000E+0	-1.819000E-12
-9.135000E+0	-1.819000E-12
-9.130000E+0	-9.095020E-13
-9.125000E+0	-9.095020E-13
-9.120000E+0	-9.095020E-13
-9.115000E+0	-9.095020E-13
-9.110000E+0	-9.095020E-13
-9.105000E+0	-1.819000E-12
-9.100000E+0	-1.591625E-12
-9.095000E+0	-1.819000E-12
-9.090000E+0	-9.095020E-13
-9.085000E+0	-9.095020E-13
-9.080000E+0	-9.095020E-13
-9.075000E+0	-9.095020E-13
-9.070000E+0	-2.501125E-12
-9.065000E+0	-2.728500E-12
-9.060000E+0	-2.728500E-12
-9.055000E+0	-2.728500E-12
-9.050000E+0	-2.728500E-12
-9.045000E+0	-1.819000E-12
-9.040000E+0	-1.819000E-12
-9.035000E+0	-1.819000E-12
-9.030000E+0	-9.095020E-13
-9.025000E+0	-1.819000E-12
-9.020000E+0	-1.819000E-12
-9.015000E+0	-9.095020E-13
-9.010000E+0	-9.095020E-13
-9.005000E+0	-9.095020E-13
-9.000000E+0	-9.095020E-13
-8.995000E+0	0.000000E+0
-8.990000E+0	0.000000E+0
-8.985000E+0	0.000000E+0
-8.980000E+0	0.000000E+0
-8.975000E+0	0.000000E+0
-8.970000E+0	1.819000E-12
-8.965000E+0	1.819000E-12
-8.960000E+0	9.095020E-13
-8.955000E+0	9.095020E-13
-8.950000E+0	1.819000E-12
-8.945000E+0	1.819000E-12
-8.940000E+0	1.819000E-12
-8.935000E+0	1.819000E-12
-8.930000E+0	1.819000E-12
-8.925000E+0	1.819000E-12
-8.920000E+0	1.819000E-12
-8.915000E+0	9.095020E-13
-8.910000E+0	0.000000E+0
-8.905000E+0	-9.095020E-13
-8.900000E+0	-1.819000E-12
-8.895000E+0	-1.819000E-12
-8.890000E+0	-1.819000E-12
-8.885000E+0	-2.728500E-12
-8.880000E+0	-2.728500E-12
-8.875000E+0	-2.955877E-12
-8.870000E+0	-3.638010E-12
-8.865000E+0	-3.638010E-12
-8.860000E+0	-4.547500E-12
-8.855000E+0	-3.638010E-12
-8.850000E+0	-3.638010E-12
-8.845000E+0	-3.638010E-12
-8.840000E+0	-2.728500E-12
-8.835000E+0	-2.728500E-12
-8.830000E+0	-1.819000E-12
-8.825000E+0	-2.728500E-12
-8.820000E+0	-2.728500E-12
-8.815000E+0	-1.819000E-12
-8.810000E+0	-2.728500E-12
-8.805000E+0	-1.819000E-12
-8.800000E+0	-1.819000E-12
-8.795000E+0	-1.819000E-12
-8.790000E+0	-1.819000E-12
-8.785000E+0	-9.095020E-13
-8.780000E+0	-9.095020E-13
-8.775000E+0	0.000000E+0
-8.770000E+0	0.000000E+0
-8.765000E+0	0.000000E+0
-8.760000E+0	0.000000E+0
-8.755000E+0	0.000000E+0
-8.750000E+0	0.000000E+0
-8.745000E+0	0.000000E+0
-8.740000E+0	0.000000E+0
-8.735000E+0	0.000000E+0
-8.730000E+0	0.000000E+0
-8.725000E+0	-4.547510E-13
-8.720000E+0	-9.095020E-13
-8.715000E+0	0.000000E+0
-8.710000E+0	0.000000E+0
-8.705000E+0	0.000000E+0
-8.700000E+0	9.095020E-13
-8.695000E+0	9.095020E-13
-8.690000E+0	0.000000E+0
-8.685000E+0	0.000000E+0
-8.680000E+0	0.000000E+0
-8.675000E+0	0.000000E+0
-8.670000E+0	0.000000E+0
-8.665000E+0	0.000000E+0
-8.660000E+0	0.000000E+0
-8.655000E+0	0.000000E+0
-8.650000E+0	0.000000E+0
-8.645000E+0	0.000000E+0
-8.640000E+0	0.000000E+0
-8.635000E+0	0.000000E+0
-8.630000E+0	0.000000E+0
-8.625000E+0	-9.095020E-13
-8.620000E+0	0.000000E+0
-8.615000E+0	-9.095020E-13
-8.610000E+0	-9.095020E-13
-8.605000E+0	-1.819000E-12
-8.600000E+0	-1.819000E-12
-8.595000E+0	-2.728500E-12
-8.590000E+0	-2.046375E-12
-8.585000E+0	-1.819000E-12
-8.580000E+0	-1.819000E-12
-8.575000E+0	-2.501125E-12
-8.570000E+0	-1.819000E-12
-8.565000E+0	-9.095020E-13
-8.560000E+0	-9.095020E-13
-8.555000E+0	-1.819000E-12
-8.550000E+0	-2.728500E-12
-8.545000E+0	-2.728500E-12
-8.540000E+0	-2.728500E-12
-8.535000E+0	-1.819000E-12
-8.530000E+0	-1.819000E-12
-8.525000E+0	-9.095020E-13
-8.520000E+0	0.000000E+0
-8.515000E+0	0.000000E+0
-8.510000E+0	-9.095020E-13
-8.505000E+0	-1.819000E-12
-8.500000E+0	-9.095020E-13
-8.495000E+0	-9.095020E-13
-8.490000E+0	-9.095020E-13
-8.485000E+0	-9.095020E-13
-8.480000E+0	-1.819000E-12
-8.475000E+0	-1.819000E-12
-8.470000E+0	-9.095020E-13
-8.465000E+0	-1.819000E-12
-8.460000E+0	-1.819000E-12
-8.455000E+0	-1.819000E-12
-8.450000E+0	-6.821265E-13
-8.445000E+0	0.000000E+0
-8.440000E+0	-9.095020E-13
-8.435000E+0	-1.819000E-12
-8.430000E+0	-2.046375E-12
-8.425000E+0	-2.728500E-12
-8.420000E+0	-2.728500E-12
-8.415000E+0	-2.501125E-12
-8.410000E+0	-1.819000E-12
-8.405000E+0	-2.728500E-12
-8.400000E+0	-2.728500E-12
-8.395000E+0	-2.728500E-12
-8.390000E+0	-2.728500E-12
-8.385000E+0	-2.728500E-12
-8.380000E+0	-2.728500E-12
-8.375000E+0	-2.728500E-12
-8.370000E+0	-2.728500E-12
-8.365000E+0	-2.728500E-12
-8.360000E+0	-2.728500E-12
-8.355000E+0	-2.728500E-12
-8.350000E+0	-2.728500E-12
-8.345000E+0	-2.728500E-12
-8.340000E+0	-3.638010E-12
-8.335000E+0	-4.547500E-12
-8.330000E+0	-5.457000E-12
-8.325000E+0	-5.457000E-12
-8.320000E+0	-5.457000E-12
-8.315000E+0	-5.229625E-12
-8.310000E+0	-4.547500E-12
-8.305000E+0	-4.547500E-12
-8.300000E+0	-4.547500E-12
-8.295000E+0	-4.774875E-12
-8.290000E+0	-5.457000E-12
-8.285000E+0	-4.774875E-12
-8.280000E+0	-5.457000E-12
-8.275000E+0	-4.547500E-12
-8.270000E+0	-3.638010E-12
-8.265000E+0	-2.728500E-12
-8.260000E+0	-2.728500E-12
-8.255000E+0	-1.136876E-12
-8.250000E+0	0.000000E+0
-8.245000E+0	1.819000E-12
-8.240000E+0	3.638010E-12
-8.235000E+0	5.457000E-12
-8.230000E+0	7.276010E-12
-8.225000E+0	9.095000E-12
-8.220000E+0	1.159613E-11
-8.215000E+0	1.455200E-11
-8.210000E+0	1.637100E-11
-8.205000E+0	1.909950E-11
-8.200000E+0	2.182800E-11
-8.195000E+0	2.319225E-11
-8.190000E+0	2.455650E-11
-8.185000E+0	2.455650E-11
-8.180000E+0	2.455650E-11
-8.175000E+0	2.455650E-11
-8.170000E+0	2.273750E-11
-8.165000E+0	2.182800E-11
-8.160000E+0	1.909950E-11
-8.155000E+0	1.568888E-11
-8.150000E+0	1.182350E-11
-8.145000E+0	7.276010E-12
-8.140000E+0	2.955877E-12
-8.135000E+0	0.000000E+0
-8.130000E+0	-3.183255E-12
-8.125000E+0	-7.503385E-12
-8.120000E+0	-1.000450E-11
-8.115000E+0	-1.182350E-11
-8.110000E+0	-1.364250E-11
-8.105000E+0	-1.546150E-11
-8.100000E+0	-1.637100E-11
-8.095000E+0	-1.637100E-11
-8.090000E+0	-1.546150E-11
-8.085000E+0	-1.546150E-11
-8.080000E+0	-1.455200E-11
-8.075000E+0	-1.364250E-11
-8.070000E+0	-1.273300E-11
-8.065000E+0	-1.091400E-11
-8.060000E+0	-1.000450E-11
-8.055000E+0	-8.185510E-12
-8.050000E+0	-6.139118E-12
-8.045000E+0	-5.457000E-12
-8.040000E+0	-4.547500E-12
-8.035000E+0	-2.728500E-12
-8.030000E+0	-2.728500E-12
-8.025000E+0	-2.728500E-12
-8.020000E+0	-1.819000E-12
-8.015000E+0	-9.095020E-13
-8.010000E+0	-9.095020E-13
-8.005000E+0	-9.095020E-13
-8.000000E+0	0.000000E+0
-7.995000E+0	0.000000E+0
-7.990000E+0	0.000000E+0
-7.985000E+0	0.000000E+0
-7.980000E+0	0.000000E+0
-7.975000E+0	0.000000E+0
-7.970000E+0	0.000000E+0
-7.965000E+0	-9.095020E-13
-7.960000E+0	-1.819000E-12
-7.955000E+0	-2.728500E-12
-7.950000E+0	-2.728500E-12
-7.945000E+0	-2.728500E-12
-7.940000E+0	-3.638010E-12
-7.935000E+0	-4.774875E-12
-7.930000E+0	-5.457000E-12
-7.925000E+0	-6.366490E-12
-7.920000E+0	-6.366490E-12
-7.915000E+0	-6.366490E-12
-7.910000E+0	-7.276010E-12
-7.905000E+0	-7.276010E-12
-7.900000E+0	-6.366490E-12
-7.895000E+0	-5.457000E-12
-7.890000E+0	-5.457000E-12
-7.885000E+0	-4.547500E-12
-7.880000E+0	-2.728500E-12
-7.875000E+0	-2.501125E-12
-7.870000E+0	-9.095020E-13
-7.865000E+0	0.000000E+0
-7.860000E+0	0.000000E+0
-7.855000E+0	0.000000E+0
-7.850000E+0	0.000000E+0
-7.845000E+0	0.000000E+0
-7.840000E+0	0.000000E+0
-7.835000E+0	-9.095020E-13
-7.830000E+0	-9.095020E-13
-7.825000E+0	-1.819000E-12
-7.820000E+0	-2.728500E-12
-7.815000E+0	-2.728500E-12
-7.810000E+0	-2.728500E-12
-7.805000E+0	-2.728500E-12
-7.800000E+0	-3.638010E-12
-7.795000E+0	-4.547500E-12
-7.790000E+0	-3.638010E-12
-7.785000E+0	-3.638010E-12
-7.780000E+0	-3.638010E-12
-7.775000E+0	-3.638010E-12
-7.770000E+0	-2.728500E-12
-7.765000E+0	-2.728500E-12
-7.760000E+0	-2.728500E-12
-7.755000E+0	-2.273750E-12
-7.750000E+0	-1.819000E-12
-7.745000E+0	-1.819000E-12
-7.740000E+0	-1.819000E-12
-7.735000E+0	-9.095020E-13
-7.730000E+0	0.000000E+0
-7.725000E+0	0.000000E+0
-7.720000E+0	0.000000E+0
-7.715000E+0	0.000000E+0
-7.710000E+0	4.547510E-13
-7.705000E+0	0.000000E+0
-7.700000E+0	0.000000E+0
-7.695000E+0	0.000000E+0
-7.690000E+0	-9.095020E-13
-7.685000E+0	0.000000E+0
-7.680000E+0	-9.095020E-13
-7.675000E+0	-1.819000E-12
-7.670000E+0	-2.728500E-12
-7.665000E+0	-2.728500E-12
-7.660000E+0	-2.728500E-12
-7.655000E+0	-2.728500E-12
-7.650000E+0	-2.728500E-12
-7.645000E+0	-2.728500E-12
-7.640000E+0	-3.638010E-12
-7.635000E+0	-3.865382E-12
-7.630000E+0	-4.547500E-12
-7.625000E+0	-2.728500E-12
-7.620000E+0	-2.728500E-12
-7.615000E+0	-2.728500E-12
-7.610000E+0	-2.728500E-12
-7.605000E+0	-1.819000E-12
-7.600000E+0	-9.095020E-13
-7.595000E+0	0.000000E+0
-7.590000E+0	0.000000E+0
-7.585000E+0	9.095020E-13
-7.580000E+0	0.000000E+0
-7.575000E+0	0.000000E+0
-7.570000E+0	0.000000E+0
-7.565000E+0	-9.095020E-13
-7.560000E+0	0.000000E+0
-7.555000E+0	-9.095020E-13
-7.550000E+0	-1.819000E-12
-7.545000E+0	-1.819000E-12
-7.540000E+0	-1.819000E-12
-7.535000E+0	-1.819000E-12
-7.530000E+0	-2.728500E-12
-7.525000E+0	-2.728500E-12
-7.520000E+0	-1.819000E-12
-7.515000E+0	-9.095020E-13
-7.510000E+0	0.000000E+0
-7.505000E+0	0.000000E+0
-7.500000E+0	0.000000E+0
-7.495000E+0	0.000000E+0
-7.490000E+0	0.000000E+0
-7.485000E+0	0.000000E+0
-7.480000E+0	0.000000E+0
-7.475000E+0	0.000000E+0
-7.470000E+0	-1.591625E-12
-7.465000E+0	-2.728500E-12
-7.460000E+0	-1.591625E-12
-7.455000E+0	-9.095020E-13
-7.450000E+0	-1.819000E-12
-7.445000E+0	-2.728500E-12
-7.440000E+0	-1.819000E-12
-7.435000E+0	-9.095020E-13
-7.430000E+0	-1.819000E-12
-7.425000E+0	-2.728500E-12
-7.420000E+0	-1.819000E-12
-7.415000E+0	-2.728500E-12
-7.410000E+0	-2.728500E-12
-7.405000E+0	-2.728500E-12
-7.400000E+0	-2.728500E-12
-7.395000E+0	-2.728500E-12
-7.390000E+0	-2.728500E-12
-7.385000E+0	-2.728500E-12
-7.380000E+0	-1.819000E-12
-7.375000E+0	-1.819000E-12
-7.370000E+0	-1.819000E-12
-7.365000E+0	-1.819000E-12
-7.360000E+0	-2.728500E-12
-7.355000E+0	-1.819000E-12
-7.350000E+0	-1.591625E-12
-7.345000E+0	-1.591625E-12
-7.340000E+0	-1.819000E-12
-7.335000E+0	-9.095020E-13
-7.330000E+0	-9.095020E-13
-7.325000E+0	-9.095020E-13
-7.320000E+0	-9.095020E-13
-7.315000E+0	-9.095020E-13
-7.310000E+0	-9.095020E-13
-7.305000E+0	-1.819000E-12
-7.300000E+0	-9.095020E-13
-7.295000E+0	-1.819000E-12
-7.290000E+0	-9.095020E-13
-7.285000E+0	-9.095020E-13
-7.280000E+0	-9.095020E-13
-7.275000E+0	-9.095020E-13
-7.270000E+0	-1.819000E-12
-7.265000E+0	-1.819000E-12
-7.260000E+0	-1.819000E-12
-7.255000E+0	-9.095020E-13
-7.250000E+0	-1.591625E-12
-7.245000E+0	-2.728500E-12
-7.240000E+0	-2.728500E-12
-7.235000E+0	-3.638010E-12
-7.230000E+0	-3.638010E-12
-7.225000E+0	-2.728500E-12
-7.220000E+0	-3.638010E-12
-7.215000E+0	-4.547500E-12
-7.210000E+0	-3.638010E-12
-7.205000E+0	-3.638010E-12
-7.200000E+0	-3.638010E-12
-7.195000E+0	-2.728500E-12
-7.190000E+0	-2.728500E-12
-7.185000E+0	-2.728500E-12
-7.180000E+0	-2.728500E-12
-7.175000E+0	-2.728500E-12
-7.170000E+0	-2.728500E-12
-7.165000E+0	-2.728500E-12
-7.160000E+0	-2.728500E-12
-7.155000E+0	-2.728500E-12
-7.150000E+0	-1.819000E-12
-7.145000E+0	-1.819000E-12
-7.140000E+0	-1.819000E-12
-7.135000E+0	-1.819000E-12
-7.130000E+0	-1.819000E-12
-7.125000E+0	-1.591625E-12
-7.120000E+0	-1.819000E-12
-7.115000E+0	-1.819000E-12
-7.110000E+0	-1.819000E-12
-7.105000E+0	-1.819000E-12
-7.100000E+0	-1.819000E-12
-7.095000E+0	-9.095020E-13
-7.090000E+0	0.000000E+0
-7.085000E+0	0.000000E+0
-7.080000E+0	0.000000E+0
-7.075000E+0	0.000000E+0
-7.070000E+0	0.000000E+0
-7.065000E+0	0.000000E+0
-7.060000E+0	0.000000E+0
-7.055000E+0	0.000000E+0
-7.050000E+0	0.000000E+0
-7.045000E+0	0.000000E+0
-7.040000E+0	9.095020E-13
-7.035000E+0	0.000000E+0
-7.030000E+0	0.000000E+0
-7.025000E+0	-9.095020E-13
-7.020000E+0	-6.821265E-13
-7.015000E+0	-9.095020E-13
-7.010000E+0	-1.591625E-12
-7.005000E+0	-1.819000E-12
-7.000000E+0	-1.819000E-12
-6.995000E+0	-2.728500E-12
-6.990000E+0	-2.728500E-12
-6.985000E+0	-2.728500E-12
-6.980000E+0	-1.819000E-12
-6.975000E+0	-1.819000E-12
-6.970000E+0	-2.728500E-12
-6.965000E+0	-2.728500E-12
-6.960000E+0	-1.819000E-12
-6.955000E+0	-1.819000E-12
-6.950000E+0	-1.819000E-12
-6.945000E+0	-1.819000E-12
-6.940000E+0	-1.819000E-12
-6.935000E+0	-2.728500E-12
-6.930000E+0	-2.728500E-12
-6.925000E+0	-2.728500E-12
-6.920000E+0	-2.728500E-12
-6.915000E+0	-2.728500E-12
-6.910000E+0	-2.728500E-12
-6.905000E+0	-2.728500E-12
-6.900000E+0	-2.728500E-12
-6.895000E+0	-2.728500E-12
-6.890000E+0	-2.728500E-12
-6.885000E+0	-1.819000E-12
-6.880000E+0	-9.095020E-13
-6.875000E+0	-9.095020E-13
-6.870000E+0	-9.095020E-13
-6.865000E+0	-9.095020E-13
-6.860000E+0	0.000000E+0
-6.855000E+0	0.000000E+0
-6.850000E+0	-1.819000E-12
-6.845000E+0	-1.819000E-12
-6.840000E+0	-1.819000E-12
-6.835000E+0	-9.095020E-13
-6.830000E+0	0.000000E+0
-6.825000E+0	-9.095020E-13
-6.820000E+0	-9.095020E-13
-6.815000E+0	-9.095020E-13
-6.810000E+0	0.000000E+0
-6.805000E+0	0.000000E+0
-6.800000E+0	-9.095020E-13
-6.795000E+0	-1.819000E-12
-6.790000E+0	-9.095020E-13
-6.785000E+0	0.000000E+0
-6.780000E+0	0.000000E+0
-6.775000E+0	9.095020E-13
-6.770000E+0	1.819000E-12
-6.765000E+0	2.728500E-12
-6.760000E+0	3.638010E-12
-6.755000E+0	3.638010E-12
-6.750000E+0	4.547500E-12
-6.745000E+0	4.547500E-12
-6.740000E+0	5.002250E-12
-6.735000E+0	5.457000E-12
-6.730000E+0	4.547500E-12
-6.725000E+0	4.547500E-12
-6.720000E+0	3.638010E-12
-6.715000E+0	4.547500E-12
-6.710000E+0	4.547500E-12
-6.705000E+0	3.638010E-12
-6.700000E+0	3.638010E-12
-6.695000E+0	2.728500E-12
-6.690000E+0	2.728500E-12
-6.685000E+0	2.955877E-12
-6.680000E+0	3.183255E-12
-6.675000E+0	2.728500E-12
-6.670000E+0	1.819000E-12
-6.665000E+0	1.819000E-12
-6.660000E+0	2.728500E-12
-6.655000E+0	2.728500E-12
-6.650000E+0	2.728500E-12
-6.645000E+0	1.819000E-12
-6.640000E+0	0.000000E+0
-6.635000E+0	9.095020E-13
-6.630000E+0	1.819000E-12
-6.625000E+0	1.819000E-12
-6.620000E+0	9.095020E-13
-6.615000E+0	9.095020E-13
-6.610000E+0	9.095020E-13
-6.605000E+0	9.095020E-13
-6.600000E+0	0.000000E+0
-6.595000E+0	9.095020E-13
-6.590000E+0	6.821265E-13
-6.585000E+0	9.095020E-13
-6.580000E+0	9.095020E-13
-6.575000E+0	4.547510E-13
-6.570000E+0	9.095020E-13
-6.565000E+0	0.000000E+0
-6.560000E+0	0.000000E+0
-6.555000E+0	0.000000E+0
-6.550000E+0	0.000000E+0
-6.545000E+0	-9.095020E-13
-6.540000E+0	0.000000E+0
-6.535000E+0	0.000000E+0
-6.530000E+0	0.000000E+0
-6.525000E+0	0.000000E+0
-6.520000E+0	0.000000E+0
-6.515000E+0	0.000000E+0
-6.510000E+0	0.000000E+0
-6.505000E+0	9.095020E-13
-6.500000E+0	0.000000E+0
-6.495000E+0	9.095020E-13
-6.490000E+0	9.095020E-13
-6.485000E+0	9.095020E-13
-6.480000E+0	1.819000E-12
-6.475000E+0	1.819000E-12
-6.470000E+0	1.819000E-12
-6.465000E+0	1.819000E-12
-6.460000E+0	1.819000E-12
-6.455000E+0	1.819000E-12
-6.450000E+0	1.819000E-12
-6.445000E+0	1.819000E-12
-6.440000E+0	1.819000E-12
-6.435000E+0	1.819000E-12
-6.430000E+0	1.819000E-12
-6.425000E+0	9.095020E-13
-6.420000E+0	0.000000E+0
-6.415000E+0	0.000000E+0
-6.410000E+0	-9.095020E-13
-6.405000E+0	-9.095020E-13
-6.400000E+0	-9.095020E-13
-6.395000E+0	-1.819000E-12
-6.390000E+0	-2.728500E-12
-6.385000E+0	-2.728500E-12
-6.380000E+0	-3.183255E-12
-6.375000E+0	-3.638010E-12
-6.370000E+0	-3.638010E-12
-6.365000E+0	-3.638010E-12
-6.360000E+0	-3.638010E-12
-6.355000E+0	-3.638010E-12
-6.350000E+0	-3.638010E-12
-6.345000E+0	-2.728500E-12
-6.340000E+0	-2.728500E-12
-6.335000E+0	-1.819000E-12
-6.330000E+0	-1.819000E-12
-6.325000E+0	-1.819000E-12
-6.320000E+0	-9.095020E-13
-6.315000E+0	0.000000E+0
-6.310000E+0	0.000000E+0
-6.305000E+0	-9.095020E-13
-6.300000E+0	-9.095020E-13
-6.295000E+0	-9.095020E-13
-6.290000E+0	-1.819000E-12
-6.285000E+0	-1.819000E-12
-6.280000E+0	-1.364251E-12
-6.275000E+0	-2.728500E-12
-6.270000E+0	-2.728500E-12
-6.265000E+0	-2.728500E-12
-6.260000E+0	-2.728500E-12
-6.255000E+0	-2.728500E-12
-6.250000E+0	-3.638010E-12
-6.245000E+0	-3.638010E-12
-6.240000E+0	-3.638010E-12
-6.235000E+0	-2.955877E-12
-6.230000E+0	-2.728500E-12
-6.225000E+0	-2.728500E-12
-6.220000E+0	-2.728500E-12
-6.215000E+0	-2.728500E-12
-6.210000E+0	-2.728500E-12
-6.205000E+0	-1.819000E-12
-6.200000E+0	-2.728500E-12
-6.195000E+0	-2.728500E-12
-6.190000E+0	-2.728500E-12
-6.185000E+0	-2.728500E-12
-6.180000E+0	-3.638010E-12
-6.175000E+0	-2.728500E-12
-6.170000E+0	-2.728500E-12
-6.165000E+0	-3.638010E-12
-6.160000E+0	-3.638010E-12
-6.155000E+0	-4.547500E-12
-6.150000E+0	-4.547500E-12
-6.145000E+0	-4.547500E-12
-6.140000E+0	-3.638010E-12
-6.135000E+0	-4.547500E-12
-6.130000E+0	-5.457000E-12
-6.125000E+0	-5.457000E-12
-6.120000E+0	-5.457000E-12
-6.115000E+0	-5.457000E-12
-6.110000E+0	-5.457000E-12
-6.105000E+0	-5.457000E-12
-6.100000E+0	-4.547500E-12
-6.095000E+0	-4.547500E-12
-6.090000E+0	-5.457000E-12
-6.085000E+0	-5.457000E-12
-6.080000E+0	-5.457000E-12
-6.075000E+0	-4.547500E-12
-6.070000E+0	-3.638010E-12
-6.065000E+0	-2.728500E-12
-6.060000E+0	-2.728500E-12
-6.055000E+0	-1.819000E-12
-6.050000E+0	-1.819000E-12
-6.045000E+0	-1.819000E-12
-6.040000E+0	-2.273750E-12
-6.035000E+0	-2.728500E-12
-6.030000E+0	-2.728500E-12
-6.025000E+0	-2.728500E-12
-6.020000E+0	-3.638010E-12
-6.015000E+0	-2.728500E-12
-6.010000E+0	-2.728500E-12
-6.005000E+0	-2.728500E-12
-6.000000E+0	-2.728500E-12
-5.995000E+0	-2.728500E-12
-5.990000E+0	-1.819000E-12
-5.985000E+0	-9.095020E-13
-5.980000E+0	-9.095020E-13
-5.975000E+0	-1.819000E-12
-5.970000E+0	-9.095020E-13
-5.965000E+0	0.000000E+0
-5.960000E+0	0.000000E+0
-5.955000E+0	0.000000E+0
-5.950000E+0	0.000000E+0
-5.945000E+0	0.000000E+0
-5.940000E+0	0.000000E+0
-5.935000E+0	0.000000E+0
-5.930000E+0	0.000000E+0
-5.925000E+0	0.000000E+0
-5.920000E+0	0.000000E+0
-5.915000E+0	0.000000E+0
-5.910000E+0	0.000000E+0
-5.905000E+0	0.000000E+0
-5.900000E+0	0.000000E+0
-5.895000E+0	0.000000E+0
-5.890000E+0	0.000000E+0
-5.885000E+0	0.000000E+0
-5.880000E+0	0.000000E+0
-5.875000E+0	-9.095020E-13
-5.870000E+0	-9.095020E-13
-5.865000E+0	-9.095020E-13
-5.860000E+0	-1.819000E-12
-5.855000E+0	-2.728500E-12
-5.850000E+0	-2.728500E-12
-5.845000E+0	-3.638010E-12
-5.840000E+0	-3.638010E-12
-5.835000E+0	-3.638010E-12
-5.830000E+0	-3.638010E-12
-5.825000E+0	-3.638010E-12
-5.820000E+0	-2.955877E-12
-5.815000E+0	-3.638010E-12
-5.810000E+0	-3.638010E-12
-5.805000E+0	-4.547500E-12
-5.800000E+0	-3.638010E-12
-5.795000E+0	-4.547500E-12
-5.790000E+0	-4.547500E-12
-5.785000E+0	-5.457000E-12
-5.780000E+0	-5.457000E-12
-5.775000E+0	-5.457000E-12
-5.770000E+0	-6.366490E-12
-5.765000E+0	-7.276010E-12
-5.760000E+0	-7.276010E-12
-5.755000E+0	-7.730760E-12
-5.750000E+0	-8.185510E-12
-5.745000E+0	-8.185510E-12
-5.740000E+0	-8.185510E-12
-5.735000E+0	-8.640255E-12
-5.730000E+0	-9.095000E-12
-5.725000E+0	-9.095000E-12
-5.720000E+0	-9.095000E-12
-5.715000E+0	-9.095000E-12
-5.710000E+0	-9.095000E-12
-5.705000E+0	-8.185510E-12
-5.700000E+0	-9.095000E-12
-5.695000E+0	-9.095000E-12
-5.690000E+0	-8.185510E-12
-5.685000E+0	-8.185510E-12
-5.680000E+0	-8.185510E-12
-5.675000E+0	-8.185510E-12
-5.670000E+0	-8.412882E-12
-5.665000E+0	-8.185510E-12
-5.660000E+0	-8.185510E-12
-5.655000E+0	-1.000450E-11
-5.650000E+0	-1.000450E-11
-5.645000E+0	-1.091400E-11
-5.640000E+0	-1.182350E-11
-5.635000E+0	-1.273300E-11
-5.630000E+0	-1.273300E-11
-5.625000E+0	-1.364250E-11
-5.620000E+0	-1.455200E-11
-5.615000E+0	-1.546150E-11
-5.610000E+0	-1.546150E-11
-5.605000E+0	-1.546150E-11
-5.600000E+0	-1.568887E-11
-5.595000E+0	-1.682575E-11
-5.590000E+0	-1.819000E-11
-5.585000E+0	-1.819000E-11
-5.580000E+0	-1.841737E-11
-5.575000E+0	-1.819000E-11
-5.570000E+0	-1.819000E-11
-5.565000E+0	-1.819000E-11
-5.560000E+0	-1.819000E-11
-5.555000E+0	-2.000900E-11
-5.550000E+0	-2.000900E-11
-5.545000E+0	-2.091850E-11
-5.540000E+0	-2.228275E-11
-5.535000E+0	-2.273750E-11
-5.530000E+0	-2.273750E-11
-5.525000E+0	-2.410175E-11
-5.520000E+0	-2.546600E-11
-5.515000E+0	-2.614813E-11
-5.510000E+0	-2.819440E-11
-5.505000E+0	-2.819440E-11
-5.500000E+0	-2.978615E-11
-5.495000E+0	-3.183250E-11
-5.490000E+0	-3.387888E-11
-5.485000E+0	-3.547050E-11
-5.480000E+0	-3.683475E-11
-5.475000E+0	-3.819900E-11
-5.470000E+0	-4.001800E-11
-5.465000E+0	-4.274650E-11
-5.460000E+0	-4.365600E-11
-5.455000E+0	-4.502025E-11
-5.450000E+0	-4.729390E-11
-5.445000E+0	-4.888552E-11
-5.440000E+0	-5.047715E-11
-5.435000E+0	-5.275090E-11
-5.430000E+0	-5.547940E-11
-5.425000E+0	-5.775325E-11
-5.420000E+0	-6.002710E-11
-5.415000E+0	-6.275560E-11
-5.410000E+0	-6.525673E-11
-5.405000E+0	-6.684835E-11
-5.400000E+0	-6.980413E-11
-5.395000E+0	-7.276000E-11
-5.390000E+0	-7.548850E-11
-5.385000E+0	-7.912650E-11
-5.380000E+0	-8.276450E-11
-5.375000E+0	-8.594765E-11
-5.370000E+0	-8.981303E-11
-5.365000E+0	-9.345103E-11
-5.360000E+0	-9.822590E-11
-5.355000E+0	-1.025457E-10
-5.350000E+0	-1.061838E-10
-5.345000E+0	-1.105040E-10
-5.340000E+0	-1.150515E-10
-5.335000E+0	-1.189175E-10
-5.330000E+0	-1.241470E-10
-5.325000E+0	-1.293765E-10
-5.320000E+0	-1.348335E-10
-5.315000E+0	-1.405180E-10
-5.310000E+0	-1.468845E-10
-5.305000E+0	-1.527960E-10
-5.300000E+0	-1.598445E-10
-5.295000E+0	-1.659835E-10
-5.290000E+0	-1.730323E-10
-5.285000E+0	-1.803083E-10
-5.280000E+0	-1.875842E-10
-5.275000E+0	-1.955420E-10
-5.270000E+0	-2.032730E-10
-5.265000E+0	-2.125955E-10
-5.260000E+0	-2.214630E-10
-5.255000E+0	-2.312400E-10
-5.250000E+0	-2.421548E-10
-5.245000E+0	-2.530685E-10
-5.240000E+0	-2.646647E-10
-5.235000E+0	-2.780800E-10
-5.230000E+0	-2.912678E-10
-5.225000E+0	-3.053647E-10
-5.220000E+0	-3.201437E-10
-5.215000E+0	-3.362872E-10
-5.210000E+0	-3.537955E-10
-5.205000E+0	-3.715305E-10
-5.200000E+0	-3.910845E-10
-5.195000E+0	-4.126847E-10
-5.190000E+0	-4.342855E-10
-5.185000E+0	-4.579325E-10
-5.180000E+0	-4.827177E-10
-5.175000E+0	-5.100027E-10
-5.170000E+0	-5.384242E-10
-5.165000E+0	-5.684378E-10
-5.160000E+0	-5.984512E-10
-5.155000E+0	-6.316475E-10
-5.150000E+0	-6.666633E-10
-5.145000E+0	-7.053165E-10
-5.140000E+0	-7.430605E-10
-5.135000E+0	-7.828510E-10
-5.130000E+0	-8.249155E-10
-5.125000E+0	-8.651605E-10
-5.120000E+0	-9.076795E-10
-5.115000E+0	-9.497470E-10
-5.110000E+0	-9.906740E-10
-5.105000E+0	-1.030010E-9
-5.100000E+0	-1.065480E-9
-5.095000E+0	-1.099135E-9
-5.090000E+0	-1.128007E-9
-5.085000E+0	-1.150975E-9
-5.080000E+0	-1.167573E-9
-5.075000E+0	-1.174160E-9
-5.070000E+0	-1.165297E-9
-5.065000E+0	-1.139600E-9
-5.060000E+0	-1.093675E-9
-5.055000E+0	-1.030237E-9
-5.050000E+0	-9.458815E-10
-5.045000E+0	-8.251427E-10
-5.040000E+0	-6.709835E-10
-5.035000E+0	-4.752143E-10
-5.030000E+0	-2.526137E-10
-5.025000E+0	3.683472E-11
-5.020000E+0	3.951773E-10
-5.015000E+0	8.151380E-10
-5.010000E+0	1.279892E-9
-5.005000E+0	1.826952E-9
-5.000000E+0	2.439280E-9
-4.995000E+0	3.170287E-9
-4.990000E+0	3.921087E-9
-4.985000E+0	4.781467E-9
-4.980000E+0	5.736440E-9
-4.975000E+0	6.742115E-9
-4.970000E+0	7.706205E-9
-4.965000E+0	8.673683E-9
-4.960000E+0	9.653208E-9
-4.955000E+0	1.059112E-8
-4.950000E+0	1.136762E-8
-4.945000E+0	1.197538E-8
-4.940000E+0	1.233780E-8
-4.935000E+0	1.241830E-8
-4.930000E+0	1.218955E-8
-4.925000E+0	1.162043E-8
-4.920000E+0	1.072140E-8
-4.915000E+0	9.443567E-9
-4.910000E+0	7.837852E-9
-4.905000E+0	5.934710E-9
-4.900000E+0	3.798983E-9
-4.895000E+0	1.511360E-9
-4.890000E+0	-7.003145E-10
-4.885000E+0	-2.916992E-9
-4.880000E+0	-5.044088E-9
-4.875000E+0	-6.899912E-9
-4.870000E+0	-8.511335E-9
-4.865000E+0	-9.845335E-9
-4.860000E+0	-1.080235E-8
-4.855000E+0	-1.144672E-8
-4.850000E+0	-1.168047E-8
-4.845000E+0	-1.158930E-8
-4.840000E+0	-1.122390E-8
-4.835000E+0	-1.064115E-8
-4.830000E+0	-9.829197E-9
-4.825000E+0	-8.890367E-9
-4.820000E+0	-7.867185E-9
-4.815000E+0	-6.786680E-9
-4.810000E+0	-5.777820E-9
-4.805000E+0	-4.753957E-9
-4.800000E+0	-3.781250E-9
-4.795000E+0	-2.920400E-9
-4.790000E+0	-2.138007E-9
-4.785000E+0	-1.437465E-9
-4.780000E+0	-8.640235E-10
-4.775000E+0	-3.760780E-10
-4.770000E+0	2.091850E-11
-4.765000E+0	3.112762E-10
-4.760000E+0	5.222810E-10
-4.755000E+0	6.659812E-10
-4.750000E+0	7.517010E-10
-4.745000E+0	7.905818E-10
-4.740000E+0	7.905818E-10
-4.735000E+0	7.585225E-10
-4.730000E+0	7.003142E-10
-4.725000E+0	6.134577E-10
-4.720000E+0	5.011355E-10
-4.715000E+0	3.565235E-10
-4.710000E+0	1.793985E-10
-4.705000E+0	-4.070010E-11
-4.700000E+0	-2.846738E-10
-4.695000E+0	-5.700292E-10
-4.690000E+0	-8.678890E-10
-4.685000E+0	-1.179848E-9
-4.680000E+0	-1.463838E-9
-4.675000E+0	-1.721907E-9
-4.670000E+0	-1.912000E-9
-4.665000E+0	-2.018863E-9
-4.660000E+0	-2.024322E-9
-4.655000E+0	-1.914045E-9
-4.650000E+0	-1.709175E-9
-4.645000E+0	-1.392445E-9
-4.640000E+0	-9.856710E-10
-4.635000E+0	-5.011345E-10
-4.630000E+0	1.000450E-11
-4.625000E+0	5.302390E-10
-4.620000E+0	1.014777E-9
-4.615000E+0	1.426095E-9
-4.610000E+0	1.729640E-9
-4.605000E+0	1.931555E-9
-4.600000E+0	2.008408E-9
-4.595000E+0	1.970662E-9
-4.590000E+0	1.822180E-9
-4.585000E+0	1.571840E-9
-4.580000E+0	1.256475E-9
-4.575000E+0	8.983567E-10
-4.570000E+0	5.461552E-10
-4.565000E+0	1.925865E-10
-4.560000E+0	-1.243743E-10
-4.555000E+0	-3.806253E-10
-4.550000E+0	-5.884470E-10
-4.545000E+0	-7.348752E-10
-4.540000E+0	-8.121825E-10
-4.535000E+0	-8.312817E-10
-4.530000E+0	-7.985397E-10
-4.525000E+0	-7.230518E-10
-4.520000E+0	-6.170955E-10
-4.515000E+0	-4.847642E-10
-4.510000E+0	-3.278745E-10
-4.505000E+0	-1.564340E-10
-4.500000E+0	2.182800E-11
-4.495000E+0	1.969065E-10
-4.490000E+0	3.640270E-10
-4.485000E+0	5.152325E-10
-4.480000E+0	6.512017E-10
-4.475000E+0	7.662533E-10
-4.470000E+0	8.531097E-10
-4.465000E+0	9.083613E-10
-4.460000E+0	9.292798E-10
-4.455000E+0	9.106350E-10
-4.450000E+0	8.512910E-10
-4.445000E+0	7.498820E-10
-4.440000E+0	6.111840E-10
-4.435000E+0	4.370140E-10
-4.430000E+0	2.328320E-10
-4.425000E+0	5.002247E-12
-4.420000E+0	-2.253285E-10
-4.415000E+0	-4.577052E-10
-4.410000E+0	-6.771225E-10
-4.405000E+0	-8.581117E-10
-4.400000E+0	-9.949940E-10
-4.395000E+0	-1.075485E-9
-4.390000E+0	-1.097542E-9
-4.385000E+0	-1.054793E-9
-4.380000E+0	-9.477010E-10
-4.375000E+0	-7.657985E-10
-4.370000E+0	-5.452452E-10
-4.365000E+0	-2.764885E-10
-4.360000E+0	1.182350E-11
-4.355000E+0	3.014990E-10
-4.350000E+0	5.688925E-10
-4.345000E+0	7.964933E-10
-4.340000E+0	9.658905E-10
-4.335000E+0	1.066162E-9
-4.330000E+0	1.092538E-9
-4.325000E+0	1.049110E-9
-4.320000E+0	9.411070E-10
-4.315000E+0	7.789855E-10
-4.310000E+0	5.882195E-10
-4.305000E+0	3.781242E-10
-4.300000E+0	1.807630E-10
-4.295000E+0	3.865378E-12
-4.290000E+0	-1.307410E-10
-4.285000E+0	-2.064565E-10
-4.280000E+0	-2.232820E-10
-4.275000E+0	-1.823545E-10
-4.270000E+0	-9.686167E-11
-4.265000E+0	2.592078E-11
-4.260000E+0	1.659835E-10
-4.255000E+0	3.201437E-10
-4.250000E+0	4.579330E-10
-4.245000E+0	5.818527E-10
-4.240000E+0	6.473365E-10
-4.235000E+0	6.787142E-10
-4.230000E+0	6.691643E-10
-4.225000E+0	6.150490E-10
-4.220000E+0	5.252368E-10
-4.215000E+0	3.960865E-10
-4.210000E+0	2.496580E-10
-4.205000E+0	8.503820E-11
-4.200000E+0	-8.412870E-11
-4.195000E+0	-2.544330E-10
-4.190000E+0	-4.149587E-10
-4.185000E+0	-5.554772E-10
-4.180000E+0	-6.700740E-10
-4.175000E+0	-7.562485E-10
-4.170000E+0	-8.112725E-10
-4.165000E+0	-8.387850E-10
-4.160000E+0	-8.387850E-10
-4.155000E+0	-8.133190E-10
-4.150000E+0	-7.708005E-10
-4.145000E+0	-7.135020E-10
-4.140000E+0	-6.482460E-10
-4.135000E+0	-5.779875E-10
-4.130000E+0	-5.084113E-10
-4.125000E+0	-4.333760E-10
-4.120000E+0	-3.558417E-10
-4.115000E+0	-2.771702E-10
-4.110000E+0	-1.925865E-10
-4.105000E+0	-1.086850E-10
-4.100000E+0	-2.182800E-11
-4.095000E+0	6.707568E-11
-4.090000E+0	1.550695E-10
-4.085000E+0	2.455650E-10
-4.080000E+0	3.335590E-10
-4.075000E+0	4.272368E-10
-4.070000E+0	5.193250E-10
-4.065000E+0	6.127757E-10
-4.060000E+0	7.028155E-10
-4.055000E+0	7.855795E-10
-4.050000E+0	8.581120E-10
-4.045000E+0	9.176835E-10
-4.040000E+0	9.586150E-10
-4.035000E+0	9.758950E-10
-4.030000E+0	9.681640E-10
-4.025000E+0	9.331477E-10
-4.020000E+0	8.694805E-10
-4.015000E+0	7.810320E-10
-4.010000E+0	6.696190E-10
-4.005000E+0	5.341040E-10
-4.000000E+0	3.908573E-10
-3.995000E+0	2.380618E-10
-3.990000E+0	8.253708E-11
-3.985000E+0	-6.002697E-11
-3.980000E+0	-1.869020E-10
-3.975000E+0	-2.919500E-10
-3.970000E+0	-3.601615E-10
-3.965000E+0	-3.988150E-10
-3.960000E+0	-4.019983E-10
-3.955000E+0	-3.728945E-10
-3.950000E+0	-3.183248E-10
-3.945000E+0	-2.442010E-10
-3.940000E+0	-1.534780E-10
-3.935000E+0	-5.479733E-11
-3.930000E+0	3.251463E-11
-3.925000E+0	1.105040E-10
-3.920000E+0	1.712130E-10
-3.915000E+0	2.087300E-10
-3.910000E+0	2.219180E-10
-3.905000E+0	2.130500E-10
-3.900000E+0	1.857650E-10
-3.895000E+0	1.434740E-10
-3.890000E+0	9.663430E-11
-3.885000E+0	4.433810E-11
-3.880000E+0	-8.640253E-12
-3.875000E+0	-5.684375E-11
-3.870000E+0	-9.617953E-11
-3.865000E+0	-1.268755E-10
-3.860000E+0	-1.457475E-10
-3.855000E+0	-1.518870E-10
-3.850000E+0	-1.441560E-10
-3.845000E+0	-1.221005E-10
-3.840000E+0	-8.913090E-11
-3.835000E+0	-4.388335E-11
-3.830000E+0	1.091400E-11
-3.825000E+0	7.730750E-11
-3.820000E+0	1.527960E-10
-3.815000E+0	2.355607E-10
-3.810000E+0	3.215080E-10
-3.805000E+0	4.106385E-10
-3.800000E+0	4.913583E-10
-3.795000E+0	5.657095E-10
-3.790000E+0	6.280095E-10
-3.785000E+0	6.753035E-10
-3.780000E+0	7.025880E-10
-3.775000E+0	7.085000E-10
-3.770000E+0	6.930387E-10
-3.765000E+0	6.564313E-10
-3.760000E+0	6.020893E-10
-3.755000E+0	5.316030E-10
-3.750000E+0	4.572505E-10
-3.745000E+0	3.776698E-10
-3.740000E+0	2.980890E-10
-3.735000E+0	2.280568E-10
-3.730000E+0	1.684847E-10
-3.725000E+0	1.191445E-10
-3.720000E+0	8.503820E-11
-3.715000E+0	6.025448E-11
-3.710000E+0	4.479287E-11
-3.705000E+0	3.501575E-11
-3.700000E+0	2.864925E-11
-3.695000E+0	2.137325E-11
-3.690000E+0	1.205088E-11
-3.685000E+0	4.547510E-13
-3.680000E+0	-1.341513E-11
-3.675000E+0	-2.933138E-11
-3.670000E+0	-4.024538E-11
-3.665000E+0	-4.547500E-11
-3.660000E+0	-4.183700E-11
-3.655000E+0	-2.819447E-11
-3.650000E+0	-5.002250E-12
-3.645000E+0	2.546600E-11
-3.640000E+0	6.070923E-11
-3.635000E+0	9.640690E-11
-3.630000E+0	1.277850E-10
-3.625000E+0	1.477940E-10
-3.620000E+0	1.523415E-10
-3.615000E+0	1.359705E-10
-3.610000E+0	9.777105E-11
-3.605000E+0	3.547050E-11
-3.600000E+0	-4.661183E-11
-3.595000E+0	-1.477940E-10
-3.590000E+0	-2.623910E-10
-3.585000E+0	-3.879015E-10
-3.580000E+0	-5.090932E-10
-3.575000E+0	-6.293738E-10
-3.570000E+0	-7.364667E-10
-3.565000E+0	-8.230963E-10
-3.560000E+0	-8.844870E-10
-3.555000E+0	-9.151828E-10
-3.550000E+0	-9.135910E-10
-3.545000E+0	-8.738005E-10
-3.540000E+0	-7.935375E-10
-3.535000E+0	-6.728025E-10
-3.530000E+0	-5.127315E-10
-3.525000E+0	-3.271925E-10
-3.520000E+0	-1.177805E-10
-3.515000E+0	1.009543E-10
-3.510000E+0	3.110487E-10
-3.505000E+0	5.206893E-10
-3.500000E+0	7.037250E-10
-3.495000E+0	8.581117E-10
-3.490000E+0	9.672545E-10
-3.485000E+0	1.026602E-9
-3.480000E+0	1.033645E-9
-3.475000E+0	9.890825E-10
-3.470000E+0	9.017675E-10
-3.465000E+0	7.762572E-10
-3.460000E+0	6.252810E-10
-3.455000E+0	4.627083E-10
-3.450000E+0	2.921773E-10
-3.445000E+0	1.264205E-10
-3.440000E+0	-2.182800E-11
-3.435000E+0	-1.607540E-10
-3.430000E+0	-2.798990E-10
-3.425000E+0	-3.781245E-10
-3.420000E+0	-4.586147E-10
-3.415000E+0	-5.195528E-10
-3.410000E+0	-5.595703E-10
-3.405000E+0	-5.841267E-10
-3.400000E+0	-5.929940E-10
-3.395000E+0	-5.884467E-10
-3.390000E+0	-5.743495E-10
-3.385000E+0	-5.513845E-10
-3.380000E+0	-5.229633E-10
-3.375000E+0	-4.904485E-10
-3.370000E+0	-4.579325E-10
-3.365000E+0	-4.263272E-10
-3.360000E+0	-3.958590E-10
-3.355000E+0	-3.685747E-10
-3.350000E+0	-3.442455E-10
-3.345000E+0	-3.235542E-10
-3.340000E+0	-3.074108E-10
-3.335000E+0	-2.958150E-10
-3.330000E+0	-2.887665E-10
-3.325000E+0	-2.851285E-10
-3.320000E+0	-2.844465E-10
-3.315000E+0	-2.837640E-10
-3.310000E+0	-2.846740E-10
-3.305000E+0	-2.828550E-10
-3.300000E+0	-2.760335E-10
-3.295000E+0	-2.646647E-10
-3.290000E+0	-2.489760E-10
-3.285000E+0	-2.280567E-10
-3.280000E+0	-2.009992E-10
-3.275000E+0	-1.668930E-10
-3.270000E+0	-1.273305E-10
-3.265000E+0	-8.094550E-11
-3.260000E+0	-3.046827E-11
-3.255000E+0	2.842188E-11
-3.250000E+0	9.140465E-11
-3.245000E+0	1.577980E-10
-3.240000E+0	2.264653E-10
-3.235000E+0	2.992257E-10
-3.230000E+0	3.678925E-10
-3.225000E+0	4.367867E-10
-3.220000E+0	4.997710E-10
-3.215000E+0	5.572962E-10
-3.210000E+0	6.061820E-10
-3.205000E+0	6.416520E-10
-3.200000E+0	6.602967E-10
-3.195000E+0	6.607515E-10
-3.190000E+0	6.380140E-10
-3.185000E+0	5.898110E-10
-3.180000E+0	5.165968E-10
-3.175000E+0	4.138218E-10
-3.170000E+0	2.901308E-10
-3.165000E+0	1.407455E-10
-3.160000E+0	-2.091850E-11
-3.155000E+0	-1.909950E-10
-3.150000E+0	-3.660735E-10
-3.145000E+0	-5.391062E-10
-3.140000E+0	-6.959945E-10
-3.135000E+0	-8.333280E-10
-3.130000E+0	-9.361045E-10
-3.125000E+0	-1.001815E-9
-3.120000E+0	-1.023873E-9
-3.115000E+0	-9.995412E-10
-3.110000E+0	-9.304185E-10
-3.105000E+0	-8.146833E-10
-3.100000E+0	-6.650715E-10
-3.095000E+0	-4.733953E-10
-3.090000E+0	-2.587530E-10
-3.085000E+0	-3.342407E-11
-3.080000E+0	1.850830E-10
-3.075000E+0	3.885833E-10
-3.070000E+0	5.666185E-10
-3.065000E+0	7.071355E-10
-3.060000E+0	7.980850E-10
-3.055000E+0	8.369660E-10
-3.050000E+0	8.199127E-10
-3.045000E+0	7.496545E-10
-3.040000E+0	6.316475E-10
-3.035000E+0	4.772607E-10
-3.030000E+0	2.949055E-10
-3.025000E+0	1.009542E-10
-3.020000E+0	-9.185933E-11
-3.015000E+0	-2.696670E-10
-3.010000E+0	-4.049540E-10
-3.005000E+0	-5.097755E-10
-3.000000E+0	-5.625260E-10
-2.995000E+0	-5.693473E-10
-2.990000E+0	-5.279653E-10
-2.985000E+0	-4.406517E-10
-2.980000E+0	-3.183248E-10
-2.975000E+0	-1.648468E-10
-2.970000E+0	-2.728503E-12
-2.965000E+0	1.637100E-10
-2.960000E+0	3.126405E-10
-2.955000E+0	4.470185E-10
-2.950000E+0	5.554775E-10
-2.945000E+0	6.368773E-10
-2.940000E+0	6.818975E-10
-2.935000E+0	6.939480E-10
-2.930000E+0	6.759857E-10
-2.925000E+0	6.325570E-10
-2.920000E+0	5.691198E-10
-2.915000E+0	4.884020E-10
-2.910000E+0	4.047270E-10
-2.905000E+0	3.130952E-10
-2.900000E+0	2.198715E-10
-2.895000E+0	1.339242E-10
-2.890000E+0	5.775325E-11
-2.885000E+0	-1.114137E-11
-2.880000E+0	-6.957677E-11
-2.875000E+0	-1.261933E-10
-2.870000E+0	-1.728045E-10
-2.865000E+0	-2.119132E-10
-2.860000E+0	-2.417000E-10
-2.855000E+0	-2.619362E-10
-2.850000E+0	-2.692120E-10
-2.845000E+0	-2.628457E-10
-2.840000E+0	-2.428370E-10
-2.835000E+0	-2.096395E-10
-2.830000E+0	-1.659837E-10
-2.825000E+0	-1.100493E-10
-2.820000E+0	-5.138665E-11
-2.815000E+0	8.185503E-12
-2.810000E+0	6.002705E-11
-2.805000E+0	1.014091E-10
-2.800000E+0	1.191450E-10
-2.795000E+0	1.145967E-10
-2.790000E+0	8.526557E-11
-2.785000E+0	3.046827E-11
-2.780000E+0	-5.093193E-11
-2.775000E+0	-1.546150E-10
-2.770000E+0	-2.671660E-10
-2.765000E+0	-3.810803E-10
-2.760000E+0	-4.831725E-10
-2.755000E+0	-5.748043E-10
-2.750000E+0	-6.380140E-10
-2.745000E+0	-6.675728E-10
-2.740000E+0	-6.593875E-10
-2.735000E+0	-6.059545E-10
-2.730000E+0	-5.172787E-10
-2.725000E+0	-3.917665E-10
-2.720000E+0	-2.401080E-10
-2.715000E+0	-7.116843E-11
-2.710000E+0	1.025459E-10
-2.705000E+0	2.726227E-10
-2.700000E+0	4.301930E-10
-2.695000E+0	5.682103E-10
-2.690000E+0	6.825793E-10
-2.685000E+0	7.730743E-10
-2.680000E+0	8.390125E-10
-2.675000E+0	8.828953E-10
-2.670000E+0	9.054055E-10
-2.665000E+0	9.060875E-10
-2.660000E+0	8.876702E-10
-2.655000E+0	8.478800E-10
-2.650000E+0	7.892175E-10
-2.645000E+0	7.064535E-10
-2.640000E+0	6.011798E-10
-2.635000E+0	4.722583E-10
-2.630000E+0	3.278747E-10
-2.625000E+0	1.577980E-10
-2.620000E+0	-2.046375E-11
-2.615000E+0	-1.948603E-10
-2.610000E+0	-3.537952E-10
-2.605000E+0	-5.020445E-10
-2.600000E+0	-6.273275E-10
-2.595000E+0	-7.223698E-10
-2.590000E+0	-7.773942E-10
-2.585000E+0	-7.919458E-10
-2.580000E+0	-7.653435E-10
-2.575000E+0	-7.016785E-10
-2.570000E+0	-6.095923E-10
-2.565000E+0	-4.970425E-10
-2.560000E+0	-3.772150E-10
-2.555000E+0	-2.542055E-10
-2.550000E+0	-1.462022E-10
-2.545000E+0	-5.616163E-11
-2.540000E+0	1.023188E-11
-2.535000E+0	4.183700E-11
-2.530000E+0	4.047275E-11
-2.525000E+0	7.276000E-12
-2.520000E+0	-5.275095E-11
-2.515000E+0	-1.357432E-10
-2.510000E+0	-2.280570E-10
-2.505000E+0	-3.292388E-10
-2.500000E+0	-4.267820E-10
-2.495000E+0	-5.079565E-10
-2.490000E+0	-5.652545E-10
-2.485000E+0	-5.923122E-10
-2.480000E+0	-5.838992E-10
-2.475000E+0	-5.354685E-10
-2.470000E+0	-4.538395E-10
-2.465000E+0	-3.290112E-10
-2.460000E+0	-1.787165E-10
-2.455000E+0	-8.640250E-12
-2.450000E+0	1.705313E-10
-2.445000E+0	3.465192E-10
-2.440000E+0	5.145505E-10
-2.435000E+0	6.682550E-10
-2.430000E+0	7.955840E-10
-2.425000E+0	8.956285E-10
-2.420000E+0	9.611157E-10
-2.415000E+0	9.890825E-10
-2.410000E+0	9.781685E-10
-2.405000E+0	9.308733E-10
-2.400000E+0	8.444695E-10
-2.395000E+0	7.189590E-10
-2.390000E+0	5.723032E-10
-2.385000E+0	3.947225E-10
-2.380000E+0	1.971338E-10
-2.375000E+0	-3.183252E-12
-2.370000E+0	-2.016815E-10
-2.365000E+0	-3.817625E-10
-2.360000E+0	-5.350138E-10
-2.355000E+0	-6.627980E-10
-2.350000E+0	-7.444250E-10
-2.345000E+0	-7.862615E-10
-2.340000E+0	-7.828513E-10
-2.335000E+0	-7.371490E-10
-2.330000E+0	-6.589325E-10
-2.325000E+0	-5.472920E-10
-2.320000E+0	-4.210977E-10
-2.315000E+0	-2.814905E-10
-2.310000E+0	-1.412002E-10
-2.305000E+0	-1.296037E-11
-2.300000E+0	9.663417E-11
-2.295000E+0	1.805355E-10
-2.290000E+0	2.382895E-10
-2.285000E+0	2.696670E-10
-2.280000E+0	2.792170E-10
-2.275000E+0	2.692123E-10
-2.270000E+0	2.428367E-10
-2.265000E+0	2.030458E-10
-2.260000E+0	1.589350E-10
-2.255000E+0	1.084578E-10
-2.250000E+0	5.570682E-11
-2.245000E+0	3.638003E-12
-2.240000E+0	-4.865818E-11
-2.235000E+0	-1.020912E-10
-2.230000E+0	-1.562065E-10
-2.225000E+0	-2.094120E-10
-2.220000E+0	-2.607992E-10
-2.215000E+0	-3.108213E-10
-2.210000E+0	-3.510668E-10
-2.205000E+0	-3.806255E-10
-2.200000E+0	-3.947220E-10
-2.195000E+0	-3.901750E-10
-2.190000E+0	-3.635723E-10
-2.185000E+0	-3.126405E-10
-2.180000E+0	-2.432915E-10
-2.175000E+0	-1.502950E-10
-2.170000E+0	-4.388335E-11
-2.165000E+0	6.616617E-11
-2.160000E+0	1.791712E-10
-2.155000E+0	2.912675E-10
-2.150000E+0	3.854003E-10
-2.145000E+0	4.661188E-10
-2.140000E+0	5.231908E-10
-2.135000E+0	5.543405E-10
-2.130000E+0	5.588880E-10
-2.125000E+0	5.388790E-10
-2.120000E+0	4.974973E-10
-2.115000E+0	4.351950E-10
-2.110000E+0	3.647092E-10
-2.105000E+0	2.833095E-10
-2.100000E+0	1.994075E-10
-2.095000E+0	1.184625E-10
-2.090000E+0	4.774870E-11
-2.085000E+0	-1.205088E-11
-2.080000E+0	-5.775325E-11
-2.075000E+0	-9.345102E-11
-2.070000E+0	-1.157335E-10
-2.065000E+0	-1.273300E-10
-2.060000E+0	-1.291490E-10
-2.055000E+0	-1.230102E-10
-2.050000E+0	-1.116410E-10
-2.045000E+0	-9.686165E-11
-2.040000E+0	-7.889912E-11
-2.035000E+0	-6.093660E-11
-2.030000E+0	-4.411075E-11
-2.025000E+0	-3.024087E-11
-2.020000E+0	-2.273750E-11
-2.015000E+0	-2.273750E-11
-2.010000E+0	-3.205988E-11
-2.005000E+0	-5.024978E-11
-2.000000E+0	-7.889912E-11
-1.995000E+0	-1.180077E-10
-1.990000E+0	-1.632550E-10
-1.985000E+0	-2.173702E-10
-1.980000E+0	-2.726227E-10
-1.975000E+0	-3.310577E-10
-1.970000E+0	-3.806255E-10
-1.965000E+0	-4.183692E-10
-1.960000E+0	-4.440628E-10
-1.955000E+0	-4.529300E-10
-1.950000E+0	-4.454270E-10
-1.945000E+0	-4.179145E-10
-1.940000E+0	-3.731223E-10
-1.935000E+0	-3.103665E-10
-1.930000E+0	-2.382890E-10
-1.925000E+0	-1.546150E-10
-1.920000E+0	-6.457458E-11
-1.915000E+0	2.864925E-11
-1.910000E+0	1.173255E-10
-1.905000E+0	2.016815E-10
-1.900000E+0	2.748967E-10
-1.895000E+0	3.406075E-10
-1.890000E+0	3.938125E-10
-1.885000E+0	4.315570E-10
-1.880000E+0	4.570230E-10
-1.875000E+0	4.695303E-10
-1.870000E+0	4.699848E-10
-1.865000E+0	4.588420E-10
-1.860000E+0	4.381510E-10
-1.855000E+0	4.083647E-10
-1.850000E+0	3.703937E-10
-1.845000E+0	3.267377E-10
-1.840000E+0	2.805810E-10
-1.835000E+0	2.310128E-10
-1.830000E+0	1.805355E-10
-1.825000E+0	1.277850E-10
-1.820000E+0	8.117287E-11
-1.815000E+0	4.070013E-11
-1.810000E+0	6.593878E-12
-1.805000E+0	-2.000900E-11
-1.800000E+0	-4.024538E-11
-1.795000E+0	-5.616152E-11
-1.790000E+0	-7.071362E-11
-1.785000E+0	-8.617503E-11
-1.780000E+0	-1.064112E-10
-1.775000E+0	-1.332420E-10
-1.770000E+0	-1.678025E-10
-1.765000E+0	-2.121407E-10
-1.760000E+0	-2.635280E-10
-1.755000E+0	-3.215080E-10
-1.750000E+0	-3.783518E-10
-1.745000E+0	-4.367867E-10
-1.740000E+0	-4.890842E-10
-1.735000E+0	-5.291018E-10
-1.730000E+0	-5.491107E-10
-1.725000E+0	-5.482012E-10
-1.720000E+0	-5.229632E-10
-1.715000E+0	-4.743050E-10
-1.710000E+0	-4.033625E-10
-1.705000E+0	-3.101392E-10
-1.700000E+0	-2.060015E-10
-1.695000E+0	-8.708457E-11
-1.690000E+0	3.183252E-11
-1.685000E+0	1.459750E-10
-1.680000E+0	2.464747E-10
-1.675000E+0	3.251460E-10
-1.670000E+0	3.801705E-10
-1.665000E+0	4.126850E-10
-1.660000E+0	4.210980E-10
-1.655000E+0	4.063185E-10
-1.650000E+0	3.742590E-10
-1.645000E+0	3.278745E-10
-1.640000E+0	2.751240E-10
-1.635000E+0	2.214630E-10
-1.630000E+0	1.743962E-10
-1.625000E+0	1.332420E-10
-1.620000E+0	1.030008E-10
-1.615000E+0	8.526558E-11
-1.610000E+0	7.912650E-11
-1.605000E+0	8.185500E-11
-1.600000E+0	8.981302E-11
-1.595000E+0	1.018638E-10
-1.590000E+0	1.118680E-10
-1.585000E+0	1.173260E-10
-1.580000E+0	1.150515E-10
-1.575000E+0	1.032280E-10
-1.570000E+0	8.276450E-11
-1.565000E+0	5.411515E-11
-1.560000E+0	2.069113E-11
-1.555000E+0	-1.523413E-11
-1.550000E+0	-5.115928E-11
-1.545000E+0	-8.208237E-11
-1.540000E+0	-1.027732E-10
-1.535000E+0	-1.150515E-10
-1.530000E+0	-1.155060E-10
-1.525000E+0	-1.061840E-10
-1.520000E+0	-8.867615E-11
-1.515000E+0	-6.411985E-11
-1.510000E+0	-3.774425E-11
-1.505000E+0	-9.549752E-12
-1.500000E+0	1.409725E-11
-1.495000E+0	3.115038E-11
-1.490000E+0	3.910850E-11
-1.485000E+0	3.478837E-11
-1.480000E+0	2.000900E-11
-1.475000E+0	-5.911753E-12
-1.470000E+0	-4.047275E-11
-1.465000E+0	-7.980862E-11
-1.460000E+0	-1.214185E-10
-1.455000E+0	-1.634822E-10
-1.450000E+0	-1.996350E-10
-1.445000E+0	-2.264655E-10
-1.440000E+0	-2.430642E-10
-1.435000E+0	-2.471568E-10
-1.430000E+0	-2.387440E-10
-1.425000E+0	-2.157785E-10
-1.420000E+0	-1.803080E-10
-1.415000E+0	-1.368800E-10
-1.410000E+0	-8.708455E-11
-1.405000E+0	-3.205990E-11
-1.400000E+0	1.909950E-11
-1.395000E+0	6.684833E-11
-1.390000E+0	1.075483E-10
-1.385000E+0	1.382442E-10
-1.380000E+0	1.571160E-10
-1.375000E+0	1.646190E-10
-1.370000E+0	1.612087E-10
-1.365000E+0	1.471120E-10
-1.360000E+0	1.261935E-10
-1.355000E+0	1.009544E-10
-1.350000E+0	7.617062E-11
-1.345000E+0	5.093190E-11
-1.340000E+0	3.046827E-11
-1.335000E+0	1.546150E-11
-1.330000E+0	8.412882E-12
-1.325000E+0	9.095000E-12
-1.320000E+0	1.796262E-11
-1.315000E+0	3.501575E-11
-1.310000E+0	5.775325E-11
-1.305000E+0	8.617505E-11
-1.300000E+0	1.155065E-10
-1.295000E+0	1.457477E-10
-1.290000E+0	1.750785E-10
-1.285000E+0	2.012265E-10
-1.280000E+0	2.223725E-10
-1.275000E+0	2.378345E-10
-1.270000E+0	2.464750E-10
-1.265000E+0	2.473840E-10
-1.260000E+0	2.416997E-10
-1.255000E+0	2.257830E-10
-1.250000E+0	2.039552E-10
-1.245000E+0	1.732595E-10
-1.240000E+0	1.348337E-10
-1.235000E+0	9.117727E-11
-1.230000E+0	3.979062E-11
-1.225000E+0	-1.523412E-11
-1.220000E+0	-7.457900E-11
-1.215000E+0	-1.375622E-10
-1.210000E+0	-1.978160E-10
-1.205000E+0	-2.592077E-10
-1.200000E+0	-3.187795E-10
-1.195000E+0	-3.713030E-10
-1.190000E+0	-4.156405E-10
-1.185000E+0	-4.499745E-10
-1.180000E+0	-4.693028E-10
-1.175000E+0	-4.699848E-10
-1.170000E+0	-4.520210E-10
-1.165000E+0	-4.147315E-10
-1.160000E+0	-3.622080E-10
-1.155000E+0	-2.944510E-10
-1.150000E+0	-2.171428E-10
-1.145000E+0	-1.352885E-10
-1.140000E+0	-5.320570E-11
-1.135000E+0	2.046375E-11
-1.130000E+0	8.094550E-11
-1.125000E+0	1.257387E-10
-1.120000E+0	1.505225E-10
-1.115000E+0	1.591620E-10
-1.110000E+0	1.518868E-10
-1.105000E+0	1.341515E-10
-1.100000E+0	1.105040E-10
-1.095000E+0	8.867615E-11
-1.090000E+0	7.503375E-11
-1.085000E+0	7.435162E-11
-1.080000E+0	8.776665E-11
-1.075000E+0	1.164160E-10
-1.070000E+0	1.591625E-10
-1.065000E+0	2.132775E-10
-1.060000E+0	2.742145E-10
-1.055000E+0	3.328767E-10
-1.050000E+0	3.858550E-10
-1.045000E+0	4.283738E-10
-1.040000E+0	4.511112E-10
-1.035000E+0	4.558862E-10
-1.030000E+0	4.388330E-10
-1.025000E+0	4.004068E-10
-1.020000E+0	3.476563E-10
-1.015000E+0	2.783072E-10
-1.010000E+0	2.023635E-10
-1.005000E+0	1.198267E-10
-1.000000E+0	3.979062E-11
-9.950000E-1	-3.888112E-11
-9.900000E-1	-1.093670E-10
-9.850000E-1	-1.771247E-10
-9.800000E-1	-2.321500E-10
-9.750000E-1	-2.794440E-10
-9.700000E-1	-3.174155E-10
-9.650000E-1	-3.483383E-10
-9.600000E-1	-3.713030E-10
-9.550000E-1	-3.869920E-10
-9.500000E-1	-3.938130E-10
-9.450000E-1	-3.917665E-10
-9.400000E-1	-3.822173E-10
-9.350000E-1	-3.633450E-10
-9.300000E-1	-3.356052E-10
-9.250000E-1	-3.001355E-10
-9.200000E-1	-2.576160E-10
-9.150000E-1	-2.100945E-10
-9.100000E-1	-1.600717E-10
-9.050000E-1	-1.068660E-10
-9.000000E-1	-5.411520E-11
-8.950000E-1	4.547530E-13
-8.900000E-1	5.070452E-11
-8.850000E-1	9.617953E-11
-8.800000E-1	1.366528E-10
-8.750000E-1	1.723500E-10
-8.700000E-1	2.019090E-10
-8.650000E-1	2.235093E-10
-8.600000E-1	2.369250E-10
-8.550000E-1	2.419270E-10
-8.500000E-1	2.362428E-10
-8.450000E-1	2.205535E-10
-8.400000E-1	1.962245E-10
-8.350000E-1	1.655288E-10
-8.300000E-1	1.275578E-10
-8.250000E-1	8.685718E-11
-8.200000E-1	4.388335E-11
-8.150000E-1	5.229625E-12
-8.100000E-1	-2.751237E-11
-8.050000E-1	-5.138665E-11
-8.000000E-1	-6.502935E-11
-7.950000E-1	-6.707572E-11
-7.900000E-1	-5.661632E-11
-7.850000E-1	-3.433362E-11
-7.800000E-1	-3.410626E-12
-7.750000E-1	3.251462E-11
-7.700000E-1	7.321475E-11
-7.650000E-1	1.159613E-10
-7.600000E-1	1.527960E-10
-7.550000E-1	1.855378E-10
-7.500000E-1	2.080480E-10
-7.450000E-1	2.219180E-10
-7.400000E-1	2.221452E-10
-7.350000E-1	2.096395E-10
-7.300000E-1	1.841735E-10
-7.250000E-1	1.471120E-10
-7.200000E-1	1.011817E-10
-7.150000E-1	4.638445E-11
-7.100000E-1	-1.205088E-11
-7.050000E-1	-7.207788E-11
-7.000000E-1	-1.341515E-10
-6.950000E-1	-1.909948E-10
-6.900000E-1	-2.380620E-10
-6.850000E-1	-2.762610E-10
-6.800000E-1	-3.030912E-10
-6.750000E-1	-3.146870E-10
-6.700000E-1	-3.126405E-10
-6.650000E-1	-2.946780E-10
-6.600000E-1	-2.619365E-10
-6.550000E-1	-2.189620E-10
-6.500000E-1	-1.703035E-10
-6.450000E-1	-1.175530E-10
-6.400000E-1	-6.662093E-11
-6.350000E-1	-1.614363E-11
-6.300000E-1	2.660290E-11
-6.250000E-1	5.934492E-11
-6.200000E-1	8.253712E-11
-6.150000E-1	9.458790E-11
-6.100000E-1	9.413315E-11
-6.050000E-1	8.253712E-11
-6.000000E-1	6.389247E-11
-5.950000E-1	3.774425E-11
-5.900000E-1	9.549753E-12
-5.850000E-1	-1.978162E-11
-5.800000E-1	-4.820342E-11
-5.750000E-1	-7.344212E-11
-5.700000E-1	-9.345103E-11
-5.650000E-1	-1.089122E-10
-5.600000E-1	-1.186900E-10
-5.550000E-1	-1.227830E-10
-5.500000E-1	-1.200540E-10
-5.450000E-1	-1.116410E-10
-5.400000E-1	-9.595215E-11
-5.350000E-1	-7.230525E-11
-5.300000E-1	-4.320125E-11
-5.250000E-1	-6.366505E-12
-5.200000E-1	3.456100E-11
-5.150000E-1	8.003600E-11
-5.100000E-1	1.257387E-10
-5.050000E-1	1.753060E-10
-5.000000E-1	2.214630E-10
-4.950000E-1	2.630730E-10
-4.900000E-1	2.983163E-10
-4.850000E-1	3.235545E-10
-4.800000E-1	3.374242E-10
-4.750000E-1	3.392430E-10
-4.700000E-1	3.292388E-10
-4.650000E-1	3.067287E-10
-4.600000E-1	2.742145E-10
-4.550000E-1	2.291935E-10
-4.500000E-1	1.768975E-10
-4.450000E-1	1.202818E-10
-4.400000E-1	6.366510E-11
-4.350000E-1	7.503375E-12
-4.300000E-1	-4.638445E-11
-4.250000E-1	-9.481528E-11
-4.200000E-1	-1.352882E-10
-4.150000E-1	-1.714405E-10
-4.100000E-1	-1.989530E-10
-4.050000E-1	-2.223725E-10
-4.000000E-1	-2.426095E-10
-3.950000E-1	-2.607992E-10
-3.900000E-1	-2.773977E-10
-3.850000E-1	-2.946783E-10
-3.800000E-1	-3.115035E-10
-3.750000E-1	-3.287840E-10
-3.700000E-1	-3.428812E-10
-3.650000E-1	-3.528860E-10
-3.600000E-1	-3.553867E-10
-3.550000E-1	-3.499297E-10
-3.500000E-1	-3.331043E-10
-3.450000E-1	-3.030910E-10
-3.400000E-1	-2.614815E-10
-3.350000E-1	-2.069110E-10
-3.300000E-1	-1.421098E-10
-3.250000E-1	-6.866730E-11
-3.200000E-1	4.547497E-12
-3.150000E-1	8.071813E-11
-3.100000E-1	1.530235E-10
-3.050000E-1	2.175975E-10
-3.000000E-1	2.705765E-10
-2.950000E-1	3.121855E-10
-2.900000E-1	3.365147E-10
-2.850000E-1	3.451550E-10
-2.800000E-1	3.417445E-10
-2.750000E-1	3.256008E-10
-2.700000E-1	3.014995E-10
-2.650000E-1	2.710313E-10
-2.600000E-1	2.369250E-10
-2.550000E-1	2.028183E-10
-2.500000E-1	1.709858E-10
-2.450000E-1	1.416547E-10
-2.400000E-1	1.173258E-10
-2.350000E-1	9.481527E-11
-2.300000E-1	7.662537E-11
-2.250000E-1	6.093660E-11
-2.200000E-1	4.592972E-11
-2.150000E-1	3.160512E-11
-2.100000E-1	1.659837E-11
-2.050000E-1	6.821255E-13
-2.000000E-1	-1.614363E-11
-1.950000E-1	-3.410625E-11
-1.900000E-1	-5.115928E-11
-1.850000E-1	-6.821252E-11
-1.800000E-1	-8.276450E-11
-1.750000E-1	-9.617953E-11
-1.700000E-1	-1.055020E-10
-1.650000E-1	-1.118680E-10
-1.600000E-1	-1.155060E-10
-1.550000E-1	-1.173260E-10
-1.500000E-1	-1.182350E-10
-1.450000E-1	-1.191450E-10
-1.400000E-1	-1.200540E-10
-1.350000E-1	-1.227830E-10
-1.300000E-1	-1.275575E-10
-1.250000E-1	-1.357432E-10
-1.200000E-1	-1.450655E-10
-1.150000E-1	-1.559790E-10
-1.100000E-1	-1.666658E-10
-1.050000E-1	-1.773520E-10
-1.000000E-1	-1.848555E-10
-9.500000E-2	-1.862198E-10
-9.000000E-2	-1.818998E-10
-8.500000E-2	-1.689393E-10
-8.000000E-2	-1.452927E-10
-7.500000E-2	-1.132325E-10
-7.000000E-2	-7.571588E-11
-6.500000E-2	-2.910398E-11
-6.000000E-2	2.182800E-11
-5.500000E-2	7.298738E-11
-5.000000E-2	1.225552E-10
-4.500000E-2	1.691665E-10
-4.000000E-2	2.041825E-10
-3.500000E-2	2.330592E-10
-3.000000E-2	2.496580E-10
-2.500000E-2	2.553425E-10
-2.000000E-2	2.494305E-10
-1.500000E-2	2.357880E-10
-1.000000E-2	2.153240E-10
-5.000000E-3	1.907673E-10
0.000000E+0	1.643918E-10
5.000000E-3	1.366525E-10
