01000000000100000000110110101111011010111101001011110100101111010010110010111110001011111010000100001000010000101111011010111101101100010001110001000100011101100001110110000111011001010011110101001111
11010110011101011001010001101001000110101000110111100011011101100100110110010011011001001100111100100011110010001111010100111101011011011111101101111110111110011011111001011111010101111101010111110101
11010001011101000101001110010000111001000011100100110110000011011000001110111111111011111110110000011011000001101100000101010010100101001010110010001111001000111110000111111000011101101111110110111111
00011010001001100000100110000010101000111010100011010001100001000110000100011000001101110000110111000001100111000110011110100110111010011011100100010010010001001001000100111000100111100010010000000100
00011011000001101100100110110010011011001111100101111110010111111001010110010011011001001110110101101011010110000101001100010100111111011000111101100011110110000101010111010101011100110100010011010001
01001010110100101011001000000000100000001111110000111111000011001100101100110010110011001010000111111000011111011010010001101001001011001110101100111011101100101110110010111011001010110100001011010000
00000101000000010100000111001000011100101111100010111110001011111000101101010001110101000111001101111100110111001100011100110001110111010101011101010101000111100100011110010001111001111111010111111101
11001110011010000100101000010010100001000101100010010110001000111010100011101010010110001101011000111100000001110000000110110100111011010011111011101111101110111110111011100101010110010101010110000010
11111000111001000110100100011000001011010000101101000010110110111111011110010011111001001100010100110001010011111111100111111110010111001111011100111101110011110011100000001110000010101110100000100010
01011100100101110010111110101011111010101101100100110110010011111110101111111010000101001100010100111111001011111100101111110010111000111101100011110110011001011001100101010100011101010001110100111000
11110110001111011000111000000011100000000110110111011011011110011000001001100000000001100000000110000111000100011100010011001100001100110000101101110110110111011111110111111111011111010010111101001011
11000001011101011110110101111011110010001111001000001101100000110110001100101000110010100011001010000101101010010110101001111111010111111101110111001111011100111100000001110000000111000000011010000101
11111010001111101000110001001111000100111110011000111001100011100110001101101000110110100000110010100011001010111001111111100111110100111001010011100101001110010011111011001111101110011100001001110000
11100011111011000111101100011110110001110111111000011111100010101101101010110110110001000111000100010010000000001000000000100000000101010111010101011100001100010000110001111000101111100010110001110110
00010001000001000100011000100001100010001011100110101110011010111001101001011101100101110100100011010010001101001110001100111000111101110011110111001111011100111100100011110010001110111001001011100100
11010101101101010110000101001100010100110010010110001001011001011110100101111010010111101011010100101101010010100111111110011111110000000011000000001100000000110001111110000111111010100100001010010000
10011011111001101111100010000010001000000111001100011100110001110011000101001001010100100100000101110000010111100011101110001110111000111011000101111100010111111011111101101111110100010000100001000010
11000000011000101110100010111011001111001100111100100001110110000111010101100000010110000001011000000010101000001010100011010001011101000101001011000000101100000010110010001011001000011101100001110110
11010100011101010001110101111111010111111110111000111011100011101110001110111110111011111011110011001111001100100110011010011001101001100110010110110101011011010010100111001010011111000010101100001010
10001111011000111101111111011011111101100011001011001100101100110010111100111101110011110110011001011001100101001011101000101110100101111101010111110101011111010000010101000001010100101101000010110100
01011101010110000001011000000100101100010010110001100000011110000001110011110001001111000110101101011010110101010000100001000010000111101001011110100100000001100000000110111110000111111000011111100001
01100110001000010000100010110001111001100111111010011001001010100011001111111000000100101111011011010001100010001100110000111111010100011101101101010000011011100110001101011000110101111101101110001100
10001000111000100011100001111010000111100000001101000000110101000110010100011001010001100100110111100011011110100011011110001101110000101001000010100111100110111110011011111001101110010011001001001100
10001000110011000100011110001010010100010011001100101110011010111001101110011011011011110001101010000011101100011010101110011001011111011001011100100100000110011101001110110100111010101000000100011010
11100011111110001111000110100100011010011100011110110001111010110010001011001000011001001001100100100110010010100100011010010001100011111101001111110110001110001000111000011101111101110111110111011111
01100011100110001110011000111011111111101111111110011000111001100011101000101100100010110011111000001111100000110101010111010101011100100010110010001000101100100010110010101000100010100010001010001000
01011010100101011100010101110001111001100111100110011110011010100001011010000101111111000111111100011111010100111101010001011010010101101001100001010110000101011000010101100011100110001110010110000001
11111110111100001001110000100111110100001111010000111101000010101001101010100110011101110001110111000101110001010111000101111010000111101000011110100001000011000100001100100111110110011111011001111000
01000011010010011000001001100000100110001101011011110101101100111111100011111110101110000110111000011011100001100111010110011101011001100100100110010011011101111101110111110001000111000100011100010001
01000010011010011100101001110010100111001111100111111110011101000101010100010101100000110110000011011000001101101010001110101000111011101000101110100011011100101101110010000111001000011100101110001110
11101010010000100100000010010000001001000011011101001101110111100010001110001000111000111111100011111100001100110000110011000011001011110010101111001011010010101101001010100100001010010000101001000010
00111001111111101101111110110110011011011001101101110100110111010011011111111010111111101011111110101100110101110011010110111111101011111110110110111011011011101100000011110000001111000000111011010100
00001011000000101100010010010001001001001101100010110110001000000001010000000101011000011101100001110110000111100001111110000111110110110001011011000100000000100000000010101101011010110101101011010110
01111110110110001001011000100110100001101010000110000000100000000010000000001000100110001110011000111010101101101010110101100111110110011111011001111101011110100101111010111010110011101011001001000110
10110000011001001011100100101101011000100101100010010110001011000101111100010111000010101100001010110101000000010100000001010000000011110110001111011001000001110100000111100000101110000010110110000101
11001001101100100110110110100111011010011111011110111101111010110001101011000110101100011010001110111000111011010010001001001000100101100111010110011111110111011111011101111101110100100111110010011111
01010101111001110111100111011101100010010110001001010111110101011111010111110110011111011001111101100011101110001110111001010111100101011110000101000100010100010011000011001100001100110000111011001000
11010111000100000000010000000001000000000010011111001001111110111010111011101011011001000001100100001111101001111110100111111010011001011000100101100000010001000001000100000110111000011011100101101101
00100001100010110100001011010011100010001110001000011100110001110011000111001100100110100010011010000111111100011111110010011110111001111011011101100101110110010111011001111101010011110101000111000101
10101011011001101110100110111011101100011110110001111011000110011010101001101010001001010100100101010000000110000000011010000101001000010100100001010001100100110110010011111100100011110010001111000100
00110011110011110101001111010101001101110100110111010101010001010101000100110110010011011001001101101011110011101111001111011000011101100001110001011011000101100101001110010100111011101101001110110100
01010100001110100001111010000111001111101100111110101111000010111100001001000010100100001010010000100110000101011000010101010110100101011010011111011001111101100010111000001011100000101110001001100100
01100000010110000001101110001010111000101011000001101100000101000010110100001011010000101100011100110001110011010010000101001000010000010001000001000110111110011011111001101111100111011110001101111000
10001100101000110010000101111100010111111001100010100110001010011000100010111000001011100010001101111000110111000000101100000010110000001011011000000001100000001011100110101110011011001000101100100010
01101000101000101111100010111100100010000010001000001000100011010111001101011100100111000010011100000011001101001100110100100110100010011010001001101011101010001110101000101111010110111101010111000000
10111111110111011001011101100101110110010111111011011111101100111110010011111001010111011101011101110011010001001101000100110100011101101011110110101110010000001001000000110101111011010111101010111010
00100111000110011011011001101101110111010111011101010001100001000110001100100100110010010011001001000011011010001101101000110010110011001011001000111100100011110010001111001001011100100101111011001100
01011100110101110011011111010001111101000000000010000000001000000000101000100110100010011010000110011000011001100111011010011101101001110110110110101011011010101101001111110100111101000010110100001011
00101101000010110100001011010000100110000010011000100100000010010000000001101001000110100101111001010111100101011110010101110110010111011001101001100010100110000000110010000011001000001100101000001010
10000000001010111100101011110001010001100101000110101010000010101000001110100011111010001111101000111111000011111100001100101111100010111110000001110100000111011001110010100111001010011100101100110011
10000011011000001101110110011011011001101110111110111011111000000001000000000100111010111111101011111110101111110010001111001000111110011000111001100001110111110111011111011101111100101011110010101111
11101011001010100100101010010000001111100000111110010100010001010001000110100101011010010101101001010110001011011000101101000111100100011110100110000110011000010100101101010010110101001011010101110011
01110000101100100111110010011100101100100010110010111000100011100010000110100111011010011101101001110110111110011011111000010011000001001100010100000101010000010010101000001010100000101010000100011000
10111001000000101100000010110011100110001110011000101011000110101100010011011010001101101000110110101111101110111110111010001010011000101001010100011001010001100111011100011101110001110111000011100001
00011000110100100111010010011111110111011111011101111101110110111100001011110000011101100001110110000110100100011010010000001011100000101110000010111001100010000110001000111010100011101010001110101101
01111001101100111111110011111101111111010111111101101101111010110111101011011110001100110000110011000101010010010101001010011000011001100001010000101001000010100100001010001010111100101011111000100011
01010101010101010101011001100101100110011001010001100101000101010110010101011001010101100110110100001011010000011101110101110111011110100010111010001011101000100010110110001011011010000100111000010011
00000010100000001010110011111111001111110111100000011110000011001000101100100010110010001001011000110101100011101000101010100010100000011100000001110000000111000001100011000110001100100100000010010000
10100001000010001011001000101111111111111111111111001011010000101101001000110010100011001010001100101110000001111000000101101000110110100011100111110110011111010100111101010011110101001111011110011000
00001111010000111101001110011100111001111001100001100110000111111001001111100100001101001000110100101001000010100100001010010000101111001110111100111010000010001000001000011101000101110100011101100000
00000011110000001111101111100010111110001011111000110011100111001110011000001010100000101010001011001000101100010100001001010000100101000010010001110001000111000001100100000110010011100111011110011101
11110010111110101010111010101011000000011100000001111111000011111100000100010010010001001001000100101110000100111000010010111001001011100100111011001111101100110011000010001100001000110000101010100101
01101010010101001010010100101000101111010010111101000111010000011101000001110100110111110111011111011010110100101011010010001101101000110110000011010100001101010000110101010110100001011010001100101111
10110100111001111111100111111111000001001100000100101001110010100111000101011001010101100101010110011001011010100101101011100100001110010000010101010101010101011000110010100011001010001100100100111001
01101111001000000000100000000001000110100100011010010001101010110000111011000011110010010011001001001000100000100010000001111110010111111001101001011010100101101010010110010110110001011011000110010101
01110101101100110000110011000001000100000100010000100110011010011001100010010110001001011000100101100110010101011001010101010111110101011111011111101101111110110111111011110111100111011110011111100011
10100011101000100110100010011011111110111111111011100101111110010111111001011111110010110011001011000110111010011011101001001111100100111110011111100001111110001011001100101100110010110011001011000100
01110110110100101000010010100010101000011010100001011010110001101011001101111010110111101011011110101110100101111010010110011111101001111110011101111001110111100111011110111110101111111010110111001100
01110111100001100010000110001011110100101111010010100100010110010001011101001011110100101110010100001001010000100101000000101111100010111110101010010010101001000110011101011001110111000001011100000101
00101110110010111011100111011010011101101111010100111101010011110101001111000101111100010110000010111000001011011001101001100110100100011000010001100001000110001000001010100000101001011111100101111110
11110111001111011100111001110011100111000011100111001110011100111001110100101100010010110010100111011010011101010111010001011101001100000010110000001011000000101101101100110110110011001001111100100111
11011111101101111110101100001010110000100110100011011010001101101000110101111100010111110001111111110111111111000100001000010000100001000010011101001001110100100100001111010000111111010110111101011011
01101100011000101010100010101001101111000110111100011011110001100011010110001101111011001011101100100010000010001000001000001000100000100010000010001011110101011111010101110110110111011011010101111111
11101101001110110100111011010010111111011011111101001111101000111110100001001110000100111000010011100101010001010101000111100101111110010111110000110111000011011101111101110111110111011111010001001010
11100001001101011110110101111001011110000101111000010111100000000101100000010110111000001011100000100010100100001010010000001000110000100011000010001111001110101100111010111100011111110001110111110000
00011110000001111000100001110110000111011111011010111101101010110100001011010000011100000101110000010111000001110001110111000111010111011100011101110011000001111100000111000011011100001101110000110111
11010011001101001100110100110011110100111111010011111101001011110100100001110000000111000011110011011111001101111100110111100101011110010101000000011100000001111110101110111010111011000011001100001100
01000101110000101101000010110100100111010010011101001100110000110011001111101011111110101111111010111101110110110111011001110100000111010000000100101000010010100010010100001001010000010100100001010010
00010110000001011000111110111011111011101111101110100001111110000111110000111010000011101000011100100001110010101111010010111101000010101110001010111010101000011010100001000010100100001010010000101001
00111011111111101010111110101010101110101010111010100100011110010001110100110111010011011111010110101101011010110101101001011111100101111110111111111111111111110110111010011011101001010000010101000001
01000010000111110011011111001110001111001000111100100011110000000000010000000001110011011111001101111100000110110000011001000110010100011001100110011110011001111001100111101100100110110010011001100100
11111010011111101001011010111101101011111010010110101001011010001101001000110100100011010001100101100110010110110011111011001111100110101100011010110000011101110001110111111011100011101110001110111000
