[0.9993482  0.99985861 0.99992452 0.99993984 0.99993652 0.99991366
 0.99984411 0.99958153 0.99760701 0.98694463 0.99659721 0.99618909
 0.94178099 0.99755299 0.99961123 0.99986178 0.99992971 0.99995538
 0.99996671 0.99997169 0.999973   0.99997129 0.99996593 0.99995435
 0.9999292  0.99986649 0.99966773 0.99906044 0.99930243 0.99971096
 0.99984077 0.99988958 0.99991026 0.9999179  0.99991732 0.9999095
 0.99989299 0.99986361 0.99981224 0.99971912 0.99953808 0.99914843
 0.99818172 0.99526448 0.98434605 0.95634709 0.95959756 0.96835008
 0.9648934  0.93953711 0.80023401 0.76617492 0.95268446 0.98233519
 0.99057816 0.9938002  0.99528923 0.99600492 0.99628847 0.9962609
 0.99593322 0.9952229  0.9939067  0.99145769 0.98653272 0.97507714
 0.94125094 0.806665   0.66742351 0.87064567 0.93750651 0.95932673
 0.96763355 0.97000788 0.96823083 0.96145486 0.94523522 0.90475921
 0.79699461 0.72488838]
