[0.99777944 0.99821719 0.99809309 0.99733897 0.99509211 0.98784529
 0.96887986 0.96451283 0.96950199 0.96041967 0.89439178 0.46974726
 0.92964709 0.97713394 0.98681271 0.98938241 0.98895381 0.9853399
 0.9741601  0.93059802 0.59204976 0.57698499 0.8772968  0.92129168
 0.91629925 0.84998138 0.37739267 0.62570939 0.92762216 0.97147383
 0.98395028 0.9887516  0.99073949 0.99128888 0.99074368 0.98888653
 0.98473041 0.97521494 0.94896112 0.84156088 0.13876311 0.62270032
 0.87421125 0.92813759 0.94446885 0.94702607 0.93946656 0.91697038
 0.86063975 0.72820492 0.64961872 0.80851843 0.90435528 0.94291179
 0.95993654 0.96803946 0.97165786 0.97240643 0.97065082 0.96583965
 0.95609096 0.93642191 0.89229732 0.77184286 0.38072136 0.1387311
 0.64378749 0.83399857 0.90088428 0.92970724 0.94360758 0.95020405
 0.95233823 0.95095459 0.94592152 0.93608271 0.91873154 0.88820864
 0.83303774 0.73365559]
