[0.99997631 0.99998555 0.9999905  0.99999238 0.99999268 0.99999181
 0.99998947 0.99998453 0.99997402 0.99994951 0.99988365 0.99966665
 0.99869043 0.99105048 0.89415778 0.94970107 0.97211434 0.98390798
 0.99053291 0.99340665 0.99441535 0.99435344 0.99333273 0.99096655
 0.98615082 0.97624513 0.95467613 0.90343918 0.77909065 0.64731623
 0.76147032 0.86600989 0.90951539 0.92404915 0.92047746 0.89255336
 0.79272882 0.33440755 0.38565236 0.84302809 0.93409157 0.96125952
 0.97153047 0.97505973 0.97431991 0.96855046 0.9519334  0.89545743
 0.53726798 0.5051457  0.90880385 0.96512391 0.9810212  0.98733612
 0.99026708 0.99164031 0.9920938  0.99181365 0.99070957 0.9883586
 0.98368688 0.97420583 0.95637455 0.94211267 0.95774848 0.97619744
 0.98578669 0.99049829 0.99297186 0.99434499 0.9951141  0.99550708
 0.99562791 0.99551371 0.99515605 0.99450593 0.99347367 0.9919456
 0.98988426 0.98763672]
