[0.99996899 0.99968153 0.95004659 0.99871428 0.99177021 0.99467941
 0.1498074  0.95332457 0.87246971 0.76082644 0.97967887 0.99662079
 0.98674279 0.98869262 0.95237455 0.99928253 0.99988379 0.99993562
 0.99992253 0.99979996 0.99820933 0.96587794 0.99148324 0.89092015
 0.96315225 0.96802088 0.86462727 0.98130947 0.97712171 0.88893695
 0.9952455  0.99807675 0.99763254 0.9607342  0.99826914 0.9997046
 0.99987727 0.99992082 0.99992954 0.99991545 0.99985572 0.99955943
 0.9901225  0.99884708 0.99969062 0.99980749 0.99981444 0.99973564
 0.99933441 0.98701389 0.99834848 0.99969476 0.99986449 0.99991452
 0.99993345 0.99993965 0.99993803 0.99992888 0.99990913 0.99987006
 0.99978868 0.99959474 0.99900507 0.99603774 0.89699339 0.98156732
 0.99499365 0.99692413 0.99734098 0.99713945 0.99631693 0.99432234
 0.98911055 0.97100619 0.85927792 0.70696228 0.92235147 0.96031796
 0.96988028 0.97048778]
