1.054304018616676331e-01
5.047032143920660019e-03
5.892449989914894104e-03
-7.645382732152938843e-02
-1.276776790618896484e-01
1.083522196859121323e-02
-5.083676800131797791e-02
-1.329691559076309204e-01
-4.343608394265174866e-02
-2.610950730741024017e-02
4.171371087431907654e-02
-1.090783104300498962e-01
-1.881347596645355225e-02
1.856326758861541748e-01
1.894459687173366547e-02
5.884647369384765625e-02
3.551859036087989807e-02
-1.218633204698562622e-01
1.494110375642776489e-01
-5.525502562522888184e-02
5.091216787695884705e-02
2.904387749731540680e-02
3.430458530783653259e-02
1.057998314499855042e-01
1.154766082763671875e-01
1.827435009181499481e-02
8.190717548131942749e-02
1.311510056257247925e-01
-3.462509438395500183e-02
5.563636776059865952e-03
9.006544202566146851e-02
-4.943779110908508301e-02
3.903716802597045898e-03
7.094173878431320190e-02
4.547085240483283997e-02
-9.979635477066040039e-03
-1.393899600952863693e-02
1.325118076056241989e-02
-1.565737091004848480e-02
9.207006543874740601e-02
8.363715559244155884e-02
-1.697876304388046265e-02
-8.968815952539443970e-02
-1.328628212213516235e-01
4.117841273546218872e-02
1.770639233291149139e-02
-5.109238624572753906e-02
-5.909367278218269348e-02
2.418288588523864746e-02
5.878099799156188965e-02
-1.319732982665300369e-02
4.410741850733757019e-03
-3.821859601885080338e-03
-7.745023816823959351e-02
1.399307604879140854e-02
2.509387210011482239e-02
-1.317401081323623657e-01
1.129956729710102081e-02
-1.106120925396680832e-02
5.491120740771293640e-02
-1.409353166818618774e-01
5.270188674330711365e-02
-1.007962450385093689e-01
4.024287685751914978e-02
2.112063579261302948e-02
3.026441298425197601e-02
9.535627067089080811e-02
-6.697865575551986694e-02
-1.634892076253890991e-01
-4.742950666695833206e-03
-1.646552085876464844e-01
-2.927931584417819977e-02
-2.005849182605743408e-01
-3.676320612430572510e-02
-3.602446615695953369e-02
-1.023936420679092407e-01
9.463620930910110474e-02
-4.748732969164848328e-02
-1.420129388570785522e-01
6.515164673328399658e-02
4.643883556127548218e-02
1.904669851064682007e-01
-5.769161507487297058e-02
3.756303712725639343e-02
6.493318825960159302e-02
1.246644482016563416e-01
-8.292562514543533325e-02
-1.016025915741920471e-01
-1.569621413946151733e-01
7.492873817682266235e-02
-6.837119907140731812e-02
5.791498348116874695e-02
1.104093566536903381e-01
-2.899604104459285736e-02
3.942190855741500854e-02
-8.937908709049224854e-02
7.717775553464889526e-02
1.066232006996870041e-02
1.062638089060783386e-01
1.025792732834815979e-01
2.880920073948800564e-04
4.512766003608703613e-02
-5.366382002830505371e-02
-6.354799866676330566e-02
-2.784504927694797516e-02
8.595451712608337402e-02
-1.774036674760282040e-03
1.299375146627426147e-01
-5.673435330390930176e-02
-9.648734331130981445e-02
1.262350659817457199e-02
2.240457981824874878e-01
1.228890344500541687e-01
-3.058428503572940826e-02
7.362848520278930664e-02
-3.404222894459962845e-03
1.358345597982406616e-01
1.561234332621097565e-02
-6.757240742444992065e-02
-2.442429065704345703e-01
-5.460742861032485962e-02
-2.902760915458202362e-02
4.416547343134880066e-02
7.200916856527328491e-02
-1.019512582570314407e-02
-1.080242767930030823e-01
2.849902771413326263e-02
-2.361299842596054077e-02
-1.944562420248985291e-02
6.086899712681770325e-02
-1.413170546293258667e-01
4.766881093382835388e-02
-6.442107260227203369e-02
1.040366888046264648e-01
1.306782593019306660e-03
7.565690577030181885e-02
1.087177172303199768e-01
-2.793641947209835052e-02
-2.511327341198921204e-02
8.537130430340766907e-03
5.713913962244987488e-02
2.999054268002510071e-02
1.712518781423568726e-01
1.610012501478195190e-01
-1.913248151540756226e-01
-2.918156050145626068e-02
1.571970283985137939e-01
5.122818425297737122e-02
-5.525964125990867615e-02
-2.258723825216293335e-01
