-1.805145188882306684e-08
4.551283794285154727e-09
3.104487689142843010e-08
-7.230248399991978658e-09
-1.967116602941132442e-08
5.481272324914243654e-09
1.867307730663014809e-08
-1.280225259137068861e-08
-2.426383316489477693e-09
1.730286802725800044e-09
-2.753969852165027987e-08
-8.129794615285845794e-10
-2.771484375330146577e-08
6.786561090876830349e-09
-5.630932609079764006e-09
3.372534607137822604e-08
8.962641739884702474e-11
-2.238932594877951487e-08
-1.804118632264817279e-08
-3.346006138826851384e-09
-2.580399005580602534e-08
-1.328661181076995490e-09
-1.205564803541392394e-08
1.234265756266950120e-08
4.606166115195264865e-09
1.112996361740670181e-09
4.483687643386247146e-09
-2.295727163925675995e-09
-1.454297660075098975e-08
-3.374322687932362896e-08
1.889873857408019830e-08
-1.390653547872489071e-08
-1.541146765760004200e-08
-1.360697510222053097e-08
-6.370154181922771386e-09
1.090715429086230870e-08
-3.044537066898556077e-08
-3.046340957268967031e-11
1.474873112528030106e-08
-2.132492937789720600e-08
2.010790201012468970e-09
-5.498192479080898920e-08
-6.290272747122571673e-09
5.871881647578902630e-09
1.768353108388964756e-08
-3.840065154747662746e-09
2.087031525377369690e-08
-7.100726229225529096e-09
6.790543682910765710e-09
1.414912453867600561e-08
1.449293218769298619e-08
7.071386143309155159e-09
5.397915447957757351e-09
7.534926460550650518e-09
-9.235256115402989963e-09
-2.417397304554924631e-08
8.381899618825627840e-09
-4.108501983068890695e-09
-1.201984023424529369e-08
-1.243205360879073851e-08
6.912368455402884138e-10
-2.624749306789908587e-09
-9.634556263904414664e-09
-7.036003779603561270e-09
4.718974988549007321e-09
-1.986091646699605917e-08
1.176941388791874488e-08
-6.520944229038150297e-09
1.645292790897201485e-08
1.318220022028526728e-08
1.061412202574274488e-08
7.142391122982871821e-09
-1.007842431732797195e-08
-3.796793102139872644e-09
6.961760057322408102e-09
1.253384951382940926e-08
-8.793203498669299734e-09
-6.041194655637127653e-09
3.244185009521061147e-08
-2.030113144257938984e-08
5.524455115590853893e-09
9.993978977718143142e-09
7.984006344941008138e-09
-2.085376316074416536e-10
-4.062339087340660626e-08
-2.237670670979241550e-08
7.147284986075419511e-09
-7.403641255621096207e-09
-1.204065402937715135e-09
3.941893922387862403e-09
-2.272913857126468429e-09
6.185512546608151752e-09
3.733100495395547114e-09
-4.093207550681654538e-09
-1.376912361905624493e-09
2.070275506582675007e-08
-6.293616738872742644e-09
1.652403014418268867e-08
-1.661247850393010594e-08
3.883993127118401389e-09
-4.299300115917503717e-08
6.067137903187358461e-09
-4.835759348509327538e-09
-2.046088454221717257e-08
4.736744774191947727e-09
-3.109530055667164561e-08
-1.634789192905827804e-08
-5.929035928886605689e-09
1.443331587580587438e-08
-5.816910508826822479e-09
1.091855494905757951e-09
1.046247177782788640e-08
-1.374514724261644005e-09
2.677585264621029637e-08
-2.775976781776989810e-08
-6.881083258747366926e-09
-2.263524123691240675e-08
1.701953422639235214e-08
6.309465838683081529e-09
-4.133044129162044555e-09
-2.074103555571582547e-09
-8.727147005060942320e-09
1.203021682272265025e-08
-6.056492196648832760e-09
7.022779247023436255e-09
1.534813165449122607e-09
-8.374112958620116842e-09
-1.108685321327129714e-08
2.749976424354372284e-08
1.235871138760558097e-08
-1.221309631205258484e-08
1.197553256560013324e-08
2.590194725371475215e-10
2.506981644501138362e-08
-3.197713427383064300e-09
1.451969122712171156e-08
7.458773154667142080e-09
-1.131511773166948842e-08
-6.910113814484475370e-09
2.802916831967650069e-08
-3.868887432645351510e-08
1.783308434255559405e-08
-1.003694816148481550e-08
1.185065379161187593e-09
-2.489231576419115299e-08
-1.170513286297136801e-08
-3.461779485292026948e-08
1.746340316799432912e-08
2.214691363633392029e-08
8.388139960402440920e-09
-5.496837207630278499e-09
-5.363087751675266190e-09
5.002945968612948491e-08
-2.071520510682489657e-09
-2.518365960213486687e-09
-3.749292432075890247e-08
1.066569410568263265e-08
-5.501558764109404365e-09
-9.662018740641542536e-09
-1.823495665576047031e-08
-2.672611687515313861e-09
-5.043075290700471669e-09
-1.158689855174088734e-08
-2.310200919453109236e-09
1.213629641227953471e-08
-1.637232749374106788e-08
9.594458560968632810e-09
9.045142412844597857e-09
3.006340776323668251e-08
5.392062352171933526e-09
-7.590611694752169569e-09
2.303771928779951850e-08
-8.129814155211079196e-09
6.913832617527759794e-09
-1.805463689663611149e-08
2.583182023840890906e-08
1.962904949692756418e-09
-1.937448423916521278e-08
4.399636210905555345e-08
-3.650614921468786633e-09
-6.326011714463675162e-09
4.743325732192715805e-10
-1.041922992328636610e-08
1.612854205745861691e-08
2.965600032212023507e-08
-8.418944652532900363e-09
1.969461749240508652e-08
-4.021862309855350759e-08
-8.916293481320280989e-09
-5.025941884895246403e-10
3.302408302374715277e-08
-2.634285856117912772e-08
-8.299269715905666089e-09
9.490379149212913035e-09
-3.022564420973594679e-09
-5.493084653807045470e-09
8.945990614961374376e-09
-3.375398183180777778e-09
-1.844750663337890728e-08
2.869187554210839153e-08
2.752472205713729636e-08
1.641764058035732887e-08
-5.056181695550776567e-09
-3.966231787444485235e-08
-2.655629049996832691e-09
8.181610056112731399e-09
1.104309266253267197e-08
1.968501983640180697e-08
-4.679272969099201873e-09
1.156394979773267551e-08
1.499732249499174941e-08
-7.293543546893488383e-09
1.496454959948323449e-09
2.730795500838212320e-08
-3.567315332020370988e-08
1.156242124267237159e-08
-1.333774957146260931e-08
-1.688606943162085372e-08
2.357900541483104462e-10
2.196528736675418259e-09
-2.465441184540395625e-08
-4.257948216235263317e-09
1.290681783672198435e-09
-8.833400677588088001e-09
-3.236361623137895549e-09
1.683399908358751418e-08
-1.203140254091294992e-08
-1.225495704915147144e-08
-4.630971162100649963e-09
3.753477528789517237e-10
8.123204331411670864e-09
2.995366443769853504e-08
-1.426665541259808379e-08
7.843622640280045744e-09
-2.687726130545797787e-08
-2.450656388930383400e-08
-3.519463120937871281e-08
-2.543891319817248586e-09
9.889557617270838819e-09
-1.367154389697589068e-09
2.765976603313902160e-08
-1.129772986274701907e-08
-6.474820679613912944e-10
-1.940980354220300796e-08
1.391186543742151116e-08
-7.155583681139887631e-09
2.745587979191554950e-09
-4.062028935436501342e-09
-7.770762699976785370e-09
-1.508015934348350129e-12
1.288505657726091158e-08
2.707514568101032637e-08
-2.403126231342866959e-08
-1.806700744566569483e-08
2.632414819458972488e-08
1.118139181244259817e-08
-1.792453740989685684e-09
-4.152875376917108952e-09
-1.258667392534107421e-08
-4.859082025632233126e-10
-9.682833201907214971e-09
8.189164013572280965e-09
3.041908058776243706e-09
-5.694845928161385018e-09
6.733419155580122606e-09
1.264108284715348418e-08
-3.949002014280722506e-09
-5.235088806898602343e-09
-1.454578146820040274e-08
2.644981789146072515e-09
9.174319082205784071e-09
-1.220656642431094951e-08
1.210224986891716981e-08
9.733859052118987165e-09
-2.715349278759049412e-09
1.192652376857950003e-08
-8.612548008102294261e-09
2.270119736635933805e-08
1.406159544359297797e-08
-8.565248066361164092e-09
-2.019031342115340522e-08
-2.760736972362565211e-09
-1.678555250350655115e-08
-7.452185535328226251e-09
2.123024600564349385e-08
-7.748180763655909686e-09
2.161314327508989663e-08
1.092217161158259842e-08
1.560592366445234802e-08
6.494872639706272821e-09
6.239992522694137733e-09
-4.760289495919778346e-09
-2.795697362500959571e-08
1.201185018118167136e-08
1.793765358470977844e-09
-8.897486303283130837e-09
5.877403896903388159e-09
2.095596762785589817e-08
7.435315918513651923e-09
-2.918297958842686057e-08
-4.127705821588278923e-08
-1.912083469335357222e-08
-5.168143246692125103e-09
2.743225202550547692e-09
-2.706272184127556102e-08
2.433406365298651508e-08
-2.148218491981879197e-09
7.149362879488307954e-09
-9.237415277141280967e-10
7.021515813221412827e-09
-2.522136455240797659e-08
1.066171684271921549e-08
2.728087089565178758e-08
1.164874241510460706e-08
2.515906949440704921e-08
1.480509581597289070e-08
1.952543682293139682e-09
-1.635650015430201165e-08
-2.080877026244820627e-09
-2.048341052329760714e-09
-1.243843605891470361e-08
-1.425596263260331398e-08
-5.343729903017901961e-09
-1.676643890391460445e-08
8.096772141641395137e-10
-8.221355152215892304e-09
-1.496441726089869917e-08
7.294102655208689612e-09
-8.372076365503744455e-09
2.063425519338579761e-08
6.908039029696055877e-09
-2.242066976521073229e-08
-2.666750598123712734e-09
4.924261887140346516e-09
4.308120526985703691e-09
1.462132015461747869e-08
1.132043436768981337e-08
-1.088917311875547966e-08
-7.945149427257547359e-09
-1.207485400556151944e-08
-1.470310184714662682e-08
2.869900983526463278e-10
-2.416349964562414243e-08
-2.080478012089770345e-10
3.017132499394392653e-08
-8.077583046883773932e-09
8.658780359382944880e-09
-9.815159796033867678e-11
2.423905876014487148e-08
-1.400051363731336096e-08
-8.225802816674843143e-10
-1.443237618303783165e-08
-7.329945095335688166e-09
-1.998899890054417483e-08
-1.360846901832246658e-08
-1.838764696060479764e-09
-3.750866284235598869e-10
6.022538023842116672e-09
-9.994982619332404283e-09
6.448045208884423118e-09
-4.872451775383979111e-09
1.467896026952075772e-08
4.077266524404876691e-09
1.287814210826354611e-08
-8.434815512714521901e-09
-6.091048998513315382e-09
-1.732337717719190096e-09
-1.076177014169843460e-08
1.716737507706511678e-08
-7.316307559790402593e-09
2.228744833132623171e-08
1.643101832371485216e-08
1.853400632967350248e-08
2.522071440580475610e-10
8.000316853440381237e-09
-7.397957357824225255e-09
1.558721862693346338e-08
1.519831727136988775e-08
1.414788108888842544e-08
-1.196962529093070771e-10
2.831092160704429261e-08
5.191801122350625519e-08
9.674987033747584064e-09
-3.187268049487101962e-08
-1.869743115889832552e-08
2.158811440722274710e-08
-1.316566633491333960e-09
-2.038961710582043452e-08
-1.827791784592136537e-08
-1.497440926812032558e-08
-2.044275859702793241e-10
8.483720392860050197e-10
-4.913060625000298387e-09
2.538511978400492808e-08
8.410759200216944009e-09
-5.309129136321644182e-08
-1.422633744141421630e-08
-2.740064530826202827e-08
2.189363712545855378e-08
1.772748348116692796e-08
9.990824167971368297e-09
6.965843013517769577e-09
3.225967759590275818e-08
-2.337735338642232819e-08
1.262933224666085152e-08
5.517716950009798893e-09
-1.466855081844187225e-08
2.571428048270263389e-08
-5.733968855281545984e-09
2.133515764057847264e-08
-1.600898080766910425e-08
-1.754955114563472307e-08
-6.898406290645198169e-10
4.342212811536683148e-09
3.026193695632173331e-08
-2.514856323188041642e-09
-2.343050731212770188e-08
4.114356855211553921e-09
1.329652654646906740e-08
-1.373360447587401723e-08
1.694546725161671930e-08
-2.953983013753713749e-08
-5.630893529229297201e-09
5.237221767373512193e-09
-3.898813272229517679e-09
2.657512787607174687e-08
-3.916606150511370288e-09
-1.807257632435721462e-08
-2.104906116073834710e-08
3.585112295922954218e-08
-1.245393121962479199e-09
-3.390736580399789091e-08
-1.231152424452375271e-08
5.210572417979619786e-09
-2.879161442592703679e-08
-2.138905497162113534e-09
-7.368734955548461585e-09
-5.837980765477368550e-09
-1.004880978427991067e-08
5.324452878596730443e-09
-1.099891910882888624e-08
-2.632893725262874796e-08
1.538179539295470022e-08
3.692992578407938709e-08
-1.954048478580716619e-08
-1.434662166843736486e-09
2.850323754799433118e-09
-6.354526904672752607e-10
1.016682382726230571e-08
1.760301593378699181e-08
