-1.081716891349060461e-05
-6.139942797744879499e-06
-2.459004463162273169e-05
-3.080160604440607131e-05
4.105477273697033525e-07
-6.369313632603734732e-05
6.330504402285441756e-05
1.685426468611694872e-05
3.288471634732559323e-05
1.262406840396579355e-05
1.145194437413010746e-05
-1.887900725705549121e-05
-1.965900992217939347e-05
1.711654113023541868e-05
5.010049426346085966e-05
1.848924330261070281e-05
9.428695193491876125e-06
-1.767920548445545137e-05
-1.569596315675880760e-05
-2.374026553297881037e-05
-1.484461699874373153e-05
-6.093136107665486634e-06
-7.465052931365789846e-07
-2.502870120224542916e-05
8.151253132382407784e-05
5.486745067173615098e-06
1.497003540862351656e-05
1.319195962423691526e-05
-1.572994187881704420e-05
3.178820770699530840e-05
-1.748728936945553869e-05
4.588402134686475620e-06
-2.914638344009290449e-06
-7.414420451823389158e-06
6.377055251505225897e-05
-3.095321881119161844e-05
2.557350126153323799e-05
1.025851088343188167e-05
-1.326082383457105607e-05
2.646655048010870814e-06
-1.894295564852654934e-05
-4.880070264334790409e-06
8.831708328216336668e-06
-2.074835902021732181e-05
1.500552389188669622e-05
5.018238880438730121e-06
-3.643147920229239389e-06
1.330879604211077094e-05
1.449599403713364154e-05
1.525999141449574381e-05
3.281754106865264475e-05
1.788544432201888412e-05
1.332212650595465675e-05
-1.013060318655334413e-05
-2.583997411420568824e-05
-3.467346687102690339e-05
1.531979592073184904e-06
1.246985084435436875e-05
2.166831836802884936e-05
-1.166991296486230567e-06
-1.751017043716274202e-05
-2.651290560606867075e-05
8.369436727662105113e-06
-1.292899196414509788e-05
4.978700417268555611e-06
1.646828604862093925e-05
-1.660501402511727065e-05
6.179535830597160384e-06
2.264664362883195281e-05
5.682612936652731150e-06
-2.255776053061708808e-05
-2.437152761558536440e-05
4.062038351548835635e-05
6.250777914829086512e-06
-5.214008706388995051e-05
-2.670848516572732478e-05
1.637776676943758503e-06
-1.006389538815710694e-05
6.445175131375435740e-06
-2.059287908195983618e-06
7.595213901367969811e-06
-5.171438260731520131e-06
-2.037013109656982124e-05
-6.192509317770600319e-06
-2.730046253418549895e-05
6.937413672858383507e-06
2.714877518883440644e-05
-6.031983502907678485e-05
-2.145491453120484948e-05
3.849000131594948471e-05
-5.055818292021285743e-06
6.311551987892016768e-05
7.526785338995978236e-06
-1.256464929610956460e-05
3.048017424589488655e-05
2.031258190982043743e-05
2.814026265696156770e-05
1.532248279545456171e-05
-6.583750291611067951e-06
-1.920359409268712625e-06
4.582983092404901981e-05
4.176592483418062329e-06
6.142982783785555512e-06
-5.653968401020392776e-06
-2.548731026763562113e-05
-1.556862844154238701e-05
7.766715134494006634e-05
-6.334382487693801522e-05
-3.766001100302673876e-05
6.562844646396115422e-06
4.452255598152987659e-05
-1.600014184077735990e-05
6.779513205401599407e-05
-1.514158338977722451e-05
4.576046922011300921e-05
4.745184924104250968e-06
-2.658507582964375615e-05
-1.696338586043566465e-05
-3.047867721761576831e-05
-1.900917413877323270e-05
-3.465645932010374963e-05
2.748572842392604798e-05
-1.309205072175245732e-05
1.227989196195267141e-05
-3.816935350187122822e-05
4.712174268206581473e-05
4.618448656401596963e-05
7.453502348653273657e-08
-4.337323480285704136e-05
-3.771447154576890171e-06
2.791805491142440587e-05
2.547202711866702884e-06
-1.187066482088994235e-05
-6.643640517722815275e-06
3.427155024837702513e-05
9.711923667055089027e-06
1.124612822422932368e-06
-2.105772000504657626e-05
7.996020030986983329e-06
9.806603884499054402e-07
2.345171378692612052e-05
5.599991345661692321e-05
-2.071642666123807430e-05
-9.365570804220624268e-06
-3.222042505512945354e-05
5.021003744332119823e-06
-2.904617394960951060e-05
-2.498603862477466464e-05
5.225633685768116266e-06
-3.152291901642456651e-05
-2.644467349455226213e-05
-2.600325842649908736e-06
-4.560602064884733409e-06
-1.193550542666343972e-05
4.784965312865097076e-06
-1.774021620803978294e-05
-2.697161107789725065e-05
-2.414260052319150418e-05
1.119497028412297368e-06
-1.598422204551752657e-05
5.134067578183021396e-06
-1.356496613880153745e-05
1.281049753742991015e-05
-3.013274908880703151e-05
3.019925497937947512e-05
-4.403737875691149384e-06
-8.918172170524485409e-06
2.217602741438895464e-06
3.881363227264955640e-05
3.530310095811728388e-06
3.347836536704562604e-05
8.614369289716705680e-05
-2.851476438081590459e-06
-7.558314246125519276e-05
-3.006727865795255639e-06
2.963536462630145252e-05
-1.712797529762610793e-05
1.049303864419925958e-05
6.689098427159478888e-06
1.835218972701113671e-05
-1.464010529161896557e-05
-1.681209323578514159e-05
9.655459507484920323e-07
-2.803177494570263661e-06
2.173307257180567831e-05
2.934383519459515810e-05
2.490131737431511283e-05
4.654322765418328345e-05
-3.779984399443492293e-05
1.551553032186347991e-05
1.259683449461590499e-05
-8.930088370107114315e-06
-1.514174164185533300e-05
5.511525159818120301e-06
-1.722008346405345947e-05
-8.213122782763093710e-06
7.970471415319480002e-06
-4.903350600216072053e-06
1.128601979871746153e-06
-7.376917892543133348e-06
-6.099683741922490299e-05
-2.335700992261990905e-05
5.843406142957974225e-06
-6.288796430453658104e-05
1.953421087819151580e-05
-2.302651409991085529e-05
-3.103212520727538504e-06
3.456119156908243895e-05
1.327792688243789598e-06
-1.748804061207920313e-05
2.641081300680525601e-05
-2.308734110556542873e-05
4.605254071066156030e-05
-3.267020929342834279e-06
2.206281351391226053e-05
-5.640617018798366189e-06
1.465169043513014913e-05
-5.679062451235949993e-05
-1.056682322086999193e-06
-1.414414327882695943e-05
-2.992566123793949373e-06
1.699194581306073815e-05
1.550475462863687426e-05
-2.014672463701572269e-05
2.673034941835794598e-05
-1.586107646289747208e-05
1.353128664050018415e-05
2.005574970098678023e-05
2.450180545565672219e-06
3.182239015586674213e-05
7.455917966581182554e-06
4.276371328160166740e-07
-4.742810779134742916e-05
-2.602083259262144566e-05
-7.541555532952770591e-06
2.999427852046210319e-05
-4.072077217642799951e-07
-8.801698641036637127e-06
1.276298917218809947e-05
3.729389845830155537e-06
-1.291365970246260986e-05
-6.821787974331527948e-05
-4.512883242568932474e-05
-7.240648119477555156e-05
1.264902857656124979e-05
-3.611212741816416383e-05
-3.707064024638384581e-05
-1.448273542337119579e-05
5.862402758793905377e-07
-1.911844810820184648e-05
-8.190036169253289700e-07
-7.301935511350166053e-06
-5.766407412011176348e-06
1.893171202027588151e-06
3.269665103289298713e-05
1.867865648819133639e-05
7.007952808635309339e-05
-2.767283876892179251e-05
-2.017357019212795421e-06
4.581217945087701082e-05
9.187450814351905137e-06
5.130803401698358357e-06
1.525339121144497767e-05
1.428113318979740143e-05
-6.783497155993245542e-06
-3.499645754345692694e-05
-1.327937206951901317e-05
1.787783730833325535e-05
5.375416094466345385e-06
-2.484508695488329977e-05
-8.814255124889314175e-06
8.712586350156925619e-07
-5.590125510934740305e-06
7.882350473664700985e-06
-4.396588337840512395e-06
1.746318412187974900e-05
6.975619726290460676e-08
1.591392356203868985e-05
4.706337676907423884e-06
-1.967190110008232296e-05
-2.681636578927282244e-05
9.438976121600717306e-06
-9.038212738232687116e-06
1.058925590768922120e-05
1.830471228458918631e-05
-1.264394813915714622e-05
2.569455546108656563e-06
-2.656177821336314082e-05
-5.837463686475530267e-05
3.027574712177738547e-05
-2.767935075098648667e-05
-6.900668722664704546e-06
-1.601524490979500115e-05
-4.408912718645296991e-05
1.819974750105757266e-05
1.066756612999597564e-05
-8.811512816464528441e-05
3.202890002285130322e-05
-7.293892849702388048e-06
-2.680487523321062326e-05
-2.288774703629314899e-05
-3.585569720598869026e-05
-1.251489993592258543e-05
-4.056977104482939467e-06
6.412526090571191162e-06
-1.631227860343642533e-05
5.002802936360239983e-06
9.636824870540294796e-06
-1.986283677979372442e-06
-5.620658703264780343e-05
4.153708687226753682e-06
5.891259206691756845e-06
2.519799454603344202e-05
2.414148912066593766e-05
-2.548557131376583129e-05
-6.240553193492814898e-05
2.800828406179789454e-05
2.879863313864916563e-05
-1.472929125156952068e-05
-1.706808870949316770e-05
2.827659045578911901e-05
-1.110161429096478969e-05
3.516473225317895412e-05
5.951117600488942116e-06
-1.532643727841787040e-05
-8.894149686966557056e-06
-2.783569652820006013e-05
-2.220056921942159534e-05
-3.666165503091178834e-05
3.389846824575215578e-05
-1.654995867284014821e-05
1.463251646782737225e-05
1.706779471533081960e-06
-6.085742825234774500e-07
-3.168487455695867538e-05
7.473598088836297393e-06
1.738938954076729715e-05
3.062624091398902237e-05
3.462771564954891801e-05
3.151764303765958175e-06
-8.064667781582102180e-06
6.288498843787238002e-05
2.284591391799040139e-05
-1.205114531330764294e-04
-3.271447349106892943e-05
5.026723374612629414e-05
-5.566594154515769333e-06
-5.324300582287833095e-05
-2.617574136820621789e-05
-2.888084054575301707e-05
-3.995652878074906766e-05
-2.257129017380066216e-05
-9.949123523256275803e-06
1.467965375923085958e-05
4.497599002206698060e-05
4.402311969897709787e-05
1.718235762382391840e-05
1.322752905252855271e-05
1.017448084894567728e-05
-3.724779526237398386e-05
7.936636393424123526e-06
-3.222889426979236305e-05
1.426362723577767611e-05
-2.714167749218177050e-06
-5.669570964528247714e-05
-1.088333647203398868e-05
6.515397399198263884e-05
-4.412151974975131452e-05
-4.195391375105828047e-05
1.453617460356326774e-05
-2.232436781923752278e-05
-2.421420322207268327e-05
-2.053219577646814287e-05
3.176820246153511107e-05
2.913656771852402017e-06
1.945224357768893242e-05
1.747127862472552806e-05
7.567674401798285544e-06
-6.852440128568559885e-05
2.287860115757212043e-05
-4.705148967332206666e-06
3.725742135429754853e-05
-7.231112704175757244e-07
-1.024507946567609906e-05
1.890766907308716327e-05
4.133913171244785190e-05
-1.364419858873588964e-06
-4.753190751216607168e-06
-4.418390744831413031e-06
-3.682871465571224689e-06
5.245755346550140530e-06
2.888555627578170970e-06
6.668158221145858988e-06
-2.189862016166443937e-06
-1.192483523482223973e-06
2.765682438621297479e-06
-1.017256272461963817e-05
-1.588671875651925802e-05
1.681828507571481168e-05
3.646132972789928317e-05
1.832756788644474000e-05
-9.744004273670725524e-06
-2.931289054686203599e-05
8.916056685848161578e-06
-1.096065443562110886e-05
1.150197749666403979e-05
-1.919121132232248783e-06
-4.291000368539243937e-05
-1.887695725599769503e-05
2.934598160209134221e-05
1.825850267778150737e-05
1.758783696459431667e-08
-7.536200428148731589e-07
-1.451385924156056717e-05
-5.499266080732923001e-06
-2.217264409409835935e-06
1.949578836502041668e-05
1.074186820915201679e-05
4.429319960763677955e-05
-1.676518695603590459e-05
-4.440587872522883117e-06
-3.950106474803760648e-05
-4.515051841735839844e-05
-2.713910180318634957e-05
1.208305457112146541e-05
-1.784685628081206232e-05
2.114267044817097485e-05
-3.740335159818641841e-05
5.272730777505785227e-05
6.427735206671059132e-05
3.450821895967237651e-05
1.549040462123230100e-06
-5.771638825535774231e-06
5.087622776045463979e-05
-1.370433164993301034e-05
1.648426405154168606e-05
2.740066702244803309e-05
-2.514015068300068378e-05
-1.924982461787294596e-05
4.836982043343596160e-05
8.766056453168857843e-06
-2.547946860431693494e-05
1.164227069239132106e-05
-1.099580003938172013e-06
-2.540605237300042063e-07
2.332594340259674937e-05
2.094434239552356303e-05
1.053081359714269638e-05
-4.717028787126764655e-05
7.548684607172617689e-06
