-4.477303102612495422e-02
1.033960804343223572e-01
2.689282223582267761e-02
-1.171016469597816467e-01
1.320488452911376953e-01
5.507282167673110962e-02
8.967331796884536743e-02
6.709206104278564453e-02
1.836146861314773560e-01
-3.431661799550056458e-02
-4.756806790828704834e-02
7.976484484970569611e-03
-4.625459760427474976e-02
-1.265181135386228561e-02
-1.258330978453159332e-02
9.976503439247608185e-03
7.980747520923614502e-02
8.958054333925247192e-02
8.090026676654815674e-04
-1.674535572528839111e-01
4.203958436846733093e-02
-1.246814206242561340e-01
-1.035660281777381897e-01
1.322573516517877579e-02
-1.324775279499590397e-03
3.991332277655601501e-02
9.313344210386276245e-02
-8.292642980813980103e-02
1.322479844093322754e-01
-1.008744165301322937e-02
1.489836536347866058e-02
-5.493047833442687988e-02
-1.970055848360061646e-01
1.937591284513473511e-02
-4.382392391562461853e-02
1.261544041335582733e-02
-1.035482063889503479e-01
-2.156314440071582794e-02
-4.084509238600730896e-02
-3.695340827107429504e-02
-8.264859765768051147e-02
3.386463597416877747e-02
-8.496366441249847412e-02
-1.039220094680786133e-01
-3.843650221824645996e-02
-1.162031963467597961e-01
-9.659816324710845947e-02
5.351809412240982056e-02
-3.792592510581016541e-02
-3.773562982678413391e-02
-1.407022476196289062e-01
-7.621711492538452148e-02
-1.510938107967376709e-01
3.156269788742065430e-01
8.194583654403686523e-02
-3.081177733838558197e-02
-1.393868029117584229e-01
7.946905493736267090e-02
1.841199211776256561e-02
-1.611086912453174591e-02
-4.013017937541007996e-02
1.501463800668716431e-01
7.647595368325710297e-03
1.774172112345695496e-02
6.629681587219238281e-02
-4.178135842084884644e-02
7.611590623855590820e-02
1.277446597814559937e-01
-6.219408288598060608e-02
1.244390085339546204e-01
-1.919789612293243408e-01
-4.395805671811103821e-02
6.369081884622573853e-02
-4.661661386489868164e-02
7.317437976598739624e-02
1.639318279922008514e-02
-1.013339385390281677e-01
-9.504836983978748322e-03
-2.678093127906322479e-02
3.081136941909790039e-02
1.465448290109634399e-01
-3.462195023894309998e-02
3.552870452404022217e-02
-1.622264832258224487e-02
1.467136442661285400e-01
4.280191659927368164e-02
-1.526244916021823883e-02
1.125400066375732422e-01
-4.333347827196121216e-02
1.427740007638931274e-01
-4.444237425923347473e-02
7.142712175846099854e-02
1.338884532451629639e-01
-7.423283904790878296e-02
1.939118206501007080e-01
-5.825753509998321533e-02
2.791883889585733414e-03
7.083722203969955444e-02
9.286732971668243408e-02
5.386692285537719727e-02
5.148089025169610977e-03
-9.046455472707748413e-02
1.754516735672950745e-03
-1.104997098445892334e-01
1.898681074380874634e-01
-1.109970547258853912e-02
1.454616487026214600e-01
5.591059103608131409e-02
-5.173340439796447754e-02
-7.899331860244274139e-03
4.069963470101356506e-02
2.290800213813781738e-02
4.904491826891899109e-02
1.296696513891220093e-01
-1.347554475069046021e-01
2.012491971254348755e-02
-6.323823332786560059e-02
9.731788933277130127e-02
-2.289831265807151794e-02
7.610527426004409790e-02
1.477750837802886963e-01
5.610448494553565979e-02
-1.536442991346120834e-02
2.259971946477890015e-02
-4.127323254942893982e-02
-1.102772634476423264e-02
-3.022507727146148682e-01
-9.254328906536102295e-02
-2.443408407270908356e-02
-6.653245538473129272e-02
-1.071634814143180847e-01
1.261154115200042725e-01
1.183002442121505737e-01
3.523916378617286682e-02
-3.107576668262481689e-01
2.266090735793113708e-02
-1.583003848791122437e-01
-1.447232719510793686e-02
-2.207656577229499817e-02
3.267955407500267029e-02
-1.197758540511131287e-01
1.515460163354873657e-01
2.436307668685913086e-01
-5.504171364009380341e-03
4.718946292996406555e-03
-6.677937507629394531e-02
-2.406030297279357910e-01
1.047983914613723755e-01
8.724717795848846436e-02
1.028586179018020630e-01
