6.180161237716674805e-01
-2.321325242519378662e-01
-8.769340515136718750e-01
-3.922813236713409424e-01
9.561719000339508057e-02
-2.340929657220840454e-01
-1.386288702487945557e-01
-8.482268452644348145e-01
1.257871557027101517e-02
-1.226934138685464859e-02
9.641107916831970215e-01
-8.001735806465148926e-02
8.348412066698074341e-02
1.869190335273742676e-01
-1.533994823694229126e-01
-5.464693903923034668e-01
9.205944538116455078e-01
2.503218948841094971e-01
1.981487721204757690e-01
-1.325718462467193604e-01
9.623919427394866943e-02
3.296774625778198242e-01
-9.804679155349731445e-01
-3.352689445018768311e-01
-3.464278280735015869e-01
-1.054023861885070801e+00
8.022475838661193848e-01
2.793405055999755859e-01
4.598173499107360840e-01
-1.632675677537918091e-01
1.523500680923461914e-01
3.314352035522460938e-02
-2.112713307142257690e-01
1.094540357589721680e+00
-4.218824505805969238e-01
8.769676685333251953e-01
-9.406085312366485596e-02
-7.312574982643127441e-01
9.354681707918643951e-03
3.883396508172154427e-03
-3.188628256320953369e-01
3.307859897613525391e-01
5.668519139289855957e-01
-7.828832864761352539e-01
2.146764844655990601e-01
5.348671674728393555e-01
3.551886677742004395e-01
-1.813475638628005981e-01
-8.970952033996582031e-01
-5.818893909454345703e-01
-8.120943605899810791e-02
3.124719560146331787e-01
4.467520713806152344e-01
-5.771701931953430176e-01
-2.512432038784027100e-01
3.140694797039031982e-01
-4.469000175595283508e-02
1.695825010538101196e-01
4.128838777542114258e-01
-3.009626865386962891e-01
7.353888452053070068e-02
-9.461575746536254883e-01
-2.825036644935607910e-01
3.042257428169250488e-01
-2.289202362298965454e-01
8.026478886604309082e-01
1.136656925082206726e-01
-8.403498679399490356e-02
5.189169049263000488e-01
2.375315725803375244e-01
8.979509770870208740e-02
3.178188800811767578e-01
1.048192903399467468e-01
1.892979294061660767e-01
-1.101234674453735352e+00
5.703286826610565186e-02
-7.105435132980346680e-01
2.680176496505737305e-01
7.254635691642761230e-01
-1.621859371662139893e-01
1.361564844846725464e-01
2.431986778974533081e-01
1.310010105371475220e-01
-6.833794713020324707e-01
-1.419274210929870605e-01
-4.440040290355682373e-01
3.915909230709075928e-01
1.146214008331298828e-01
-2.457228153944015503e-01
1.175946556031703949e-02
7.595142722129821777e-02
-7.195270061492919922e-01
6.521651148796081543e-02
4.914096370339393616e-02
2.907873690128326416e-01
-3.791837692260742188e-01
-5.516183376312255859e-01
1.060531377792358398e+00
7.138364315032958984e-01
-1.364320814609527588e-01
