4.694735980592668056e-04
-1.724249159451574087e-05
-2.885936992242932320e-04
-2.833747203112579882e-05
-5.788520211353898048e-04
-1.234301016665995121e-04
-4.261441354174166918e-04
-1.921491202665492892e-04
-8.108175825327634811e-04
-5.614172550849616528e-05
-5.099328700453042984e-04
-4.206917074043303728e-04
-1.129310112446546555e-04
2.526771822886075824e-06
1.245498133357614279e-04
3.651621518656611443e-04
-8.824263932183384895e-04
3.194226592313498259e-04
-2.329460403416305780e-04
-8.724288782104849815e-04
-5.220622988417744637e-04
-2.522797149140387774e-04
1.964432885870337486e-04
3.811779315583407879e-04
-2.614918048493564129e-04
-1.722720771795138717e-04
2.351700095459818840e-04
-5.473505589179694653e-04
-8.878268999978899956e-06
-5.320898490026593208e-04
2.088395558530464768e-04
-2.295909362146630883e-04
-6.300566019490361214e-05
5.528143374249339104e-04
-2.183466858696192503e-05
-1.151002797996625304e-04
-1.366286596748977900e-04
1.488950510974973440e-05
1.919687929330393672e-04
-1.101439629564993083e-04
-5.940903793089091778e-04
-5.954493535682559013e-04
-6.633936427533626556e-04
5.020172684453427792e-04
-5.826022243127226830e-05
4.459106130525469780e-04
-3.203995584044605494e-04
6.969452952034771442e-04
1.511898008175194263e-04
-7.336989801842719316e-05
4.408632230479270220e-05
7.701371214352548122e-05
-4.278105043340474367e-04
-1.986033457797020674e-04
1.997992512769997120e-04
-3.658805508166551590e-04
1.248559856321662664e-04
-4.162045297562144697e-05
1.232444483321160078e-04
-3.619098424678668380e-05
1.456865138607099652e-04
-2.764252712950110435e-05
-7.720268331468105316e-05
1.302179298363626003e-04
-1.534152979729697108e-04
3.844028979074209929e-04
-7.195820799097418785e-04
-2.675087598618119955e-04
-4.611393160303123295e-05
-5.894135101698338985e-04
1.247687905561178923e-04
2.217762448708526790e-05
-6.897046696394681931e-04
1.062336887116543949e-04
-5.416404455900192261e-04
-8.068641182035207748e-04
-2.011936157941818237e-05
-4.585650749504566193e-04
1.732413657009601593e-04
1.225168816745281219e-04
2.779074566205963492e-05
-2.385063562542200089e-04
-2.302377542946487665e-04
4.917916376143693924e-04
2.515921951271593571e-04
-4.592629557009786367e-05
-4.407500091474503279e-05
-2.153324167011305690e-04
-1.995147613342851400e-05
-6.184574885992333293e-06
4.763480974361300468e-04
1.603351847734302282e-04
-1.359849266009405255e-04
-1.791352406144142151e-04
1.248177577508613467e-04
-3.851365181617438793e-04
-2.493571955710649490e-04
-6.684976688120514154e-05
3.680959343910217285e-04
1.709914213279262185e-04
1.234184601344168186e-04
1.112010650103911757e-04
1.109809090849012136e-05
1.262637961190193892e-04
-4.284894966986030340e-04
9.154400322586297989e-04
-3.750839678104966879e-04
7.684997981414198875e-04
1.381148176733404398e-04
4.827665688935667276e-04
1.082086673704907298e-04
1.047615005518309772e-04
-1.047913916409015656e-03
-6.900655571371316910e-04
-6.087601650506258011e-04
2.952705253846943378e-04
-6.513864500448107719e-04
3.108722012257203460e-05
2.478304668329656124e-04
-3.116576117463409901e-04
-8.775085734669119120e-05
2.433899935567751527e-04
1.873962901299819350e-04
-3.884275793097913265e-04
2.226358192274346948e-04
-1.766400382621213794e-04
2.242608898086473346e-04
-3.322353877592831850e-04
-4.464480443857610226e-04
-4.071208531968295574e-04
-5.757600301876664162e-04
1.121693421737290919e-04
8.580999565310776234e-05
-1.730236690491437912e-04
-1.181370025733485818e-04
2.452162443660199642e-04
4.464514786377549171e-04
3.287413856014609337e-04
3.948748053517192602e-05
-6.059152074158191681e-04
-4.044169691042043269e-05
-6.536867003887891769e-04
2.637823927216231823e-04
2.920109545812010765e-05
-2.219074667664244771e-05
-1.880936906673014164e-06
1.066561526386067271e-05
-8.503782737534493208e-05
-1.139478408731520176e-04
3.927471698261797428e-04
-1.370853569824248552e-04
1.457361940992996097e-04
-1.441471395082771778e-04
6.110576214268803596e-05
1.010003034025430679e-04
1.763571490300819278e-04
-2.097294782288372517e-04
4.253087536199018359e-05
3.221991355530917645e-04
-3.325858851894736290e-04
-5.235796561464667320e-04
-5.812651943415403366e-04
-2.385689294897019863e-04
-3.390270867384970188e-04
-4.923038068227469921e-04
-1.547144711366854608e-05
-6.611278513446450233e-04
2.607252681627869606e-04
2.839524131559301168e-05
2.252843842143192887e-04
-6.384310836438089609e-06
-6.338622188195586205e-04
-4.193146014586091042e-04
-5.800275830551981926e-04
-3.024744219146668911e-04
1.047687110258266330e-04
5.670925602316856384e-04
3.302677068859338760e-04
-1.252805304829962552e-05
4.075905308127403259e-04
4.613136115949600935e-04
1.646667369641363621e-04
-1.245395396836102009e-04
4.893958684988319874e-04
-1.501917722634971142e-06
-5.568278720602393150e-04
-1.415222650393843651e-04
-2.569811767898499966e-04
2.827543357852846384e-05
3.692210884764790535e-04
4.861766501562669873e-05
7.271202048286795616e-05
1.178713355329819024e-04
1.292013621423393488e-04
1.439617772120982409e-04
-9.797330676519777626e-06
4.436031449586153030e-04
9.397198300575837493e-05
-3.241478116251528263e-04
-7.793374243192374706e-04
2.555051651143003255e-05
-3.042905882466584444e-05
-5.597900599241256714e-04
-8.190672815544530749e-05
-7.336374255828559399e-04
-1.735784462653100491e-04
-8.995255484478548169e-05
1.456586414860794321e-05
-1.031958090607076883e-04
1.383413473377004266e-05
-1.944941177498549223e-04
1.379444001941010356e-04
3.189319977536797523e-05
-1.104169859900139272e-05
3.027905768249183893e-05
-7.943859964143484831e-05
1.033719581755576655e-05
2.330695133423432708e-04
-6.686463893856853247e-05
-6.587397074326872826e-04
3.620725765358656645e-04
-6.635676254518330097e-05
5.852032336406409740e-05
5.591104127233847976e-05
-1.558485928399022669e-05
2.995282702613621950e-04
-5.074096043244935572e-05
-1.484728563809767365e-04
8.353342418558895588e-04
-2.904782741097733378e-05
-9.510530508123338223e-04
-9.146094089373946190e-05
-1.106304771383292973e-04
-1.189974427688866854e-04
1.563414116390049458e-06
-2.658009179867804050e-06
-1.996423088712617755e-05
7.493495941162109375e-04
4.779436858370900154e-04
1.174151257146149874e-04
-1.992932811845093966e-04
-3.574481816031038761e-04
-2.047105226665735245e-06
-2.572482917457818985e-04
-5.295823211781680584e-04
-7.010212866589426994e-04
-4.472063155844807625e-04
3.659083449747413397e-04
1.430875418009236455e-04
1.496050681453198195e-04
4.886653914581984282e-05
-1.096418127417564392e-04
9.031646186485886574e-08
-1.735638215905055404e-04
1.133573387051001191e-04
-3.657953493529930711e-05
1.051852159434929490e-04
-3.855161776300519705e-04
-3.271379100624471903e-04
-4.954056348651647568e-04
1.738880091579630971e-04
-3.454236866673454642e-05
5.844417028129100800e-04
1.251679350389167666e-05
-1.813017588574439287e-04
-1.444915076717734337e-03
-6.900834850966930389e-04
-3.982330235885456204e-05
6.567056989297270775e-04
1.083156239474192262e-04
-8.067407179623842239e-05
-2.221737231593579054e-04
1.831043846323154867e-05
-4.582752881105989218e-04
-6.821779534220695496e-04
7.031507993815466762e-05
-5.226508073974400759e-05
4.134989867452532053e-04
-4.845399816986173391e-04
-2.511552884243428707e-04
-3.846855252049863338e-04
7.971284503582865000e-05
1.953914179466664791e-04
-2.449971216265112162e-04
-3.685248375404626131e-04
5.347476690076291561e-04
-8.583940216340124607e-04
-4.573285114020109177e-04
-4.922223524772562087e-06
-2.365791879128664732e-04
1.655785454204306006e-04
-6.402445142157375813e-04
9.562663617543876171e-04
-5.996697000227868557e-04
-1.267369079869240522e-04
-4.225354859954677522e-05
-1.068626734195277095e-04
4.848722601309418678e-04
5.536817479878664017e-04
-3.294161579106003046e-04
-1.449388801120221615e-04
-5.275498260743916035e-04
-3.134552389383316040e-04
-1.518150966148823500e-04
2.189804945373907685e-04
-4.169052408542484045e-05
3.884040415869094431e-05
3.130550612695515156e-04
4.127325519220903516e-05
1.366551005048677325e-04
-8.871495811035856605e-05
4.424393409863114357e-04
-1.758067955961450934e-04
-1.635942462598904967e-04
-5.496646044775843620e-04
-5.005384446121752262e-05
5.889858584851026535e-05
2.051961200777441263e-04
-4.946020198985934258e-04
-9.741968824528157711e-05
-1.052501247613690794e-04
-5.240748869255185127e-04
2.370553411310538650e-04
-3.458320279605686665e-04
-1.812112313928082585e-04
-3.541118348948657513e-04
-5.755094207415822893e-06
-2.700464101508259773e-04
-8.541725401300936937e-05
-7.460047345375642180e-05
-2.237774315290153027e-04
2.377112250542268157e-04
6.575210136361420155e-04
-2.647827495820820332e-04
1.000268530333414674e-04
6.315115751931443810e-05
5.314922309480607510e-04
7.631732296431437135e-05
9.434102685190737247e-05
-9.755963401403278112e-05
-2.076921664411202073e-04
-4.706574254669249058e-04
1.338046422461047769e-04
-1.120279921451583505e-04
-1.159970270236954093e-04
-1.175519428215920925e-04
2.953647053800523281e-04
-3.316897491458803415e-04
5.834932671859860420e-04
2.549540367908775806e-04
2.844065602403134108e-04
-8.056255755946040154e-04
1.263697340618818998e-04
-4.070441937074065208e-04
-4.779750306624919176e-04
-6.509467493742704391e-04
1.706358307274058461e-05
-4.017378960270434618e-04
2.747375983744859695e-04
3.919319715350866318e-04
3.269994631409645081e-04
-3.282828547526150942e-04
-6.245673866942524910e-04
-5.922740674577653408e-04
2.940943522844463587e-04
1.367745571769773960e-04
-7.454289880115538836e-05
1.031740568578243256e-03
3.463120374362915754e-04
-1.919603382702916861e-04
2.520815760362893343e-04
-5.642210453515872359e-05
2.213958941865712404e-04
3.279446900705806911e-05
8.912160410545766354e-06
-3.681514644995331764e-04
-3.778509271796792746e-04
-6.388278416125103831e-05
-4.443169746082276106e-04
-8.819058712106198072e-05
-2.116932737408205867e-04
-1.328918442595750093e-04
5.850900197401642799e-05
-5.702452035620808601e-04
-4.053974407725036144e-04
2.716819290071725845e-04
1.664604060351848602e-04
-1.683762238826602697e-04
-1.650745107326656580e-04
-5.975019666948355734e-05
9.708713332656770945e-05
-2.511391940061002970e-04
6.287243450060486794e-04
-4.977151547791436315e-06
5.454421625472605228e-07
3.975254658143967390e-04
-3.342189011164009571e-04
2.538312946853693575e-05
2.000386120926123112e-05
-2.129584026988595724e-05
-4.404659193824045360e-05
-2.843094407580792904e-04
-5.792765296064317226e-05
-5.224850610829889774e-05
2.885435533244162798e-04
4.230812774039804935e-04
2.628224319778382778e-04
6.130713154561817646e-05
-3.772975760512053967e-04
2.458343515172600746e-04
-7.601528777740895748e-04
-2.713794820010662079e-04
2.664794374140910804e-05
-6.109469104558229446e-04
-6.679976650048047304e-05
-1.435254525858908892e-04
-3.647384583018720150e-04
-3.418108462938107550e-05
4.875542072113603354e-04
-7.467711384379072115e-06
-7.032212306512519717e-05
5.530428024940192699e-04
-3.440141153987497091e-05
-3.353751671966165304e-04
2.106570755131542683e-04
2.376380143687129021e-05
1.528319553472101688e-04
5.882111145183444023e-04
4.280720168026164174e-05
9.046339982887730002e-06
-5.271422651276225224e-06
9.576055163051933050e-05
-1.026737736538052559e-04
-1.118659856729209423e-04
-4.018812905997037888e-04
4.698711563833057880e-06
-6.585231167264282703e-04
-2.582130255177617073e-04
3.984944487456232309e-05
1.604443241376429796e-04
4.574921622406691313e-04
2.629110240377485752e-04
-5.429508019005879760e-05
4.076032928423956037e-05
-7.641636766493320465e-04
-1.127641153289005160e-04
-1.732634555082768202e-04
-5.219666054472327232e-04
1.145017449744045734e-05
-1.618562673684209585e-04
