-1.909514218568801880e-01
-4.712738841772079468e-02
1.083214506506919861e-01
-5.418738350272178650e-02
7.457289099693298340e-02
8.657108247280120850e-02
-1.804894059896469116e-01
-3.407282754778862000e-02
7.531608454883098602e-03
1.101437062025070190e-01
1.567937582731246948e-01
-9.162975102663040161e-02
-3.037728369235992432e-02
3.919374942779541016e-02
-1.015274878591299057e-02
-5.433173105120658875e-02
-7.942385971546173096e-02
-2.434979826211929321e-01
9.436313062906265259e-02
-1.067450568079948425e-01
7.377713173627853394e-02
-1.550383865833282471e-02
-8.135292679071426392e-02
4.627623036503791809e-02
-1.027615070343017578e-01
3.407228738069534302e-02
-5.608429014682769775e-02
-9.881383180618286133e-02
-4.204078111797571182e-03
-1.796015501022338867e-01
-8.214036375284194946e-02
-4.205423593521118164e-02
5.666238255798816681e-03
-3.320624679327011108e-02
1.648162454366683960e-01
-1.181669980287551880e-01
4.410181567072868347e-02
-8.883188664913177490e-02
-2.011152207851409912e-01
5.979011207818984985e-02
-1.846914924681186676e-02
-5.419774726033210754e-02
6.756231933832168579e-02
2.091359533369541168e-02
8.780373632907867432e-02
-1.286642551422119141e-01
-6.640196591615676880e-02
3.864795342087745667e-02
-6.664487533271312714e-03
-5.360899493098258972e-02
-2.944895252585411072e-02
-1.722851991653442383e-01
-4.525186493992805481e-03
-8.597506582736968994e-02
1.358050405979156494e-01
-7.066366076469421387e-02
-1.520236879587173462e-01
-1.228495165705680847e-01
-6.916753947734832764e-02
-9.305358678102493286e-02
-1.021409779787063599e-01
-1.047794669866561890e-01
2.014312893152236938e-01
1.184843853116035461e-01
-1.019273996353149414e-01
2.480960041284561157e-01
1.390104740858078003e-01
-8.894367516040802002e-02
-1.389115899801254272e-01
-3.348232433199882507e-02
-9.702060371637344360e-02
2.017924189567565918e-01
6.636010110378265381e-02
3.992205113172531128e-02
-7.151514291763305664e-02
1.518617272377014160e-01
3.841981757432222366e-03
-1.329251565039157867e-02
1.640405058860778809e-01
1.484512537717819214e-01
4.243503883481025696e-02
1.905483305454254150e-01
-5.019966978579759598e-03
5.432607233524322510e-02
1.637421101331710815e-01
3.357541561126708984e-02
3.336271271109580994e-02
2.919638715684413910e-02
-4.012610390782356262e-02
1.342535316944122314e-01
1.684804409742355347e-01
2.731385827064514160e-02
-4.863628372550010681e-02
8.114325255155563354e-02
-9.203297644853591919e-02
2.673338651657104492e-01
4.838413093239068985e-03
-3.063570149242877960e-02
-3.102187067270278931e-02
-1.251880824565887451e-01
1.451343763619661331e-02
1.867548227310180664e-01
-3.979716077446937561e-02
4.435161128640174866e-02
9.717381745576858521e-02
4.339949786663055420e-02
4.693975299596786499e-02
-8.167315274477005005e-02
2.197248116135597229e-02
-9.191077202558517456e-02
-8.775363117456436157e-02
3.169208765029907227e-03
1.995550245046615601e-01
8.775893598794937134e-02
1.620658040046691895e-01
3.007705323398113251e-02
-1.744789332151412964e-01
8.589807152748107910e-02
-1.634728759527206421e-01
-6.198827549815177917e-02
-2.577784098684787750e-02
-3.003583848476409912e-02
7.820264995098114014e-02
-2.609089948236942291e-02
1.075834631919860840e-01
-1.975885927677154541e-01
-3.580097854137420654e-02
-1.951887458562850952e-02
6.817100197076797485e-02
-1.333443168550729752e-02
-9.584867954254150391e-02
3.869742900133132935e-02
1.581570208072662354e-01
1.335315257310867310e-01
-5.762941017746925354e-02
-4.876536503434181213e-02
2.932476997375488281e-02
-2.755324542522430420e-02
-1.878820359706878662e-02
1.295269429683685303e-01
7.335653901100158691e-02
2.577118277549743652e-01
1.658266037702560425e-01
-7.553660869598388672e-02
-1.332751382142305374e-02
-1.880840770900249481e-02
-3.655139356851577759e-02
-8.051423728466033936e-02
5.875185132026672363e-02
-1.036825329065322876e-01
