-1.786854350939393044e-03
1.566617633216083050e-03
1.601794734597206116e-03
-1.388588803820312023e-03
-1.406132942065596581e-04
-1.742127351462841034e-03
-1.074886415153741837e-03
-2.126222709193825722e-03
-1.713385456241667271e-03
4.967782297171652317e-04
-9.115678840316832066e-04
-7.179559324868023396e-04
-1.150508061982691288e-03
-1.148409442976117134e-03
-6.834817468188703060e-04
1.557638868689537048e-03
3.261228266637772322e-05
-2.007218310609459877e-03
-2.185044577345252037e-03
-6.889194482937455177e-04
-1.207108725793659687e-03
6.798641406930983067e-04
1.754303229972720146e-03
-1.347037497907876968e-03
-1.867064274847507477e-03
5.283827777020633221e-04
-4.850337281823158264e-04
-4.923313390463590622e-04
2.082897350192070007e-03
1.536098076030611992e-03
-2.573098288848996162e-03
-1.413128211424918845e-05
-2.050315262749791145e-03
6.337295053526759148e-05
-1.076044398359954357e-03
-1.257828087545931339e-03
3.180935455020517111e-04
-3.901062591467052698e-04
-5.994323291815817356e-04
-9.334133937954902649e-04
-1.709816744551062584e-03
-1.397093292325735092e-03
-1.395573781337589025e-04
-4.267988697392866015e-05
-4.278774722479283810e-04
-1.368175260722637177e-03
-1.202496001496911049e-03
4.821153124794363976e-04
-2.111415960825979710e-04
-9.368181927129626274e-04
-1.772629795596003532e-03
4.544226103462278843e-04
1.879726070910692215e-03
6.187796680023893714e-05
-1.686585310380905867e-04
-7.628130260854959488e-04
-8.775988244451582432e-04
-2.573318546637892723e-03
-2.218661131337285042e-03
4.510940052568912506e-04
4.438406904228031635e-04
1.463795342715457082e-04
3.860079450532793999e-04
-8.798426133580505848e-04
-8.790749125182628632e-04
-1.283827703446149826e-03
-1.533593051135540009e-03
-1.298572402447462082e-03
-3.087803779635578394e-04
-2.729321364313364029e-03
7.182115223258733749e-04
-6.863286835141479969e-04
-2.784911775961518288e-04
-7.219435647130012512e-04
-6.220411742106080055e-04
-2.412055386230349541e-03
-6.821908755227923393e-05
-3.502661129459738731e-04
1.014731358736753464e-03
9.553990093991160393e-04
-5.469415336847305298e-04
-2.024885034188628197e-03
-2.177254762500524521e-03
-2.061124192550778389e-03
-2.529949881136417389e-03
2.887315815314650536e-03
-2.539304550737142563e-03
7.479822379536926746e-04
-1.270171138457953930e-03
-2.078692428767681122e-03
6.372304633259773254e-04
-1.976099330931901932e-03
-6.806643796153366566e-05
1.309731014771386981e-04
4.025277681648731232e-03
-9.180509368889033794e-04
-2.796117216348648071e-03
-1.290919841267168522e-03
1.601055730134248734e-03
1.625800156034529209e-03
-1.219026744365692139e-03
-1.933760358951985836e-04
-8.217034628614783287e-04
-7.785918423905968666e-04
1.097410218790173531e-03
-1.965997944353148341e-04
6.204380770213901997e-04
2.846416027750819921e-04
7.157214567996561527e-04
-8.760453201830387115e-04
-4.449340980499982834e-03
-2.608461771160364151e-03
-5.356846668291836977e-05
6.155316368676722050e-04
-1.049582846462726593e-03
-1.094859908334910870e-03
-5.657789733959361911e-05
-1.438979990780353546e-03
6.288543809205293655e-04
-2.184711862355470657e-03
-1.796070602722465992e-03
-2.981995930895209312e-05
-1.707501214696094394e-04
-2.521603018976747990e-04
3.930889070034027100e-04
-1.583361416123807430e-03
-3.065837081521749496e-04
-1.392445294186472893e-03
4.745004116557538509e-04
-4.062710504513233900e-04
-5.569687345996499062e-05
-1.884889352368190885e-04
5.487916641868650913e-04
-2.394045004621148109e-03
9.723546681925654411e-04
-1.912472303956747055e-03
1.465118606574833393e-03
8.337754989042878151e-04
-2.668125671334564686e-04
-8.956133387982845306e-04
-1.208984249387867749e-04
-6.129745743237435818e-04
5.801615043310448527e-05
-6.204859237186610699e-04
5.503935972228646278e-04
-5.055153742432594299e-04
-4.100121557712554932e-03
-1.834861701354384422e-03
-2.310979762114584446e-04
-5.752260913141071796e-04
-5.008258158341050148e-04
-1.198546029627323151e-03
3.513745032250881195e-04
-1.448993338271975517e-03
-1.659605186432600021e-04
-3.009334322996437550e-04
-1.355760905425995588e-04
1.351048005744814873e-03
-2.556238789111375809e-03
-4.407514934428036213e-04
3.051544190384447575e-04
2.626285189762711525e-03
-3.602859796956181526e-04
-1.281503820791840553e-03
-1.659497153013944626e-03
1.349908066913485527e-03
1.043176052917260677e-05
-2.256775042042136192e-03
-4.402150079840794206e-05
4.455936432350426912e-04
-9.739071247167885303e-04
-1.751677482388913631e-03
-3.930735401809215546e-03
-1.060386653989553452e-03
4.797034198418259621e-04
1.495862379670143127e-04
-9.510618401691317558e-04
-1.317292335443198681e-03
-9.374804212711751461e-04
-2.025387249886989594e-03
-3.430726705119013786e-03
-1.561533717904239893e-04
-2.252765465527772903e-03
-1.514507690444588661e-03
4.328719514887779951e-04
-1.050683204084634781e-03
-1.748703652992844582e-03
-1.554984017275273800e-03
-8.792277076281607151e-04
-2.059277612715959549e-04
-7.250925409607589245e-05
-2.101874270010739565e-04
-2.507724100723862648e-03
-1.898678892757743597e-04
-7.991309976205229759e-04
-4.150107852183282375e-04
1.494657713919878006e-03
6.158748874440789223e-05
-3.320541232824325562e-03
6.600878550671041012e-04
1.988526666536927223e-03
-7.447311654686927795e-04
-6.859127315692603588e-04
-2.152124652639031410e-03
-9.969677776098251343e-04
-1.364550436846911907e-03
-2.136450959369540215e-03
4.556131316348910332e-04
-6.353881326504051685e-04
5.305676022544503212e-04
1.999596133828163147e-04
2.505993237718939781e-03
-1.425780646968632936e-04
-2.577005652710795403e-03
-1.692551886662840843e-03
1.383561320835724473e-04
-1.028768019750714302e-03
-1.106818788684904575e-03
-1.414288533851504326e-03
-1.308103324845433235e-03
-1.757543359417468309e-04
4.872732097283005714e-05
8.678614394739270210e-04
5.396569031290709972e-04
-4.403494531288743019e-04
-1.251291949301958084e-03
-6.033286917954683304e-04
5.420914967544376850e-04
-1.215349882841110229e-03
9.152987040579319000e-04
4.964307881891727448e-04
-2.807115961331874132e-04
-6.595410523004829884e-04
-3.285272745415568352e-03
-3.683381073642522097e-04
-2.950211928691715002e-04
-1.369843725115060806e-03
-9.163082722807303071e-05
-2.827166579663753510e-03
-1.154003897681832314e-03
-1.497503020800650120e-03
1.322581316344439983e-03
1.253289170563220978e-03
-1.600012881681323051e-03
-1.267804065719246864e-03
-1.128460047766566277e-03
-2.377838594838976860e-03
-1.499797101132571697e-03
-1.091306796297430992e-03
-1.699915039353072643e-03
2.609708462841808796e-05
-1.323510514339432120e-04
-1.446159323677420616e-03
-1.756799407303333282e-03
-3.956494852900505066e-03
9.709009900689125061e-04
-2.187253441661596298e-03
3.517881850712001324e-04
-3.612823493313044310e-04
-9.129139361903071404e-04
-1.289393403567373753e-03
-1.123860129155218601e-03
-3.822038124781101942e-04
1.236856915056705475e-03
-2.392607973888516426e-03
1.563339959830045700e-03
-9.699517395347356796e-04
5.654685664921998978e-04
1.939522800967097282e-03
1.066545257344841957e-03
-2.042074454948306084e-03
1.691824407316744328e-03
-1.038640330079942942e-04
-2.386671258136630058e-04
-1.602825941517949104e-04
-1.819408964365720749e-03
-1.341005670838057995e-03
-1.214011455886065960e-03
5.839572986587882042e-04
-5.583686288446187973e-05
-1.167829497717320919e-03
-1.324267126619815826e-03
7.289399509318172932e-04
-1.913690706714987755e-03
-5.602691089734435081e-04
-2.903118729591369629e-05
-2.261678921058773994e-03
-2.195434644818305969e-04
5.250970716588199139e-04
1.889393781311810017e-03
5.607447819784283638e-04
-7.515177130699157715e-04
-1.532439142465591431e-03
-8.215121342800557613e-04
-4.007116076536476612e-04
-2.897983882576227188e-03
2.317709731869399548e-05
6.744844722561538219e-04
2.409280277788639069e-04
-1.756521174684166908e-03
-6.727437721565365791e-04
7.360216695815324783e-04
-1.353587722405791283e-03
6.089807720854878426e-04
1.896241912618279457e-03
-2.560677705332636833e-03
-3.947578952647745609e-04
-1.033277716487646103e-03
-1.092220540158450603e-03
2.112832735292613506e-04
-2.218411769717931747e-03
-4.561277572065591812e-03
-4.476781468838453293e-04
1.271016662940382957e-04
-2.680809411685913801e-04
-2.398041542619466782e-03
1.637337496504187584e-03
5.855498602613806725e-04
-1.145185786299407482e-03
9.610152337700128555e-04
-2.544326242059469223e-03
-6.973719573579728603e-04
-1.118129934184253216e-03
-3.683923860080540180e-04
-1.960965804755687714e-03
-1.853364170528948307e-03
-3.213942691218107939e-04
-7.967864803504198790e-06
-2.890968695282936096e-03
-1.674239989370107651e-03
1.068160869181156158e-03
-3.307272272650152445e-04
-1.267109764739871025e-04
-1.035081921145319939e-03
-2.291638171300292015e-03
8.343611261807382107e-05
1.691394718363881111e-03
2.359124599024653435e-03
-2.180254086852073669e-04
2.029748400673270226e-03
-4.313615499995648861e-05
-1.117922016419470310e-03
-3.891109372489154339e-04
-3.384485840797424316e-03
4.344065673649311066e-04
-9.536489378660917282e-04
8.531993080396205187e-05
-1.841404009610414505e-03
-1.832223031669855118e-03
-8.789155981503427029e-04
-1.290581421926617622e-04
-3.306993166916072369e-04
-1.613629050552845001e-03
-3.505336586385965347e-03
1.289745268877595663e-04
-1.901412848383188248e-03
-2.196196001023054123e-03
1.820437377318739891e-03
-2.043800428509712219e-03
-5.683366907760500908e-04
-1.587494509294629097e-03
-5.665346980094909668e-03
-6.064592162147164345e-04
-4.129789595026522875e-04
-2.230193233117461205e-03
-1.541010802611708641e-03
-7.084322860464453697e-04
-1.368887373246252537e-03
4.676115349866449833e-04
8.920638938434422016e-04
-5.941718700341880322e-04
-1.194877200759947300e-03
5.230784299783408642e-04
-3.925790952052921057e-05
-1.843517529778182507e-03
-9.569994290359318256e-04
-1.564348349347710609e-04
-3.793629119172692299e-03
-9.672999149188399315e-04
-1.202458865009248257e-03
1.899712020531296730e-03
-7.960225921124219894e-04
-1.142532681114971638e-03
-1.700565684586763382e-03
-1.126402290537953377e-03
-2.729065250605344772e-03
1.307634403929114342e-03
-3.518379162414930761e-05
-1.220629783347249031e-03
3.031740779988467693e-04
-6.119808531366288662e-04
-9.497748687863349915e-04
-1.040181377902626991e-03
-3.075608285143971443e-03
-2.740673022344708443e-03
1.313007553108036518e-03
-1.011371612548828125e-03
-1.282903831452131271e-04
-1.343761687166988850e-04
1.775978598743677139e-03
-9.872630471363663673e-04
-2.357493853196501732e-03
-8.971029310487210751e-04
-1.426451955921947956e-03
-2.650784095749258995e-03
1.174390083178877831e-03
1.271857297979295254e-03
-1.128770411014556885e-03
1.204015105031430721e-03
-3.343306016176939011e-03
1.947145210579037666e-05
-1.744698733091354370e-03
-1.436014543287456036e-03
-2.406800398603081703e-03
1.815576804801821709e-03
-7.126937271095812321e-05
-7.637984817847609520e-04
-2.323273569345474243e-03
-2.332588192075490952e-03
4.342007741797715425e-05
4.463317163754254580e-04
-3.512161492835730314e-05
1.312065403908491135e-03
2.281899796798825264e-03
-1.647583791054785252e-03
5.240838509052991867e-04
-7.392062107101082802e-04
-1.316156703978776932e-03
-1.208782196044921875e-03
-2.270573168061673641e-04
1.367782708257436752e-03
7.605210994370281696e-04
1.375146443024277687e-03
5.179544095881283283e-04
-1.338470261543989182e-03
-3.576655290089547634e-04
-4.589318705257028341e-04
-1.289524836465716362e-03
2.629663795232772827e-03
-1.278090931009501219e-04
5.218334845267236233e-04
-8.000404341146349907e-04
-2.941986895166337490e-04
2.181871677748858929e-04
-8.468682644888758659e-04
6.484246114268898964e-04
-2.187978476285934448e-03
-4.861265770159661770e-04
-3.924001008272171021e-03
-1.741517335176467896e-03
