-1.398347169160842896e-01
-6.211738660931587219e-02
-9.947048127651214600e-02
-1.722210496664047241e-01
1.035384461283683777e-01
-9.291914850473403931e-02
4.371295496821403503e-02
1.579168811440467834e-02
-1.607379615306854248e-01
-6.851423531770706177e-04
-8.184735476970672607e-02
-2.229670286178588867e-01
-3.702610265463590622e-03
1.244502961635589600e-01
-1.326575875282287598e-01
2.554850652813911438e-02
2.031800709664821625e-02
1.852236986160278320e-01
-1.636722832918167114e-01
-1.118050888180732727e-01
-1.422405689954757690e-01
-1.165365502238273621e-01
4.351051151752471924e-02
-3.676679730415344238e-02
-2.991589903831481934e-01
-1.135150529444217682e-02
1.013259030878543854e-02
-1.673400998115539551e-01
-1.683862656354904175e-01
-1.539402175694704056e-02
1.255568563938140869e-01
-1.956682205200195312e-01
7.892239838838577271e-03
8.361982554197311401e-02
1.223318353295326233e-01
-1.173847913742065430e-01
4.908382520079612732e-02
-6.094887852668762207e-03
6.528728455305099487e-02
-1.306035667657852173e-01
-5.023099482059478760e-02
-1.895594000816345215e-01
-2.143291831016540527e-01
-3.484132885932922363e-02
1.140758544206619263e-01
-1.095151305198669434e-01
-1.111446693539619446e-01
-1.109709441661834717e-01
-1.730679906904697418e-02
-2.036882191896438599e-01
-3.370790183544158936e-02
6.237654481083154678e-03
-4.533424228429794312e-02
3.111300244927406311e-02
-3.197057917714118958e-02
-1.662479192018508911e-01
3.157678619027137756e-02
-3.760701417922973633e-02
-1.101449728012084961e-01
-5.955467373132705688e-02
2.579925358295440674e-01
-1.415626108646392822e-01
-8.324529230594635010e-02
-8.380356431007385254e-02
6.062578037381172180e-02
5.637607350945472717e-02
-9.448991715908050537e-02
2.031244486570358276e-01
-1.344997286796569824e-01
6.349047645926475525e-03
-3.427667170763015747e-02
3.626314178109169006e-02
3.516136854887008667e-02
-7.665652036666870117e-02
2.928720414638519287e-02
-7.196910679340362549e-02
3.050072118639945984e-02
9.435353428125381470e-02
3.571075201034545898e-02
1.304467022418975830e-01
-7.734297215938568115e-02
-4.634295776486396790e-02
-1.512791812419891357e-01
-1.318100094795227051e-01
1.323908753693103790e-02
5.469697341322898865e-02
4.063855856657028198e-02
-7.711447030305862427e-02
-1.833648979663848877e-02
-7.398512959480285645e-02
-1.374660879373550415e-01
-1.640978455543518066e-01
-5.566262826323509216e-02
-2.227940112352371216e-01
-2.351282536983489990e-02
1.455155573785305023e-02
-4.580300301313400269e-02
-1.476671695709228516e-01
9.678389132022857666e-02
-3.673253580927848816e-03
-9.631167352199554443e-02
-6.726215779781341553e-02
-1.549657285213470459e-01
-1.419094800949096680e-01
-1.058035641908645630e-01
-3.664336726069450378e-02
-2.214375287294387817e-01
1.848075911402702332e-02
-9.303246438503265381e-02
2.543137036263942719e-02
2.514792978763580322e-02
2.313470281660556793e-02
-2.317910641431808472e-01
-7.192613929510116577e-02
-6.749305874109268188e-02
8.729177713394165039e-02
-5.248201638460159302e-02
-4.312041774392127991e-02
-2.448920160531997681e-03
-1.587630659341812134e-01
-1.316029876470565796e-01
-1.747090369462966919e-01
-1.539836730808019638e-02
-9.639258682727813721e-02
-1.834284747019410133e-03
-8.825495094060897827e-02
5.348589643836021423e-02
-9.055660665035247803e-02
-1.603640615940093994e-01
-4.152687266469001770e-02
-1.050122529268264771e-01
-4.482485726475715637e-02
1.574039459228515625e-03
6.759823299944400787e-03
-3.819316392764449120e-03
-1.640822142362594604e-01
-5.679177492856979370e-02
1.243577823042869568e-01
8.214218169450759888e-02
-3.952797129750251770e-02
9.302421659231185913e-02
-1.140567064285278320e-01
-5.501094460487365723e-02
-3.219770640134811401e-02
-1.786652952432632446e-01
-2.391388267278671265e-01
4.961899947375059128e-03
9.226129390299320221e-03
3.587616980075836182e-02
2.534525236114859581e-03
