1.560317352414131165e-03
-6.496196612715721130e-03
-5.327134393155574799e-03
-2.470716834068298340e-03
-3.260562196373939514e-03
-4.235658328980207443e-03
-1.905267476104199886e-03
-1.074705179780721664e-02
-7.200299296528100967e-03
-1.117722224444150925e-02
-1.283000595867633820e-02
-6.299296859651803970e-03
-2.526921452954411507e-03
-1.448785886168479919e-02
-1.591685973107814789e-02
-3.023262834176421165e-03
4.740210250020027161e-03
-8.841924369335174561e-03
3.720699110999703407e-03
-9.722643531858921051e-03
-4.373391158878803253e-03
-1.195496320724487305e-02
-7.459026295691728592e-03
-7.888179272413253784e-03
-2.612123498693108559e-04
-7.189767900854349136e-03
-4.968298133462667465e-03
-8.625846356153488159e-03
-6.271421909332275391e-03
2.994112204760313034e-03
-1.927438424900174141e-03
1.488426001742482185e-03
-5.925412755459547043e-03
2.405993174761533737e-03
-3.899516537785530090e-03
-8.992120623588562012e-03
-9.216586127877235413e-03
5.671641323715448380e-03
1.053610700182616711e-03
-1.062324270606040955e-02
8.181352168321609497e-04
-9.557280689477920532e-03
6.430750712752342224e-03
-9.896014817059040070e-03
-5.055646412074565887e-03
-1.205875724554061890e-02
-6.134284194558858871e-03
-2.139735035598278046e-03
-7.913041859865188599e-03
3.213010495528578758e-05
-7.403685711324214935e-03
-1.213263534009456635e-02
-6.848526652902364731e-03
-6.301748566329479218e-03
-8.955859811976552010e-04
-1.045877952128648758e-02
-1.635061204433441162e-02
-7.517583202570676804e-03
-1.191286183893680573e-02
-8.241808973252773285e-03
-9.278455749154090881e-03
-1.612097583711147308e-02
-8.001308888196945190e-03
-6.069147959351539612e-03
-1.379407569766044617e-02
1.993183977901935577e-03
1.086614676751196384e-03
-7.547175046056509018e-03
-1.961739966645836830e-03
-1.340266503393650055e-02
-1.270494051277637482e-02
-5.717803724110126495e-03
-1.555474009364843369e-02
-5.726841278374195099e-03
7.865626248531043530e-04
-1.563520915806293488e-02
-3.865363774821162224e-03
1.165599562227725983e-03
-1.033055316656827927e-02
3.573000431060791016e-03
-9.423593059182167053e-03
-1.748380600474774837e-03
-8.438265882432460785e-03
-1.420663297176361084e-02
-9.454484097659587860e-03
-7.511251606047153473e-03
-3.698888467624783516e-03
-2.473526634275913239e-03
-7.600463926792144775e-03
-1.291484013199806213e-02
-5.925157107412815094e-03
-4.009990487247705460e-03
-1.430374942719936371e-02
-1.858147047460079193e-02
-3.253643400967121124e-03
-1.025090087205171585e-02
-5.168042145669460297e-03
-1.315480191260576248e-02
-3.673500614240765572e-03
-1.228944677859544754e-02
