6.034153327345848083e-02
-1.130497157573699951e-01
3.885912895202636719e-02
-4.381621628999710083e-02
-4.600092023611068726e-02
6.611746735870838165e-03
-1.077551469206809998e-01
-9.850492933765053749e-04
7.990539819002151489e-02
8.286728709936141968e-02
5.219039693474769592e-02
-1.265026926994323730e-01
-2.255953662097454071e-02
4.476339370012283325e-02
8.650743961334228516e-02
1.339570730924606323e-01
6.560677289962768555e-02
4.949206858873367310e-02
-1.688369661569595337e-01
-5.618197610601782799e-04
-2.204584144055843353e-02
7.023213058710098267e-02
4.527501761913299561e-02
1.433354765176773071e-01
-9.780523926019668579e-02
-1.564232110977172852e-01
-1.771823316812515259e-01
1.226891111582517624e-02
-4.637911170721054077e-02
1.310441344976425171e-01
-8.325222879648208618e-02
2.677708491683006287e-02
-4.966143146157264709e-02
-3.312053158879280090e-02
5.825348943471908569e-02
4.044610261917114258e-02
-7.493869401514530182e-03
1.052850633859634399e-01
-6.720355898141860962e-02
3.060505725443363190e-02
6.919241510331630707e-03
-4.101607576012611389e-02
3.436654806137084961e-02
1.133619695901870728e-01
-1.282903254032135010e-01
-4.610815644264221191e-02
-5.691034719347953796e-02
7.192665338516235352e-02
-3.177857771515846252e-02
-2.108375541865825653e-03
1.549416631460189819e-01
1.919607669115066528e-01
6.059058010578155518e-02
-3.451155871152877808e-02
-5.837335065007209778e-02
-1.451360583305358887e-01
-1.145637109875679016e-01
8.309762924909591675e-02
1.455714404582977295e-01
-4.988364502787590027e-02
2.130086719989776611e-02
1.788158901035785675e-02
-1.268085278570652008e-02
-1.525991857051849365e-01
-8.453029394149780273e-02
-9.790921956300735474e-02
-5.958630517125129700e-02
-1.931118369102478027e-01
-1.688114404678344727e-01
-8.877777308225631714e-02
3.360747918486595154e-02
-3.460628166794776917e-02
1.500362902879714966e-01
1.514280736446380615e-01
-1.940604895353317261e-01
-2.311446331441402435e-02
-1.778967864811420441e-02
7.124733924865722656e-02
1.434078514575958252e-01
-2.179840393364429474e-02
-1.192704439163208008e-01
-4.213197156786918640e-02
1.525974124670028687e-01
3.282475098967552185e-02
9.322524815797805786e-02
1.675608009099960327e-01
8.949316293001174927e-02
4.801735654473304749e-02
1.392750889062881470e-01
1.597154438495635986e-01
-1.862036436796188354e-02
1.067422255873680115e-01
-7.280657999217510223e-03
-9.282069653272628784e-02
2.049291320145130157e-02
1.289677619934082031e-01
-1.292944606393575668e-02
1.348383724689483643e-01
1.493994984775781631e-02
-4.177844896912574768e-02
-1.101106181740760803e-01
-9.680857509374618530e-02
1.003467887639999390e-01
-2.114610671997070312e-01
5.339258164167404175e-02
4.489474743604660034e-02
-3.164762258529663086e-02
9.424001909792423248e-03
-7.786299288272857666e-02
1.697910726070404053e-01
-2.107692360877990723e-01
1.002188678830862045e-02
-3.495198860764503479e-02
-1.838722676038742065e-01
-2.659333124756813049e-02
5.061107873916625977e-02
3.437797352671623230e-02
-1.750792115926742554e-01
-7.221302390098571777e-02
9.172927588224411011e-02
