-4.636142402887344360e-02
-4.650554805994033813e-02
3.340404108166694641e-02
9.716060012578964233e-02
-7.670429348945617676e-02
-2.929759398102760315e-02
9.398119896650314331e-02
-6.550916284322738647e-02
-4.210444167256355286e-02
-2.603944856673479080e-03
3.747372329235076904e-02
1.634347625076770782e-02
-3.807266429066658020e-02
1.472448557615280151e-01
2.646520435810089111e-01
-6.887595634907484055e-03
-2.420296706259250641e-02
-2.786338329315185547e-02
6.083994358777999878e-02
-1.803408563137054443e-01
-1.981931552290916443e-02
-4.705126397311687469e-03
4.445068165659904480e-02
1.645908206701278687e-01
-1.828224025666713715e-02
-7.206206768751144409e-02
1.059681177139282227e-01
-3.128229873254895210e-03
1.039587035775184631e-01
-3.294869884848594666e-02
-5.320778116583824158e-02
-5.082801729440689087e-02
-6.423510611057281494e-02
-1.353530734777450562e-01
-1.047878190875053406e-01
2.754519581794738770e-01
4.985910281538963318e-02
2.276965677738189697e-01
-9.436718188226222992e-03
1.030690446496009827e-01
8.281167596578598022e-02
-5.364697799086570740e-02
6.183251738548278809e-02
8.747785538434982300e-02
-2.954575717449188232e-01
7.481498271226882935e-02
-1.780177801847457886e-01
-2.576052956283092499e-02
-9.712165594100952148e-02
1.299757510423660278e-01
-5.098484829068183899e-02
7.499711215496063232e-02
1.495485305786132812e-01
1.827372908592224121e-01
1.218751668930053711e-01
1.562754809856414795e-01
1.113444566726684570e-01
-7.598950713872909546e-02
-9.247782081365585327e-02
-1.277431696653366089e-01
-2.451588772237300873e-02
5.169478803873062134e-02
-3.998681530356407166e-02
-8.504945784807205200e-02
-3.572034463286399841e-02
1.777179688215255737e-01
-1.152464523911476135e-01
4.933529719710350037e-02
6.385207921266555786e-02
-1.359794754534959793e-02
-3.746675699949264526e-02
9.890037775039672852e-02
6.968453526496887207e-02
-3.912561759352684021e-02
-2.930800616741180420e-02
-9.608208388090133667e-02
-6.708249449729919434e-02
2.169286757707595825e-01
-7.662343233823776245e-02
-1.096081063151359558e-01
3.319127857685089111e-02
4.727207124233245850e-03
-6.942010670900344849e-02
-1.023482605814933777e-01
1.251790225505828857e-01
6.155492737889289856e-02
-1.093927025794982910e-01
-2.791143395006656647e-02
-7.407440990209579468e-02
-1.035669967532157898e-01
-8.786815404891967773e-02
6.924471817910671234e-03
1.099883690476417542e-01
8.073980361223220825e-02
5.895810201764106750e-02
-1.163478847593069077e-02
1.419471204280853271e-01
2.380309812724590302e-02
2.154112793505191803e-02
-1.575055532157421112e-02
5.669827386736869812e-02
-3.874873742461204529e-02
-6.281860917806625366e-02
-6.255295127630233765e-02
6.752189993858337402e-02
8.840444684028625488e-02
7.299026846885681152e-02
7.433935999870300293e-02
-1.529598087072372437e-01
-1.652880012989044189e-02
-1.793023794889450073e-01
8.558433502912521362e-02
7.142727077007293701e-02
-3.903963789343833923e-02
2.723242342472076416e-02
-2.791442675516009331e-03
-1.141666993498802185e-02
2.939972467720508575e-02
1.737890578806400299e-02
1.351305842399597168e-01
-1.313536465167999268e-01
4.426346160471439362e-03
-8.199608325958251953e-02
6.769445538520812988e-02
-3.381383121013641357e-01
6.930589675903320312e-02
6.370247155427932739e-02
-2.352673858404159546e-01
-8.884771913290023804e-02
3.728443384170532227e-02
1.136189326643943787e-01
6.633324082940816879e-03
8.213639259338378906e-03
6.582131236791610718e-02
3.409384191036224365e-02
7.542212307453155518e-02
-8.499305695295333862e-02
-4.466257989406585693e-02
1.713856458663940430e-01
4.466445371508598328e-02
-2.964036911725997925e-02
3.865946084260940552e-02
1.063077971339225769e-01
-2.095131762325763702e-02
-4.350678529590368271e-03
5.423992127180099487e-02
-5.734934285283088684e-02
8.763430267572402954e-02
-5.711168632842600346e-04
1.411276906728744507e-01
