1.728770881891250610e-01
-2.196275070309638977e-02
-8.980000764131546021e-02
-1.543687582015991211e-01
8.543444871902465820e-01
-5.795290693640708923e-02
7.652736902236938477e-01
3.545760512351989746e-01
-1.602477073669433594e+00
-6.760544776916503906e-01
-5.961579084396362305e-01
-4.388452693819999695e-02
1.866409182548522949e-01
-2.888578772544860840e-01
2.965469062328338623e-01
1.549189537763595581e-01
-2.856661379337310791e-01
-6.553446650505065918e-01
-1.607480086386203766e-02
5.449380874633789062e-01
3.962482213973999023e-01
2.886213362216949463e-01
7.290195822715759277e-01
3.154303729534149170e-01
1.594697117805480957e+00
9.480187296867370605e-02
5.218618512153625488e-01
1.695891022682189941e-01
7.288087010383605957e-01
-2.213346064090728760e-01
4.336535334587097168e-01
-5.319565534591674805e-01
-4.017590358853340149e-02
-2.914950549602508545e-01
2.194243073463439941e-01
-1.103546917438507080e-01
-6.741262674331665039e-01
7.040800452232360840e-01
6.476960778236389160e-01
1.484416574239730835e-01
2.982500493526458740e-01
-1.455040335655212402e+00
-2.383930087089538574e-01
-8.714648485183715820e-01
-5.438796430826187134e-02
4.200791120529174805e-01
5.176780223846435547e-01
2.930768765509128571e-02
-9.159651994705200195e-01
9.434965997934341431e-02
-4.529594480991363525e-01
-4.130337536334991455e-01
6.196560263633728027e-01
4.024264812469482422e-01
-1.986976414918899536e-01
3.516843914985656738e-01
5.304952859878540039e-01
3.291022479534149170e-01
-5.321068689227104187e-02
-2.021846771240234375e-01
2.759399712085723877e-01
1.732160449028015137e-01
-1.542771011590957642e-01
2.201638370752334595e-01
-1.229764521121978760e-01
9.299638122320175171e-02
-1.797432005405426025e-01
1.977891921997070312e-01
-6.462144851684570312e-01
5.326013565063476562e-01
1.019704580307006836e+00
1.353745907545089722e-02
-1.444087475538253784e-01
3.213076591491699219e-01
-6.845645904541015625e-01
2.016671746969223022e-01
3.541049957275390625e-01
1.764972358942031860e-01
-3.074842691421508789e-01
-3.676689863204956055e-01
2.350670099258422852e-01
2.168801724910736084e-01
-1.377269327640533447e-01
-2.516450881958007812e-01
-2.445232123136520386e-01
4.746602475643157959e-01
-5.235989093780517578e-01
5.379392504692077637e-01
-6.455560773611068726e-02
-4.983590841293334961e-01
-4.378827810287475586e-01
-3.128160536289215088e-01
-2.416800558567047119e-01
4.151441454887390137e-01
1.575960405170917511e-02
-9.547643065452575684e-01
3.787014782428741455e-01
-3.644218742847442627e-01
3.053291875403374434e-04
-6.652629971504211426e-01
7.386654019355773926e-01
5.308074951171875000e-01
-7.393126487731933594e-01
6.804268360137939453e-01
4.502626601606607437e-03
-2.975917756557464600e-01
3.847002387046813965e-01
5.981088876724243164e-01
-8.710266649723052979e-02
3.509913980960845947e-01
-6.761217117309570312e-01
3.873636126518249512e-01
1.133527159690856934e-01
-2.586162984371185303e-01
-2.348448485136032104e-01
4.112325310707092285e-01
6.283677220344543457e-01
-2.743687927722930908e-01
-2.618448436260223389e-01
1.033482030034065247e-01
-7.928860783576965332e-01
-1.413600593805313110e-01
4.431468248367309570e-01
2.352011948823928833e-01
-1.934847235679626465e-02
1.549556553363800049e-01
6.407163739204406738e-01
2.548187077045440674e-01
