-4.874331876635551453e-02
7.866093888878822327e-03
2.892426848411560059e-01
-4.733491316437721252e-02
-6.803586613386869431e-03
7.702324539422988892e-02
9.738500416278839111e-02
-1.588991880416870117e-01
1.174138337373733521e-01
-3.782291710376739502e-02
-3.193462267518043518e-02
-2.035659998655319214e-01
-2.050994709134101868e-02
2.451975457370281219e-02
4.228606075048446655e-02
-2.254308946430683136e-02
5.897736176848411560e-02
-1.011845022439956665e-01
-9.583567082881927490e-02
-2.111271023750305176e-02
2.338581904768943787e-02
5.730607546865940094e-03
-7.888562232255935669e-02
-1.305522471666336060e-01
-2.261651903390884399e-01
9.720422327518463135e-02
9.247866272926330566e-02
9.696578234434127808e-02
-8.604273945093154907e-02
-2.639914490282535553e-02
7.648006081581115723e-02
1.238907054066658020e-01
3.144123777747154236e-02
9.296147525310516357e-02
2.678393013775348663e-02
1.404224801808595657e-02
6.811479479074478149e-02
6.139687076210975647e-02
2.100506331771612167e-03
4.668309539556503296e-02
5.704452097415924072e-02
-9.569346904754638672e-03
1.455345451831817627e-01
-3.274302557110786438e-02
-8.646222949028015137e-02
-4.949320573359727859e-03
2.074281312525272369e-02
9.131901897490024567e-03
1.461589187383651733e-01
1.860052198171615601e-01
-1.415501385927200317e-01
2.268110066652297974e-01
7.019254565238952637e-02
9.858959913253784180e-02
-5.738128907978534698e-03
1.974199265241622925e-01
1.408812552690505981e-01
-1.261841692030429840e-02
2.043832093477249146e-02
1.304876208305358887e-01
-1.312384158372879028e-01
5.582457035779953003e-02
6.522002629935741425e-03
2.008417099714279175e-01
-3.687328658998012543e-03
-4.916485771536827087e-02
1.254818737506866455e-01
-2.536416240036487579e-02
-2.237809747457504272e-01
1.189184375107288361e-02
-1.145351752638816833e-01
-9.195776283740997314e-02
-2.065231092274188995e-03
-1.492236852645874023e-01
1.034689173102378845e-01
-3.225747495889663696e-02
-2.550134658813476562e-01
-1.049162745475769043e-01
-7.226810604333877563e-02
-1.182943806052207947e-01
-1.039122492074966431e-01
-3.365502133965492249e-02
6.649700552225112915e-02
-1.160843204706907272e-02
-1.258441656827926636e-01
2.561865746974945068e-01
1.299622207880020142e-01
-4.007096216082572937e-02
-1.629254221916198730e-02
8.054499328136444092e-02
-2.031773515045642853e-02
-2.384379655122756958e-01
-2.626107931137084961e-01
7.748550176620483398e-02
5.364180356264114380e-02
-7.584760338068008423e-02
-3.464442910626530647e-03
3.938291966915130615e-02
-8.333893120288848877e-02
-7.661409676074981689e-03
-1.044856831431388855e-01
3.912347555160522461e-02
-8.735949546098709106e-02
6.365297734737396240e-02
5.631582438945770264e-02
-2.528909966349601746e-02
-1.114467680454254150e-01
4.647634923458099365e-02
3.712001815438270569e-02
7.393381744623184204e-02
-5.460899323225021362e-02
1.366474628448486328e-01
-1.131475940346717834e-01
7.996995747089385986e-02
-1.418409589678049088e-02
9.269071370363235474e-02
-2.955218963325023651e-02
-6.087716296315193176e-02
-1.313376426696777344e-01
-2.750434726476669312e-02
