-1.664681434631347656e-01
-8.859242498874664307e-02
-6.282464414834976196e-02
4.408108070492744446e-03
5.642705038189888000e-02
-1.571981459856033325e-01
-1.638145558536052704e-02
-4.146629571914672852e-02
5.266815796494483948e-02
1.481022313237190247e-02
1.740872627124190331e-03
-9.207043796777725220e-02
8.861859887838363647e-02
1.115826517343521118e-01
-3.414233680814504623e-03
-1.904143244028091431e-01
4.817889258265495300e-02
-1.757166348397731781e-02
2.007009461522102356e-02
-4.383269231766462326e-03
1.079776734113693237e-01
4.883291572332382202e-02
-4.549290612339973450e-02
-2.028351277112960815e-02
-4.640943557024002075e-02
-4.160093516111373901e-02
-1.605992577970027924e-02
-4.140483960509300232e-02
-2.273237258195877075e-01
2.102970844134688377e-03
-3.862102702260017395e-02
4.740481078624725342e-02
8.336332440376281738e-02
4.741356894373893738e-02
-1.013966649770736694e-01
1.172138676047325134e-01
8.106131106615066528e-03
-7.393517345190048218e-02
-9.365936368703842163e-02
-1.600164733827114105e-02
-9.661333262920379639e-02
2.562285661697387695e-01
-8.997494727373123169e-02
-1.730691492557525635e-01
-2.037052623927593231e-02
1.017414256930351257e-01
6.777667254209518433e-02
6.604434549808502197e-02
-6.530947983264923096e-02
-1.207905933260917664e-01
-2.118936181068420410e-01
-2.270323783159255981e-01
1.021543666720390320e-01
1.979893594980239868e-01
8.780293166637420654e-03
1.745281741023063660e-02
-1.321573369204998016e-02
1.103626750409603119e-02
-8.243453502655029297e-02
-4.402758553624153137e-02
-8.502170443534851074e-03
-1.074308007955551147e-01
-1.087554730474948883e-02
-1.759707578457891941e-03
1.708253324031829834e-01
1.584722846746444702e-01
6.007054820656776428e-02
3.950672224164009094e-02
-3.725382685661315918e-02
-2.623333409428596497e-02
1.769694238901138306e-01
1.883737929165363312e-02
-2.473387494683265686e-02
-1.180178597569465637e-01
-6.432653963565826416e-02
-7.917974144220352173e-02
8.127614110708236694e-02
6.141351908445358276e-02
2.011427432298660278e-01
1.003023143857717514e-02
2.344874478876590729e-02
-1.955510973930358887e-01
7.496019452810287476e-02
-4.209655150771141052e-02
-9.359387680888175964e-03
-2.102818787097930908e-01
3.662046417593955994e-02
-1.396378725767135620e-01
-1.085061877965927124e-01
1.346231810748577118e-02
-4.935957025736570358e-03
6.076133623719215393e-02
1.245261952280998230e-01
1.032776292413473129e-02
-2.189637720584869385e-02
3.489339724183082581e-02
6.493377685546875000e-02
1.373795717954635620e-01
1.730121672153472900e-02
-1.635061502456665039e-01
-5.284865200519561768e-02
1.686470583081245422e-02
-1.378972679376602173e-01
8.208903670310974121e-02
9.241236746311187744e-02
-8.146057836711406708e-03
-1.365064829587936401e-01
1.123207584023475647e-01
-5.427490547299385071e-02
1.103741023689508438e-02
3.809499368071556091e-02
5.883814767003059387e-02
1.496548354625701904e-01
8.247229456901550293e-02
8.606018126010894775e-02
1.378186792135238647e-01
1.307465881109237671e-01
1.144497767090797424e-01
-5.916430801153182983e-02
2.062738128006458282e-02
-1.432159077376127243e-02
6.842087954282760620e-02
-2.809148840606212616e-02
1.105631291866302490e-01
1.692455559968948364e-01
-5.455726757645606995e-02
1.886613667011260986e-02
6.664599291980266571e-03
8.623820543289184570e-02
9.488817304372787476e-02
3.367381403222680092e-03
-2.326078414916992188e-01
-7.296557538211345673e-03
1.043617129325866699e-01
8.161532692611217499e-03
4.378490149974822998e-02
5.564414709806442261e-02
-8.264914155006408691e-02
8.755783736705780029e-02
3.399755060672760010e-02
-5.071658641099929810e-02
-5.199522525072097778e-02
4.220105707645416260e-02
2.084861546754837036e-01
-1.088645681738853455e-01
2.448964864015579224e-01
1.570661365985870361e-02
-1.835534535348415375e-02
-6.801782548427581787e-02
3.012089617550373077e-02
