-1.272457987070083618e-01
-1.611257903277873993e-02
1.283174287527799606e-02
1.013926267623901367e-01
2.480888180434703827e-02
-1.407752186059951782e-01
7.140643894672393799e-02
-1.147633567452430725e-01
-5.964003130793571472e-02
-1.045861467719078064e-02
-1.048767045140266418e-01
1.007109358906745911e-01
3.301628679037094116e-02
-1.353576332330703735e-01
-3.949459642171859741e-03
1.080535054206848145e-01
7.900938391685485840e-02
7.174102962017059326e-02
1.114070881158113480e-02
-1.363481730222702026e-01
-1.780418306589126587e-01
6.897372007369995117e-02
-3.203728049993515015e-02
-2.475258894264698029e-02
-5.432208999991416931e-02
2.057377807796001434e-02
-5.808753147721290588e-02
-8.900840766727924347e-03
5.943851172924041748e-02
1.103504598140716553e-01
2.044669911265373230e-02
2.081166058778762817e-01
3.818742232397198677e-03
1.972095966339111328e-01
-4.059591516852378845e-02
-4.362912382930517197e-03
5.558038130402565002e-02
9.734214842319488525e-02
-1.070593968033790588e-01
3.367471322417259216e-02
-1.859344094991683960e-01
1.028857287019491196e-02
8.030076324939727783e-02
-5.743816867470741272e-02
3.112579695880413055e-02
-1.722611337900161743e-01
-3.536462411284446716e-02
4.620500840246677399e-04
1.456925459206104279e-02
8.352059125900268555e-02
-1.279358863830566406e-01
6.688923388719558716e-02
3.050089627504348755e-02
-6.624952889978885651e-03
-3.113322146236896515e-02
1.800427287817001343e-01
-5.508119985461235046e-02
4.821774736046791077e-02
6.256956607103347778e-02
-4.766713827848434448e-02
-3.468982502818107605e-02
7.289510965347290039e-02
-6.945923902094364166e-03
3.365650773048400879e-02
-9.474600851535797119e-02
8.874803036451339722e-02
6.580699980258941650e-02
-2.016601525247097015e-02
7.587205618619918823e-02
8.224422484636306763e-02
-2.422254532575607300e-03
-7.951582223176956177e-02
-4.143520817160606384e-02
1.230623573064804077e-01
4.375208541750907898e-02
-8.303764462471008301e-02
-4.519426729530096054e-03
-2.188744582235813141e-02
-7.972523570060729980e-02
-1.138060614466667175e-01
7.516601681709289551e-02
-1.175044104456901550e-01
4.209011420607566833e-02
-4.352985695004463196e-02
-6.032139062881469727e-02
1.396445035934448242e-01
3.184282034635543823e-02
5.594075471162796021e-02
-1.833819411695003510e-02
3.023524582386016846e-02
-4.937687888741493225e-03
-7.821112871170043945e-02
9.095466136932373047e-02
4.859231412410736084e-02
6.281605362892150879e-02
-4.218396916985511780e-02
3.642683476209640503e-02
4.713556915521621704e-02
1.328169554471969604e-01
-1.401493102312088013e-01
-6.005255132913589478e-02
-2.537753246724605560e-02
1.755485497415065765e-02
1.210110709071159363e-01
1.054748594760894775e-01
-3.088382259011268616e-02
4.148235544562339783e-02
9.669178724288940430e-02
1.132175773382186890e-01
4.265980329364538193e-03
4.305267333984375000e-02
3.797157108783721924e-02
1.800958514213562012e-01
-1.225439533591270447e-01
-1.523642987012863159e-01
9.225558489561080933e-02
-4.150917008519172668e-02
1.092518791556358337e-01
-1.453439593315124512e-01
9.834668785333633423e-02
-5.508746206760406494e-02
3.914824500679969788e-02
-2.098192423582077026e-01
-1.997264921665191650e-01
-2.095948532223701477e-02
-1.863403618335723877e-02
-6.673911586403846741e-03
4.227009415626525879e-02
-2.638678625226020813e-02
-1.623317450284957886e-01
1.309728808701038361e-02
-1.313956454396247864e-02
6.097552552819252014e-02
1.558996886014938354e-01
3.200566768646240234e-01
-7.868215441703796387e-03
-2.579625882208347321e-02
1.096188575029373169e-01
-9.748920798301696777e-02
-7.941012829542160034e-02
1.023067161440849304e-01
-7.000757753849029541e-02
3.861166536808013916e-02
-9.292694926261901855e-02
3.298170864582061768e-02
-8.617758750915527344e-02
1.770597998984158039e-03
6.702496856451034546e-02
1.008758470416069031e-01
-7.178772706538438797e-03
