5.813659727573394775e-02
6.622628867626190186e-02
-3.044970892369747162e-02
-3.251591697335243225e-02
-1.800221651792526245e-01
-1.417776383459568024e-02
8.007527142763137817e-02
1.944779306650161743e-01
5.715964362025260925e-03
-5.637232214212417603e-02
-7.377065718173980713e-02
2.150456421077251434e-02
1.124768517911434174e-02
4.131879657506942749e-03
-6.012405082583427429e-02
3.472929447889328003e-02
-1.254944056272506714e-01
1.927106827497482300e-02
-4.337574541568756104e-02
-2.114622294902801514e-01
-1.019152626395225525e-01
9.005504846572875977e-02
-4.386651888489723206e-02
1.399898715317249298e-02
-9.590082801878452301e-03
6.044532358646392822e-02
6.758841872215270996e-02
7.599411997944116592e-03
7.208447903394699097e-02
-1.260813474655151367e-01
1.184628233313560486e-01
1.204317435622215271e-01
-8.474515378475189209e-02
-1.340863015502691269e-02
1.406655311584472656e-01
-1.753057986497879028e-01
-1.226696372032165527e-01
4.371906071901321411e-02
4.654277488589286804e-02
4.847563430666923523e-02
-2.713413722813129425e-02
6.343011558055877686e-02
4.290388897061347961e-02
3.914368152618408203e-02
-2.259809672832489014e-01
-1.061103790998458862e-01
1.196155622601509094e-01
-1.064671725034713745e-01
-3.296546638011932373e-02
5.122847389429807663e-03
-4.381294921040534973e-02
-1.367086358368396759e-02
-5.482024699449539185e-02
5.053040757775306702e-02
-1.805406063795089722e-01
3.592917695641517639e-02
-8.955007046461105347e-02
-1.630082875490188599e-01
1.545514315366744995e-01
3.653644118458032608e-03
7.549800723791122437e-02
8.533476293087005615e-02
5.718969739973545074e-03
-2.631307207047939301e-02
5.490009859204292297e-02
-3.096391446888446808e-02
5.867139995098114014e-02
1.639863103628158569e-01
-9.548719041049480438e-03
-5.289570242166519165e-02
-7.200295478105545044e-02
1.111399605870246887e-01
-2.201958149671554565e-01
-3.060014732182025909e-02
1.334806233644485474e-01
-6.863538920879364014e-02
6.184914335608482361e-02
1.073501780629158020e-01
-4.755904152989387512e-02
-2.992502599954605103e-02
3.084495291113853455e-02
-1.415497623383998871e-02
-8.269566297531127930e-02
6.337539106607437134e-02
4.920288454741239548e-03
-7.751911878585815430e-02
6.570084486156702042e-03
-2.246283181011676788e-02
1.299846768379211426e-01
-1.787741086445748806e-03
-5.618792772293090820e-02
-5.950423330068588257e-02
1.414419710636138916e-01
1.035789772868156433e-02
-7.003781199455261230e-02
4.120868816971778870e-02
2.857887558639049530e-02
-1.917866170406341553e-01
3.600330650806427002e-02
8.397787064313888550e-02
-9.768144786357879639e-02
-2.033414132893085480e-02
1.023996248841285706e-01
-1.094756200909614563e-01
-2.364427782595157623e-02
1.762616634368896484e-01
-2.062551081180572510e-01
-1.336221769452095032e-02
-3.998235333710908890e-03
-1.064515262842178345e-01
-3.620452433824539185e-02
-1.273469030857086182e-01
1.330472435802221298e-02
-4.362625535577535629e-03
3.770605847239494324e-02
-6.348381936550140381e-02
-1.874820142984390259e-02
1.660042256116867065e-02
1.523399632424116135e-02
5.599907785654067993e-02
