1.468213667976669967e-06
6.937120360817061737e-06
-8.072628588706720620e-06
-1.750843148329295218e-05
3.279166776337660849e-06
-2.044621396635193378e-07
2.985458013426978141e-05
-1.713107963041693438e-06
3.214476237189956009e-05
1.921012517414055765e-05
1.144803263741778210e-05
5.225522272667149082e-06
-1.034659635479329154e-05
2.140867763955611736e-05
-1.222309720105840825e-06
2.953486728074494749e-05
-5.047876584285404533e-06
-2.183296601288020611e-05
-1.404352587996982038e-05
-1.628752579563297331e-05
-1.248531589226331562e-05
3.289194410172058269e-06
-1.095561310648918152e-05
-2.412720095890108496e-05
-6.834476153017021716e-06
1.061647594724490773e-06
-5.550201422011014074e-06
7.040642231004312634e-06
1.353987136099021882e-05
1.260141834791284055e-05
1.624520155019126832e-05
2.930319897131994367e-05
-6.540780304931104183e-06
3.879794803651748225e-06
1.232852082466706634e-05
-1.905495810206048191e-05
-5.507942660187836736e-06
-1.219360092363785952e-05
-6.502413270936813205e-06
3.638984708231873810e-06
-2.439321406200178899e-06
-5.020941443945048377e-06
2.022903572651557624e-05
-5.048063940193969756e-06
1.240994515683269128e-05
5.534353022085269913e-06
-6.413263236026978120e-06
1.928395431605167687e-05
-7.355256457231007516e-07
4.645657554647186771e-06
-1.716938277240842581e-05
1.512958897365024313e-05
9.959385351976379752e-06
-3.427870615269057453e-05
2.961628524644766003e-07
-1.021339267026633024e-05
2.786962340906029567e-06
1.470923871238483116e-05
1.752273192323627882e-06
1.086548127204878256e-05
-1.161326144938357174e-05
-4.716542207461316139e-06
-2.190298255300149322e-05
-1.475352974011912011e-06
-8.935085133998654783e-07
2.218213739979546517e-05
2.356649019930046052e-05
4.388082288642181084e-06
1.406457158736884594e-06
-2.154758658434730023e-05
6.176425813464447856e-06
1.683787195361219347e-05
7.054988600430078804e-06
-9.666897312854416668e-06
5.274609975458588451e-07
9.591204616299364716e-06
1.378304659738205373e-06
1.216175587614998221e-05
-6.246522389119490981e-06
4.575305183607270010e-07
5.049458195571787655e-06
-1.991715862459386699e-06
-9.584964573150500655e-07
1.085837902792263776e-05
1.259879536519292742e-05
2.036887417489197105e-05
3.464563860688940622e-06
-8.713935130799654871e-06
1.274796159123070538e-05
-1.582870481797726825e-06
2.724096248130081221e-06
1.044194868882186711e-05
-1.705259478512743954e-06
-1.451698040000337642e-06
2.712309196795104071e-06
2.678200689842924476e-05
4.740897111332742497e-06
1.181166680908063427e-06
1.432189719707821496e-06
2.138320724043296650e-06
-3.298948286101222038e-06
1.609751234354916960e-05
9.912436098602483980e-07
1.075611180567648262e-06
-9.061835044121835381e-06
1.960728695848956704e-05
3.549431130522862077e-05
-2.065140961349243298e-06
-5.449697255244245753e-06
-9.469937140238471329e-06
1.578864248585887253e-05
-4.843503120355308056e-06
2.776258406811393797e-05
-6.120849320723209530e-07
2.168465289287269115e-05
1.392812237099860795e-06
-9.937192771758418530e-06
-1.537596654088702053e-05
-1.473078009439632297e-05
-6.244292194423906039e-07
-8.728462489671073854e-06
1.978730870177969337e-05
-9.718187357066199183e-06
-2.539328761486103758e-06
-2.280766466355999000e-06
-6.970219601498683915e-07
3.162927669109194539e-06
-4.233035269862739369e-06
-1.612438609299715608e-05
1.083390941403195029e-07
-1.439945390302455053e-05
-3.352834028191864491e-06
-1.917557028718874790e-06
1.756195160851348191e-05
3.736617827598820440e-06
1.965772753464989364e-07
-1.209422771353274584e-05
-4.064788299729116261e-06
-5.628945473290514201e-06
6.784636070733540691e-07
1.603078453626949340e-05
1.464139495510607958e-05
6.479737749032210559e-06
2.541441426728852093e-05
-3.083130877712392248e-06
-1.050454375217668712e-05
-1.584610436111688614e-05
-1.516949851065874100e-06
-6.653838227066444233e-06
-3.921727511624339968e-06
-7.992537121026543900e-07
-4.109439487365307286e-06
-5.484642315423116088e-06
5.762150976806879044e-06
1.040026927512371913e-05
5.100101589050609618e-06
-1.693055492069106549e-05
-1.112663449021056294e-05
-2.364414831390604377e-05
1.454804987588431686e-05
2.592091732367407531e-06
-1.945483018062077463e-05
-6.154577931738458574e-06
1.402055931976065040e-05
1.765158458510995843e-06
-9.514978955849073827e-06
1.137337858381215483e-05
-2.119764212693553418e-05
1.680193236097693443e-05
-8.146126674546394497e-06
7.246506811497965828e-06
1.644886287976987660e-05
-6.863944690849166363e-06
-1.698269625194370747e-05
1.397450614604167640e-05
1.522645925433607772e-05
-2.044792199740186334e-05
1.081450591300381348e-06
-2.282957211718894541e-06
1.640857044549193233e-05
3.468663862804532982e-06
7.630939762748312205e-06
2.052634954452514648e-05
1.392523336107842624e-05
1.562528268550522625e-05
-8.515726221958175302e-06
1.064502703229663894e-05
1.439355037291534245e-05
-2.058836616924963892e-05
5.502112799149472266e-06
1.165912453870987520e-05
-2.221063732577022165e-05
-8.756525858188979328e-06
8.392056770389899611e-06
-4.723485290014650673e-06
1.264748243556823581e-05
-1.568449874866928440e-06
1.579986201249994338e-05
-1.073506700777215883e-05
-4.848347998631652445e-06
-6.030454187566647306e-06
2.540208515711128712e-05
3.382051545486319810e-06
1.107050411519594491e-05
-2.651895010785665363e-05
-1.462461750634247437e-05
5.549331945076119155e-06
2.723805209825513884e-06
-4.210122369840973988e-06
-9.395769666298292577e-06
-3.111951400569523685e-06
-2.301034146512392908e-05
8.196195153686858248e-07
-1.013543624139856547e-06
-1.240763958776369691e-05
-1.285861435462720692e-05
-4.053727025166153908e-07
-1.194023934658616781e-05
-9.391011190018616617e-06
8.755702765483874828e-06
-6.965694410610012710e-06
-1.078500918083591387e-05
-2.827698699547909200e-05
8.166822453858912922e-07
2.744593984971288592e-05
-3.842076239379821345e-06
1.164775403594831005e-05
1.379536661261226982e-05
-1.234164756169775501e-06
-4.743632416648324579e-06
1.156563212134642527e-05
-1.261302350030746311e-05
-1.683582922851201147e-05
1.961966154340188950e-05
6.947602742002345622e-06
1.387011707265628502e-06
-1.116192834160756320e-05
-2.247563998025725596e-06
-8.092723874142393470e-06
-5.913218956266064197e-06
-8.283490387839265168e-06
-2.663529130586539395e-06
1.579616036906372756e-05
-2.697966738196555525e-05
7.252496288856491446e-06
-6.809862497902940959e-06
-1.807195803849026561e-05
-2.647190740390215069e-05
-1.715278631309047341e-05
1.058370253304019570e-05
-5.492947821039706469e-07
-3.278395070083206519e-06
-7.274653398781083524e-06
4.865976734436117113e-06
1.659751615079585463e-05
3.841310899588279426e-06
3.000411015818826854e-05
-4.676046501117525622e-06
-8.336377504747360945e-06
1.448666807846166193e-06
-1.187019643111852929e-05
-1.161717773356940597e-05
3.720176664501195773e-06
3.843489594146376476e-06
5.377127308747731149e-06
-1.787799010344315320e-05
-1.132156648964155465e-05
5.037514256400754675e-06
1.371753387502394617e-05
-4.667945177061483264e-07
-1.093080754799302667e-05
8.052593329921364784e-07
7.275154530361760408e-06
1.650918420637026429e-06
3.410496901778969914e-06
-2.503443283785600215e-06
3.384870410627627280e-07
2.068097046503680758e-06
-1.848831925599370152e-05
-2.129871063516475260e-05
-1.400783730787225068e-05
1.090129330805211794e-06
-1.310085826844442636e-05
9.370299267175141722e-06
3.217395260435296223e-06
-3.725821443367749453e-05
1.439735115127405152e-05
-2.103539918607566506e-05
-3.600375748646911234e-06
2.291091368533670902e-05
-5.763699846283998340e-06
-3.851608198601752520e-05
-2.346424480492714792e-06
-2.891678605010383762e-06
6.559677785844542086e-06
-1.453822733310516924e-05
-7.942726369947195053e-06
1.972312929865438491e-05
9.650184438214637339e-06
8.995010034595907200e-07
-1.583847188157960773e-05
5.911872904107440263e-06
-2.121930265275295824e-05
1.270916300200042315e-06
-1.386949406878557056e-06
-1.324588265561033040e-05
1.203455212817061692e-05
-8.913249075703788549e-06
1.145531132351607084e-05
-3.030639891221653670e-05
-5.386422344599850476e-06
-3.305956852273084223e-06
1.570250606164336205e-05
-7.745754373900126666e-06
7.742073648842051625e-09
-4.959180841979105026e-06
1.305090336245484650e-05
4.769018232764210552e-06
3.666724296635948122e-06
-3.219876361981732771e-06
-2.866596105377539061e-06
-1.030413727676204871e-06
-8.162099220498930663e-06
-5.633568889606976882e-06
7.923250450403429568e-06
-4.752076620206935331e-06
-2.214192682004068047e-05
-7.267818091349909082e-06
-8.547824108973145485e-06
1.026873906084802002e-05
1.811209040170069784e-05
6.144514827610692009e-06
-7.959325785122928210e-07
-7.931549816930782981e-07
-2.550807221268769354e-05
1.151118067355128005e-05
-1.263944614038337022e-05
-5.830310101373470388e-07
-3.652238774520810694e-06
-2.040239905909402296e-07
6.458156349253840744e-06
1.688352313067298383e-05
-1.180382059828843921e-05
-1.231326677952893078e-05
-5.195014637138228863e-06
7.280521458596922457e-06
4.018369054392678663e-06
1.543703092465875670e-06
6.109382866270607337e-08
1.226163362844090443e-06
-1.727196104184258729e-05
3.935579115932341665e-06
-1.232194063049973920e-05
1.393682396155782044e-06
4.954640644427854568e-06
1.310293464484857395e-05
1.308626542595447972e-05
2.828350261552259326e-06
9.152486200036946684e-06
2.356202685405150987e-06
-1.895543573482427746e-05
-7.681647730350960046e-06
-5.211461029830388725e-06
4.428340616868808866e-06
-1.930621874635107815e-05
2.662864062585867941e-06
1.131735461967764422e-05
1.032770342135336250e-06
-1.354577761958353221e-06
-2.553356534917838871e-05
1.058588986779795960e-05
-1.101077941711992025e-06
-5.342135864339070395e-06
5.510167738975724205e-06
3.150385055050719529e-07
-4.159943500781082548e-10
1.819598401198163629e-05
2.571826371422503144e-06
-5.792846422991715372e-06
-9.256409612135030329e-06
6.897630555613432080e-08
-4.646766228688647971e-06
-8.625571354059502482e-06
-1.283792244066717103e-05
1.106615491153206676e-05
3.020542408194160089e-06
-4.065802841068943962e-06
-7.030655979178845882e-06
1.967924163182033226e-06
1.102506757888477296e-05
5.114978876008535735e-07
4.826560143555980176e-06
1.164399691333528608e-06
-6.048877821740461513e-06
1.193777461594436318e-05
4.570229521050350741e-06
-1.599830625309550669e-06
4.468386123335221782e-06
-1.903157863125670701e-05
2.320173007319681346e-05
2.814608706103172153e-07
3.044992263312451541e-05
-4.350147719378583133e-06
-3.192686563124880195e-06
-4.596885901264613494e-06
-5.547691671381471679e-06
6.573686732735950500e-06
-4.079338395968079567e-06
-1.266416347789345309e-06
1.241105564986355603e-05
-1.234483079315396026e-06
9.949641025741584599e-06
2.103615088344668038e-06
1.344212478215922602e-06
-2.054243168458924629e-06
-1.328948837908683345e-05
1.451841126254294068e-05
2.022025182668585330e-05
2.507943645468913019e-05
-2.290880729560740292e-06
3.410641966183902696e-06
8.688469279150012881e-06
1.178105230792425573e-05
-3.708059921336825937e-06
1.141231950896326452e-05
-1.191786668641725555e-05
1.499865902587771416e-05
1.554778646095655859e-05
3.407997428439557552e-05
2.890860560000874102e-05
2.023459444444597466e-08
6.499984010588377714e-06
-8.467377483611926436e-06
7.434120561811141670e-06
-8.147796506818849593e-06
-1.009359948511701077e-05
2.243051130790263414e-05
-5.899942152609582990e-06
2.390627287240931764e-06
1.052353945851791650e-05
2.779644773909240030e-06
-3.343800563015975058e-05
4.157599505560938269e-06
-5.717893145629204810e-06
-2.818804568960331380e-05
-5.558509656111709774e-06
2.216135544585995376e-05
-1.443228711650590412e-06
-1.556917959533166140e-05
1.815865857679455075e-06
