[0.99994092 0.99992729 0.99987768 0.99968736 0.99801518 0.98047997
 0.99866272 0.99929794 0.9993253  0.99898641 0.99726881 0.9557953
 0.98949276 0.99777791 0.99878808 0.99900279 0.99890315 0.99840679
 0.99668773 0.9861392  0.66064708 0.98659982 0.99529029 0.99698463
 0.99734515 0.99702926 0.99582453 0.99240204 0.98168521 0.96627371
 0.98126362 0.99038717 0.99348181 0.99440541 0.99412351 0.99243993
 0.98752696 0.96938587 0.80994952 0.81493098 0.96772378 0.98612587
 0.99129106 0.99314899 0.99361519 0.99307555 0.99119294 0.98632646
 0.97101395 0.87761233 0.29201749 0.94034699 0.98069229 0.98999621
 0.99343276 0.99498082 0.99570372 0.99596027 0.99586449 0.99539867
 0.994407   0.99246809 0.98842951 0.97842655 0.94306184 0.65391627
 0.6407997  0.93548387 0.9733944  0.98451299 0.98909623 0.99128165
 0.99232071 0.99266347 0.99245124 0.9916427  0.98999484 0.98688258
 0.9806804  0.96634042]
