[0.99491467 0.99734702 0.99794666 0.99780458 0.9966503  0.99103401
 0.91002347 0.98525286 0.99629185 0.99812441 0.99866495 0.99880217
 0.99869714 0.99828902 0.99720875 0.99382704 0.97574617 0.69455904
 0.95829572 0.984668   0.98931506 0.98920177 0.98470347 0.96534159
 0.74928853 0.84144116 0.97521897 0.98991346 0.99403851 0.99563204
 0.99627789 0.99642275 0.9961811  0.99549882 0.99413633 0.99148595
 0.98596279 0.97277374 0.93360247 0.77555456 0.33221622 0.59293124
 0.76758974 0.80910551 0.78925768 0.6939183  0.41854872 0.00250459
 0.39338859 0.72795284 0.84921114 0.89770866 0.91884855 0.9268156
 0.9260306  0.91651358 0.89416938 0.84691558 0.74100117 0.48757515
 0.08722114 0.23887253 0.57887784 0.74140424 0.8116395  0.84036137
 0.84484334 0.82707276 0.77539105 0.64934587 0.35192185 0.13892587
 0.5680947  0.81782243 0.90878593 0.94670442 0.96508838 0.97506599
 0.98093294 0.98457505]
