3.004927933216094971e-02
-5.626564100384712219e-02
-2.329993061721324921e-02
-1.281218486838042736e-03
-5.111651495099067688e-02
5.601850897073745728e-02
-2.195018716156482697e-02
-1.152651477605104446e-02
-7.974984496831893921e-02
4.586915299296379089e-02
-9.057788550853729248e-02
-1.117871031165122986e-01
-4.493556916713714600e-02
-5.263569205999374390e-02
3.945787996053695679e-02
-4.766335338354110718e-02
4.370257724076509476e-03
-2.102262340486049652e-02
9.279689937829971313e-02
5.364805832505226135e-02
-2.158529683947563171e-02
-3.279476985335350037e-02
-2.379555627703666687e-02
-1.948926001787185669e-01
6.075754016637802124e-02
7.508594542741775513e-02
1.307458281517028809e-01
1.050023064017295837e-01
4.752612486481666565e-02
-9.448978118598461151e-03
7.099075615406036377e-02
-1.455897185951471329e-02
9.623920917510986328e-02
4.621869884431362152e-03
-2.986019290983676910e-02
9.339798241853713989e-02
4.719978198409080505e-02
1.343670338392257690e-01
-5.087400972843170166e-02
-1.956628635525703430e-02
7.097535580396652222e-02
1.942113637924194336e-01
-6.217121705412864685e-02
-3.728433325886726379e-02
7.752723991870880127e-02
-1.123876571655273438e-01
6.526239961385726929e-02
-7.768139243125915527e-02
2.640117891132831573e-02
-1.478791832923889160e-01
2.063101530075073242e-02
-4.143363982439041138e-02
-4.855677485466003418e-02
3.504387661814689636e-02
2.582781016826629639e-01
-1.150313913822174072e-01
5.797309800982475281e-02
-6.117489188909530640e-03
-3.407846018671989441e-02
-9.709820896387100220e-02
1.836186647415161133e-02
-4.324862733483314514e-02
4.654791951179504395e-02
4.201002046465873718e-02
-1.632506847381591797e-01
-2.828801982104778290e-02
9.980566799640655518e-02
-2.362854629755020142e-01
-1.431498229503631592e-01
-5.443491414189338684e-02
-8.687409013509750366e-02
9.963591396808624268e-02
1.203797012567520142e-01
5.702656880021095276e-02
-9.663280844688415527e-02
-8.834722451865673065e-03
-2.924057282507419586e-02
-9.503325819969177246e-02
8.169608563184738159e-02
3.469567000865936279e-02
-3.169865906238555908e-02
1.269506365060806274e-01
1.157994493842124939e-01
-1.443412601947784424e-01
2.523509860038757324e-01
8.746060729026794434e-02
3.606131300330162048e-02
-4.429418593645095825e-02
-2.001034095883369446e-02
2.199845574796199799e-02
-1.055012363940477371e-02
-9.425269812345504761e-02
1.334961205720901489e-01
1.399938575923442841e-02
-3.708089515566825867e-02
-8.191242814064025879e-02
2.888862602412700653e-02
7.202715426683425903e-02
-3.259244561195373535e-02
1.285942792892456055e-01
5.034074932336807251e-02
1.029295995831489563e-01
1.336689386516809464e-02
-1.981577277183532715e-01
5.790597572922706604e-02
-4.252922534942626953e-02
1.193722933530807495e-01
1.338291317224502563e-01
-5.060790479183197021e-02
3.059813939034938812e-02
2.749136462807655334e-02
-3.808633983135223389e-02
-2.463221736252307892e-02
-1.137998178601264954e-01
-2.002060413360595703e-02
1.024134308099746704e-01
-3.171803429722785950e-02
7.764032483100891113e-02
1.567514091730117798e-01
-1.414201408624649048e-02
