9.979057580267181038e-10
5.517216017381088022e-09
5.687891935224342888e-09
9.597185268717112194e-09
-1.299548690880669710e-09
1.738064980827402906e-08
1.972973429076319007e-08
-1.998822796167587512e-08
2.413096034104000864e-08
-3.786674529493438968e-09
7.444409533263751655e-09
8.366188630759552325e-09
2.153272937732708670e-08
-1.307228214564304380e-09
-5.967405236617651099e-09
1.637400259824062232e-08
7.025757753353900625e-09
2.486341577068174047e-09
-3.013346372426894959e-08
-3.125991554497886682e-08
-1.372224822659973142e-08
4.074037107670847035e-09
-2.584190639254302368e-08
-2.250561692562769167e-08
5.214488396632077638e-09
1.855641684755937604e-08
-4.591484881188989675e-08
-1.671242877421263984e-08
-1.085817746826478469e-08
-3.325989794689121481e-08
-9.948974977191937796e-09
-3.737459230990225478e-09
-3.640091961187863490e-08
-4.301857714494872198e-08
-4.414400400776230526e-09
6.806979868656526378e-09
1.313136355207689121e-08
-9.316170057616091071e-10
1.154014439563866290e-09
2.017275413379593374e-08
-2.072988536383491009e-08
2.711697710822136287e-08
-9.750902307814612868e-09
1.979056918344213045e-08
-7.485578379373691860e-09
-3.862240305352315772e-08
3.876773746469552862e-08
-2.410516231066139881e-08
-1.681462080682649685e-08
-1.168568575238282392e-09
-6.703524402240645941e-09
-2.069152849060174049e-08
5.257947410797214616e-09
1.685460659928139648e-08
-4.068477998941943952e-09
1.000260496653027076e-08
7.175653404800641511e-09
1.423184325943793738e-08
6.547820952107485937e-09
-2.093688333815180158e-09
-1.935005222719610174e-08
-3.605370224590842554e-08
1.452659681433488004e-08
-4.031307732077493711e-09
1.965926976765786094e-08
1.321218912053723216e-09
-2.327768200416358013e-08
3.688193572770614992e-08
1.657538462040974991e-08
-9.989675753274696035e-10
-2.138318855315901601e-08
1.648039393842282152e-08
9.714296034246672207e-11
-2.045669944550354558e-08
-2.965629697371241491e-08
6.041934064171528007e-09
2.170539303847363044e-08
6.968851717914503752e-09
9.354790719839911617e-09
-2.935903964385033760e-09
3.509811108415306080e-08
3.441141371851585973e-09
-2.592307524196257873e-08
1.669722493602421309e-08
-1.962575169045521761e-08
8.655185013139998773e-09
1.860547271803625335e-08
-9.426703861947771657e-09
-1.072395328094444267e-08
7.158550641150895899e-09
-1.288004902733064228e-08
2.274567556526108092e-08
-1.033877516931624996e-08
-1.124875570468475416e-08
-1.059862153596213830e-08
1.466484711443172273e-08
3.551143379354471108e-08
-2.242763308402118128e-09
-1.012444350578789454e-08
2.164581935915066424e-08
-6.573949384858224221e-09
9.922689336860912590e-10
1.158084206309695219e-08
2.016286915207388120e-09
-9.072649298502710735e-09
1.215671785459448984e-09
8.838883402972896874e-09
-9.911422793607016501e-09
2.563456646953454765e-08
-1.208116362505506913e-08
-7.198217577553123192e-09
6.122586881929237279e-10
6.319918810504532303e-09
2.013005584444726992e-08
1.062646148852763872e-08
1.910472668953389075e-08
-1.093660983997324365e-08
2.452411962394762668e-08
2.975332336063729599e-08
-2.086073713769565074e-08
-2.106071050889113394e-08
5.893605603546347993e-10
1.075228439617603726e-08
3.910850310262503626e-08
-1.780699498965532257e-08
-1.162818730193748706e-08
-1.593592990900560835e-08
-2.500896556512088864e-08
-1.185918652168993503e-08
1.792410486700646288e-08
1.826659890014070697e-08
-3.070218301814975348e-09
-4.068378967048147388e-09
9.348751106585950765e-09
-1.285710737874978804e-08
-2.437766788432327303e-08
1.581349273749310669e-08
6.571791111298352916e-09
4.361833116917068764e-09
1.159741547240855652e-08
3.956833971585638210e-09
8.332023071488947608e-09
-3.268546766577173912e-09
7.240505972561095405e-09
-7.312843663953572104e-10
6.147898634623061298e-09
9.401554201815542910e-09
1.640640157063444349e-08
-1.064558041719010362e-08
-1.970125396155708586e-08
3.609861520814661162e-09
8.192695410969008663e-09
9.905312126079479640e-09
-2.332060944354452658e-08
1.951406858324844507e-08
2.814996946653991472e-08
3.310122309585494804e-08
-2.832780765515963139e-08
-1.897701906727888854e-08
5.716002782207851851e-09
-1.210862077272167880e-09
1.359081736040934629e-08
-2.155101697098871227e-08
1.227792645330794130e-09
-1.079117151192576785e-08
-2.982827496111895016e-08
2.130749088280481374e-08
-5.286659998660070414e-10
-1.192216014800351331e-08
-1.782768421776381729e-08
-3.724504704649689302e-09
1.635014612588747696e-08
-2.718562264192314615e-08
1.018409534481179435e-08
-1.092894663656807097e-09
-1.128004711858920928e-08
-1.078743583349250912e-08
7.513741628883963131e-09
-1.766385793189328979e-08
-3.799824899175519022e-09
5.736128905198256689e-09
-1.359180767934731193e-08
-1.542831817857859278e-08
1.707561025909853925e-08
7.567894755311499466e-09
4.880268633655759913e-08
2.143097432849572215e-08
9.805887657421408221e-09
-4.575105805315615726e-08
-8.829181830094512407e-09
4.652061491583481256e-08
-1.683583494838103434e-09
2.350011563123644009e-08
-1.108070435407171317e-08
-7.158797110662362684e-09
5.754706156047006971e-10
-3.713777729785761039e-09
-1.219549616848780715e-08
-3.858805541767651448e-08
5.539225966799676826e-09
-9.372458364964586508e-09
-1.622691314651092398e-08
-1.911707414592456189e-08
2.525513487228181475e-08
1.433225627067713503e-08
1.885829092884705460e-08
-2.179078606445727928e-08
-7.820450065310069476e-09
4.262985697778276517e-08
4.515348095424087660e-10
-3.227843770048366423e-09
-1.384553893757356491e-08
8.463240774858604709e-09
1.628729329183897789e-08
-3.936126091730329790e-09
7.094553833297823076e-10
3.453972041711494967e-08
-5.837710759237779712e-09
1.049679188014351894e-08
1.442942831886284694e-08
-1.896158963177185797e-08
1.140731065163436142e-08
3.121481739754017326e-08
4.148459353814359929e-09
-1.321683207322621456e-09
3.260724312781348999e-08
-4.849877832668880728e-09
2.944728016984754504e-08
-1.924202486236481491e-08
1.247537628756845152e-08
5.335446751075778593e-09
1.858680320765415672e-08
2.377502639205886226e-09
3.498496070619694365e-08
-2.662778442186208849e-08
3.258691316787576397e-09
-1.366067925445690889e-09
-1.656761661195105262e-08
4.288494892534799874e-09
-2.295901957438672980e-08
-1.884551359410124860e-08
7.693483183857097174e-09
-1.102138824649046001e-08
-3.956628802370687481e-08
1.663487303460442490e-08
-2.510732244331848051e-08
1.088047074659925784e-08
4.339382631002308699e-09
-8.430896869526804949e-09
-9.975298809195010108e-09
1.696053991695478658e-10
3.330544018353975844e-08
-2.526483378062494012e-08
-8.576788168568327819e-09
1.643446623234012804e-08
-6.304624378117296146e-09
4.121564867176630287e-09
4.603611714060207305e-09
-3.343979315673095698e-08
-3.560654349143987929e-08
2.183620040341338608e-08
9.771074616082842113e-09
1.445621844453626181e-08
1.243888014812455367e-08
-4.977418033291769461e-09
1.517327419264802302e-08
-5.837974548228430649e-10
1.193846799196762731e-09
7.363141207861190196e-10
2.586209912891490603e-09
-3.293180128594030975e-08
7.969802595653163735e-09
-9.630921837811001751e-09
4.223676963732714285e-09
4.206974324461043580e-09
-6.900019222655373596e-09
4.792224927996358019e-08
-1.578093211662690010e-08
-2.998150616662087486e-10
1.459640497358805078e-08
7.032083360059004917e-09
1.092993695550603661e-09
-3.696321826396342658e-08
-6.247599104725054531e-10
8.722851774223272514e-09
1.199418520059225557e-08
-1.464761290037586150e-08
-9.004476275720207923e-09
-1.700481355726424226e-08
8.256142436380287108e-09
1.362827983797387787e-08
2.516767061422342522e-08
-1.236050728437021462e-08
-2.126416820402710073e-09
2.328190973344135273e-08
8.511605642524955329e-09
-2.573755608636929537e-08
-1.662498760879316251e-08
-2.326303949473640387e-08
1.089193735204219138e-10
2.459876924376658280e-08
-2.189127989993266965e-09
2.981346947095175892e-09
1.025695972600715322e-08
-1.003286165257577522e-08
9.833437175643666706e-09
-2.471880922172431383e-09
-3.943614323986821546e-09
2.980188984480491854e-09
2.691618128380923736e-08
-2.272549259885181527e-09
-1.269430782713243389e-08
-1.108686475959075324e-08
4.203719594642052471e-09
-2.024418677137873601e-08
-1.699722496084632439e-08
2.319834990771596495e-08
-4.885253979125536716e-09
-2.924596920195199345e-08
2.036251878223538370e-08
-9.388392285814006755e-09
5.860793184098156416e-09
1.041452080130511604e-08
1.949020678182478150e-08
-1.505373070642690436e-08
-5.443119732717605075e-09
3.002488568881744868e-08
1.113584868761563484e-08
-5.979594597249615617e-10
3.820547433974752494e-08
3.522338332118124526e-08
-2.348640570914994896e-08
-1.299905072471574385e-08
-1.322038256645896581e-09
1.545963712601405859e-08
-1.894227352750021964e-08
-2.934384291108926845e-08
-2.870617343830872414e-08
-1.388728687601314959e-08
1.489634726681288157e-08
-1.212535405414882916e-08
9.664584688096056198e-09
-3.217946797917647928e-09
-8.655860028738970868e-09
3.397306969077362737e-08
-6.442928857097740547e-09
3.216078958701018564e-09
-1.473151289843599443e-08
1.026415930027724244e-08
-7.454367789705429459e-09
-1.693842399674849730e-08
1.405798233378163786e-08
-1.385271630738316162e-08
-6.569072752427018713e-08
-1.922553671818150178e-08
-2.887685646157933661e-10
2.269328902571032813e-08
-1.849159936284650030e-08
3.497877099079005347e-09
-4.751843363237640006e-09
-4.177146628592254274e-09
1.084602740952789190e-09
1.351035816554713165e-08
-2.839206203475441725e-08
4.405458664535899516e-09
1.511764935457904357e-09
-1.467358323736789316e-08
-1.825371498398453696e-08
-4.821824273193442423e-09
2.418783395796708646e-09
1.352515077712723723e-08
5.802327507353766123e-09
2.675471222346459399e-08
3.011087912341281481e-08
-1.640770541655456327e-08
-1.307328556521270002e-08
-1.873619304149087839e-08
-2.036110391401280140e-09
2.076654048721593426e-08
-3.846683416242058229e-09
-4.975301948206833913e-09
3.632679224097046244e-08
1.669011595595293329e-08
1.450642272970981139e-09
2.240319929569523083e-09
-5.148607762350820849e-09
-1.472282562531290750e-08
1.509887681550026173e-08
-4.617224647063267184e-08
2.185291947398582124e-08
1.854459252825790827e-09
1.277188488302272162e-08
1.458935194875721209e-09
-2.730830495067948505e-08
-2.779755314818999068e-10
-7.655659217675747641e-09
3.465019160486804140e-09
-7.992596806616347749e-09
-5.259958690828625549e-09
-2.490540573774069344e-08
8.362571080056113715e-09
-2.528025788706145249e-09
-3.147916771695236093e-08
1.152081985367203742e-08
3.859037889242245001e-08
-3.660709069208678557e-09
2.293897338745409797e-08
-2.945124322195624700e-08
2.356888373356014199e-08
1.235463464865915739e-08
-1.462095688964382134e-08
1.300341501142554534e-09
1.907508462295481877e-08
1.636368907043106447e-08
-1.979702979326702916e-08
7.689007652800228243e-09
-3.381626711984608846e-08
-1.558643347721044847e-08
-1.316510567228590389e-09
-1.461893806009584296e-08
-1.099945734495122451e-08
2.080949812466315052e-08
3.599759157424387013e-09
3.254871261404446159e-09
2.543281318878598540e-08
1.479906241996786775e-08
2.191900527748202876e-08
2.343793248371639493e-08
1.413435946062691073e-08
2.039739754877700761e-08
-6.258462637021011687e-09
2.595315962139466137e-08
8.868145329188337200e-09
-6.618302794691999225e-09
2.942726951005170122e-09
2.995967918195674429e-08
-5.064748620497994125e-11
-2.419775491091513686e-09
1.137404614937054248e-09
-9.121650990095986344e-09
-4.807387377070426737e-09
1.043660269317570055e-08
-1.833688756391893548e-08
-1.783118763754032443e-09
5.238487865710794722e-09
-3.291837913366180146e-08
9.417719049054085190e-09
1.138427130342734017e-09
-1.355756396037577360e-08
1.393898418911021508e-08
