7.932484732009470463e-05
-6.018508884153561667e-06
4.927412646793527529e-06
-2.341047365916892886e-05
-1.352799699816387147e-05
3.862308949464932084e-05
-2.577832492534071207e-05
-5.063372009317390621e-05
-4.223188807372935116e-05
8.431851711065974087e-06
1.425113509867514949e-06
-5.132463411428034306e-05
4.362036634120158851e-07
1.681629328231792897e-05
-4.452657594811171293e-05
-8.722521670279093087e-06
1.021491152641829103e-05
2.101919926644768566e-05
3.054675471503287554e-05
-7.871242996770888567e-05
3.597446266212500632e-06
3.542050399119034410e-05
7.221578016469720751e-06
-2.070607115456368774e-05
-8.237324436777271330e-06
-2.783923082461114973e-05
1.955577317858114839e-05
2.528131290091550909e-06
1.722590059216599911e-05
-2.803318420774303377e-05
6.749881140422075987e-05
1.826477273425552994e-05
-2.839024091372266412e-05
-1.056320161296753213e-05
2.803106326609849930e-05
1.971777601283974946e-05
3.743265551747754216e-06
-5.232033345237141475e-06
-3.775969162234105170e-05
2.218046574853360653e-05
-5.809384674648754299e-05
3.363553696544840932e-05
-8.824135875329375267e-06
3.208809357602149248e-05
5.410493031376972795e-07
2.123236845363862813e-05
-2.504162694094702601e-06
4.070172508363611996e-05
6.477583519881591201e-05
6.317373845377005637e-06
2.752891487034503371e-05
1.642628922127187252e-05
-2.713621870498172939e-05
-2.204783595516346395e-05
1.948712451849132776e-05
-2.725414015003480017e-05
1.836610681493766606e-05
-7.505243502237135544e-07
2.139288426405983046e-06
-2.377008422627113760e-05
-1.805892679840326309e-08
-4.768693906953558326e-05
3.347615711390972137e-05
-3.173924778820946813e-05
-6.997239324846304953e-06
-4.085771797690540552e-05
-1.333943419012939557e-05
1.167680511571234092e-05
2.071167546091601253e-05
-2.102229336742311716e-05
1.684422568359877914e-05
-4.863056165049783885e-05
1.103720478567993268e-06
-2.618456346681341529e-05
-2.313641016371548176e-05
-7.912265573395416141e-06
1.160561532742576674e-05
-1.867268656496889889e-05
-2.290039810759481043e-05
-1.652922037465032190e-05
-5.063611752120777965e-07
1.717720010674383957e-07
1.355237145617138594e-06
-3.274389018770307302e-05
2.923911779362242669e-06
-2.303178735019173473e-05
-2.291410964971873909e-05
-2.014521669480018318e-06
1.010535015666391701e-05
1.912828520289622247e-05
3.774974175030365586e-05
6.503227268694899976e-06
-3.931750688934698701e-05
-2.117805706802755594e-05
1.488836824137251824e-05
4.323245775594841689e-06
3.802328865276649594e-05
-1.156101461674552411e-05
-3.716600622283294797e-05
1.791975046216975898e-05
-1.655304004088975489e-06
-2.655300522746983916e-05
7.472233846783638000e-06
4.621335756382904947e-05
-7.402220217045396566e-05
6.227756239240989089e-05
3.519242090987972915e-05
-6.031036173226311803e-05
-4.297678242437541485e-05
-1.892472573672421277e-05
-5.186903763387817889e-06
-6.479270268755499274e-06
-6.164429578348062932e-06
2.069179208774585277e-05
-2.090876660076901317e-05
7.372506388492183760e-06
-6.376026249199640006e-06
-3.619822746259160340e-05
-1.959988367161713541e-05
1.173899181594606489e-05
-4.162818731856532395e-05
2.354302341700531542e-05
3.004421159857884049e-06
1.465931927668862045e-05
4.705963146989233792e-05
-8.385654837184119970e-09
-1.079072899301536381e-05
-7.393419764412101358e-06
-6.219445640454068780e-05
-2.890872110583586618e-06
-2.955883246613666415e-05
-8.970613635028712451e-06
6.397040124284103513e-05
-2.459426832501776516e-05
7.013868889771401882e-05
-1.968410106201190501e-05
2.345335451536811888e-05
-3.335261908432585187e-06
-4.797210203832946718e-05
5.928765676799230278e-05
1.064544721884885803e-05
1.935299769684206694e-05
-2.184225741075351834e-05
-2.220447640866041183e-05
-1.819010503822937608e-05
-1.206505999107321259e-06
1.251242338184965774e-06
1.345759483228903264e-05
4.866500148636987433e-06
-2.469228093104902655e-05
-2.498995672794990242e-05
-6.306864634098019451e-06
-2.260779183416161686e-05
1.429408075637184083e-05
1.214902840729337186e-05
-2.011035394389182329e-05
7.845254003768786788e-06
-4.351836105342954397e-05
5.878770480194361880e-06
-1.782862455002032220e-05
-4.457001523405779153e-06
-4.858264583162963390e-05
7.884000297053717077e-06
6.222604497452266514e-06
1.091172543965512887e-05
-2.591677912278100848e-06
2.496417437214404345e-05
-1.830744986364152282e-05
1.015227780953864567e-06
-7.803410881024319679e-06
-1.050535684044007212e-05
1.991285535041242838e-05
-5.187343776924535632e-05
-1.946408701769541949e-05
-2.164865509257651865e-05
-1.171822259493637830e-05
8.011839781829621643e-06
-2.175944018745212816e-06
4.184334829915314913e-05
5.057859198132064193e-07
-3.876960545312613249e-05
-6.352525815600529313e-06
2.480237890267744660e-05
-1.676437705100397579e-06
2.467725244059693068e-05
-2.581879198260139674e-05
2.071812559734098613e-05
1.733552198857069016e-05
-7.661354175070300698e-06
-5.500693077920004725e-06
7.139370427466928959e-05
-2.896952537412289530e-06
7.741407898720353842e-05
-3.206712335668271407e-06
1.658010296523571014e-05
1.341779625363415107e-05
-2.420051896478980780e-05
9.675281035015359521e-06
5.116929969517514110e-05
9.464029062655754387e-06
-2.612337084428872913e-05
-2.743040204222779721e-05
-2.105234671034850180e-05
-3.428144191275350749e-05
-1.551524655951652676e-05
-3.133614882244728506e-06
-4.119958975934423506e-05
-3.063517578993923962e-05
1.162395165010821074e-05
8.860177331371232867e-06
-2.672745722520630807e-06
-7.427637319779023528e-05
3.337867383379489183e-05
1.135671118390746415e-05
3.571315392036922276e-05
-3.186171306879259646e-05
-1.221749334945343435e-05
4.227542831358732656e-06
-5.088780199002940208e-06
5.627166319754905999e-05
3.510514261506614275e-06
-1.174588396679610014e-05
-2.152489105355925858e-05
-5.455941209220327437e-05
-2.074638177873566747e-05
-3.382717113709077239e-05
6.023585956427268684e-05
4.913525481242686510e-05
-1.172933298221323639e-05
-8.882194379111751914e-06
-2.232338010799139738e-05
6.128609675215557218e-05
1.491727016400545835e-05
1.747499482007697225e-06
-6.158910764497704804e-06
1.483580581407295540e-05
-2.130826942448038608e-05
3.205176835763268173e-05
-1.308434366364963353e-05
8.910227734304498881e-06
8.492229426337871701e-06
2.104391114698955789e-06
-8.029443051782436669e-06
-7.830940376152284443e-07
-3.469327566563151777e-05
1.880426862044259906e-05
-3.251082489441614598e-06
-4.381038888823240995e-05
4.687734326580539346e-05
2.298172512382734567e-05
-4.533564060693606734e-05
-7.527202797064092010e-06
-4.045715832035057247e-05
-1.728127972455695271e-05
1.317239275522297248e-05
5.501310624822508544e-06
-3.122598627669503912e-06
4.734493995783850551e-05
1.026974132400937378e-05
3.483322871034033597e-05
-2.351710281800478697e-05
-3.353353122292901389e-06
2.196449895564001054e-05
-5.199980296310968697e-05
1.565858110552653670e-05
-7.693632505834102631e-05
2.772767402348108590e-05
2.555710125307086855e-05
-2.015201289395918138e-06
2.887386472139041871e-06
6.861481324449414387e-06
-2.585911352070979774e-05
3.101691982010379434e-05
2.054089600278530270e-05
-1.803387931431643665e-05
4.631817137124016881e-05
-2.223541923740413040e-05
-4.218276080791838467e-05
5.990910722175613046e-05
1.882536162156611681e-05
-1.653714548410789575e-06
-9.847432011156342924e-06
4.101848753634840250e-05
-7.493309385608881712e-05
7.701826689299196005e-05
6.861834845039993525e-05
1.549246917420532554e-05
4.163187259109690785e-05
1.252898073289543390e-05
-2.415170638414565474e-05
1.619450813450384885e-05
-1.739203617034945637e-05
-2.054264314210740849e-06
3.762778987947967835e-06
3.143912181258201599e-05
3.005011967616155744e-05
1.189934937428915873e-05
3.968030796386301517e-06
-1.214200437971157953e-06
-8.709610119694843888e-05
1.252646507055032998e-05
-3.678156190289882943e-06
2.431419852655380964e-05
-1.413504469383042306e-05
8.013244041649159044e-06
1.266079561901278794e-05
4.330607407609932125e-05
3.022627424797974527e-05
-5.875338683836162090e-05
-3.467926580924540758e-05
-5.444573253043927252e-05
5.854005394212435931e-06
-2.400405719527043402e-05
2.225962452939711511e-05
2.627196226967498660e-05
2.808114004437811673e-05
-1.886718678179022390e-06
-2.652684452186804265e-05
1.021333719108952209e-05
-4.458365583559498191e-05
-2.995276008732616901e-05
3.794446092797443271e-05
-3.537848897394724190e-05
5.492768832482397556e-05
-3.568469037418253720e-05
-1.078862351278075948e-05
-6.080398179619805887e-06
-1.277758929063566029e-05
9.545881766825914383e-06
-1.704741953290067613e-05
-5.597434210358187556e-05
4.317499406170099974e-05
2.792372015392174944e-06
2.575089092715643346e-05
-8.519124094163998961e-06
3.659436333691701293e-05
2.684156788745895028e-05
1.381506172037916258e-05
1.780557977326679975e-05
-4.154680937062948942e-06
2.652195689734071493e-06
-2.277891690027900040e-05
5.371660154196433723e-05
3.586429374990984797e-05
3.932417530450038612e-05
4.040192288812249899e-05
4.559426452033221722e-05
-3.258183824073057622e-06
6.783615390304476023e-05
-2.131030305463355035e-05
3.131574703729711473e-05
-5.161115041119046509e-06
-2.116106406901963055e-05
3.473616379778832197e-05
2.367650267842691392e-06
4.067612462677061558e-05
-3.097499575233086944e-05
-1.204969703394453973e-05
-1.541511846880894154e-05
-5.438050720840692520e-05
1.292670640395954251e-05
1.334754415438510478e-05
5.526170571101829410e-05
1.452120613976148888e-05
3.812493014265783131e-05
-6.040053995093330741e-05
5.236118886386975646e-05
-4.121804522583261132e-06
6.830912025179713964e-05
2.235051942989230156e-05
8.668725968163926154e-06
8.409380097873508930e-05
-2.031540861935354769e-05
2.554269485699478537e-05
-4.911259384243749082e-05
-9.776263141247909516e-06
-1.466075354983331636e-05
-1.417000703440862708e-06
-1.954098252099356614e-06
3.567781823221594095e-05
3.724054840859025717e-05
-1.574989983055274934e-05
1.290572981815785170e-07
-4.297808482078835368e-05
1.161475302069447935e-05
-3.983447459177114069e-05
1.596191759745124727e-05
-8.189942309400066733e-05
3.819357880274765193e-05
-5.791975127067416906e-06
-3.986179581261239946e-05
2.434692760289181024e-06
3.911674866685643792e-05
2.870367097784765065e-05
-2.200604103563819081e-05
-5.202733154874294996e-05
3.690671292133629322e-06
2.709383988985791802e-05
-2.304357258253730834e-05
6.763916644558776170e-07
-5.812114068248774856e-06
-2.927233799709938467e-05
5.615928603219799697e-05
1.417788098478922620e-05
1.055543975780892652e-06
-4.739654468721710145e-05
-2.205252712883520871e-05
-7.912215551186818630e-06
-5.142475401953561231e-06
-4.621853804565034807e-05
1.827955202315934002e-05
1.242952930624596775e-05
-1.494173375249374658e-05
-3.254365947213955224e-05
-4.715231261798180640e-05
-3.481148087303154171e-05
-1.742175845720339566e-05
-6.706223939545452595e-05
-4.457639442989602685e-05
1.147743387264199555e-05
5.056432928540743887e-05
2.516805398045107722e-05
3.986326191807165742e-05
3.547740197973325849e-05
-4.363552363884082297e-07
-5.190492629481013864e-06
2.676620715647004545e-05
-2.981310899485833943e-06
-1.271056225959910080e-05
1.064116167981410399e-05
2.464846147631760687e-06
-2.895187753892969340e-05
1.241475729329977185e-05
-2.600434527266770601e-06
6.294768536463379860e-05
4.467573671718128026e-05
3.619117342168465257e-05
1.339116352028213441e-05
-1.752884054440073669e-05
5.819887155666947365e-05
2.375295116507913917e-05
-1.413484096701722592e-05
3.606540485634468496e-05
-1.082412381947506219e-05
2.069610309263225645e-05
-9.402006980963051319e-06
-5.043339479016140103e-05
1.533166687295306474e-05
6.745355221937643364e-06
1.300300118600716814e-05
