-2.688837412279099226e-06
-7.543319225078448653e-05
1.578090632392559201e-05
6.847776239737868309e-05
-5.989675628370605409e-05
4.171123146079480648e-05
-1.180225226562470198e-04
1.209302790812216699e-04
-4.560456727631390095e-05
-3.384004230611026287e-05
3.863307574647478759e-05
5.044284989708103240e-05
-3.937209839932620525e-05
6.461109296651557088e-05
8.034467464312911034e-05
2.871427204809151590e-05
1.614129178051371127e-05
4.698385600931942463e-05
1.460265775676816702e-04
7.750803342787548900e-05
2.964561463159043342e-05
-2.335074350412469357e-05
-1.748637487253290601e-06
-3.447951894486322999e-05
3.710015516844578087e-05
-1.749407601892016828e-05
6.772903725504875183e-05
3.929737795260734856e-05
1.571855682414025068e-05
2.007150033023208380e-05
-4.989826720702694729e-06
2.812231468851678073e-05
-3.423700763960368931e-05
-1.224897860083729029e-04
3.924463453586213291e-05
1.168780090665677562e-05
4.941172664985060692e-05
-5.767419861513189971e-05
9.352244524052366614e-05
1.187343423225684091e-05
3.712571560754440725e-05
9.171453712042421103e-07
-5.203575710766017437e-06
-1.276047114515677094e-04
1.560745586175471544e-04
-6.020446380716748536e-05
1.059544665622524917e-04
2.491633495083078742e-06
2.623725231387652457e-05
1.940729453053791076e-05
1.601518124516587704e-05
1.010070627671666443e-04
-5.782178050139918923e-05
-9.727757424116134644e-05
-1.896935646072961390e-05
3.520921382005326450e-06
-2.528522600186988711e-05
2.281808156112674624e-05
3.469275179668329656e-05
1.902171061374247074e-05
-6.518930604215711355e-05
-3.113891580142080784e-07
3.066662611672654748e-05
1.578879164298996329e-06
4.015677404822781682e-05
-4.561590321827679873e-05
-1.929978498083073646e-05
8.740469638723880053e-06
1.108661672333255410e-05
7.621166878379881382e-05
2.742899414442945272e-05
3.587283799788565375e-06
4.185287980362772942e-05
7.148711574700428173e-06
-3.566225495887920260e-05
-1.703549060039222240e-04
-1.365477655781432986e-04
-2.046032022917643189e-05
-1.666219613980501890e-04
-1.096299456548877060e-06
-1.236367825185880065e-05
7.057632319629192352e-05
-1.290819345740601420e-04
-4.411688132677227259e-05
5.122788024891633540e-06
1.513992756372317672e-04
-4.120865196455270052e-05
1.148425417341059074e-05
5.245047941571101546e-05
1.383504568366333842e-04
-2.579108922873274423e-06
4.390299727674573660e-05
4.815228749066591263e-05
6.329198367893695831e-05
-5.268888344289734960e-05
1.073489256668835878e-04
-3.356993693159893155e-05
5.285378847474930808e-06
6.057356222299858928e-05
2.986624895129352808e-05
6.390059752447996289e-06
-1.130771197495050728e-04
9.355101065011695027e-05
-6.155945447972044349e-05
-4.319221989135257900e-05
-6.283223046921193600e-05
-4.820440517505630851e-05
1.576588147145230323e-06
-1.016988608171232045e-04
5.607478306046687067e-05
-1.351419778075069189e-04
-4.175835783826187253e-07
5.255637915979605168e-06
-2.515709638828411698e-06
-1.402658381266519427e-04
-6.296006904449313879e-05
-1.833586720749735832e-04
5.791698640678077936e-06
-3.115830622846260667e-05
7.852063572499901056e-05
-1.622129093448165804e-05
-1.709041134745348245e-05
-2.226853393949568272e-05
-8.686357432452496141e-06
-2.099302218994125724e-04
1.351194805465638638e-04
-1.888877013698220253e-04
8.738730684854090214e-05
4.386601358419284225e-05
-3.285536513430997729e-05
-6.852721708128228784e-05
6.064247281756252050e-05
-5.675935972249135375e-05
-4.458290277398191392e-05
-8.362520020455121994e-06
-7.187248411355540156e-05
-1.768028014339506626e-04
1.448972398065961897e-05
3.781930354307405651e-05
-4.098052886547520757e-05
-5.591837543761357665e-05
-4.188743332633748651e-05
1.102974347304552794e-04
-3.560542245395481586e-05
6.431252404581755400e-05
-4.089465437573380768e-05
2.856789506040513515e-04
-2.004679117817431688e-05
4.510605504037812352e-05
4.105448169866576791e-05
-2.531851932872086763e-04
-9.281698294216766953e-05
3.729770833160728216e-05
-1.422027708031237125e-04
6.024218600941821933e-05
1.744286273606121540e-04
5.503017018781974912e-05
-1.809388413676060736e-05
8.621279903309186921e-07
1.699153654044494033e-05
5.520838749362155795e-05
-5.849232547916471958e-05
4.107175300305243582e-06
-7.648653991054743528e-06
2.675707037269603461e-06
-8.032804544200189412e-06
2.221883005404379219e-05
-3.751855547307059169e-05
4.076204641023650765e-05
-1.033036096487194300e-04
1.955079642357304692e-05
-2.826509989972691983e-05
1.369575038552284241e-04
6.894376383570488542e-06
-1.449302799301221967e-04
1.865396916400641203e-05
-3.549426764948293567e-06
4.277355037629604340e-05
-1.009875049930997193e-04
-1.720280488370917737e-05
-9.386608144268393517e-05
1.281283184653148055e-04
-6.749566091457381845e-05
-3.750990435946732759e-05
-1.004839068627916276e-04
-5.272375710774213076e-05
-2.438868832541629672e-04
-1.166666697827167809e-04
4.426597297424450517e-05
-5.149720527697354555e-05
2.510283593437634408e-05
-2.553034864831715822e-04
7.999175431905314326e-05
-9.322466212324798107e-05
3.975547588197514415e-05
-2.823568320309277624e-05
9.584486178937368095e-06
6.646163819823414087e-05
8.764356607571244240e-05
5.233416595729067922e-05
-2.305623274878598750e-05
4.427070962265133858e-06
-2.672118716873228550e-05
-6.621269130846485496e-05
-6.573716382263228297e-05
8.081769010459538549e-06
-3.361394192324951291e-06
6.084874985390342772e-05
7.050467684166505933e-05
2.067312743747606874e-05
-1.111923993448726833e-04
-7.201896369224414229e-05
3.590396227082237601e-05
-8.367244299734011292e-05
-1.357727887807413936e-04
1.824818318709731102e-04
-1.194412179756909609e-04
-3.511572504066862166e-05
-8.330338459927588701e-05
-2.169880463043227792e-04
5.619474177365191281e-05
4.052653821418061852e-07
2.641863648022990674e-05
-1.258839984075166285e-05
-1.831380359362810850e-06
-3.318791277706623077e-05
-2.471998777764383703e-05
-1.128014537243871018e-05
-7.757744606351479888e-05
-1.626583689358085394e-04
1.303626195294782519e-04
4.201852789265103638e-05
5.432621401268988848e-05
1.378433626086916775e-05
5.379465437727048993e-05
-2.544638300605583936e-05
2.847914583981037140e-05
-5.669753591064363718e-05
6.254114123294129968e-05
6.039116487954743207e-05
-8.006359712453559041e-05
2.580236468929797411e-05
1.009894476737827063e-04
-9.037908603204414248e-05
-2.720795600907877088e-05
3.076293069170787930e-07
5.058817623648792505e-05
1.284137852053390816e-05
-2.057218807749450207e-05
6.319979002000764012e-05
9.379366383654996753e-05
-6.377958925440907478e-07
4.210101178614422679e-05
3.197834666934795678e-05
2.424416015855967999e-05
-2.979541386594064534e-05
2.260290057165548205e-05
-9.641349606681615114e-05
-7.154749619076028466e-05
-7.397165973088704050e-06
-9.642952500144019723e-05
-5.676211731042712927e-05
-3.511141767376102507e-05
-7.417982124025002122e-05
-1.910756327561102808e-05
6.914172263350337744e-05
2.948036308225709945e-05
-3.810594716924242675e-05
-6.292169564403593540e-05
1.275266404263675213e-04
2.662204315129201859e-05
4.337478094385005534e-05
-3.375902451807633042e-06
-6.558405584655702114e-05
-3.955047213821671903e-05
3.099924288108013570e-05
6.155409664643229917e-06
-9.227179543813690543e-05
3.119154825981240720e-06
4.237516986904665828e-05
-1.302667515119537711e-04
-5.571589645114727318e-05
-3.695603254527668469e-06
1.063975942088291049e-04
-1.500809303252026439e-04
9.132251580012962222e-05
-7.598176307510584593e-05
7.511941657867282629e-05
1.084061514120548964e-04
-1.449449919164180756e-04
-3.827451291726902127e-05
-1.462348591303452849e-04
-1.416614832123741508e-04
4.979520599590614438e-05
-2.380037039984017611e-05
-5.453887570183724165e-05
2.168807404814288020e-04
1.479142229072749615e-04
-2.112941911036614329e-05
5.237953519099391997e-05
4.849235483561642468e-05
-1.576073264004662633e-04
1.056233741110190749e-04
-8.071942829701583833e-06
-5.499737017089501023e-05
-5.358316229830961674e-06
-2.467669401085004210e-05
-3.088928497163578868e-05
1.499554637121036649e-04
-5.255038558971136808e-05
-1.209993570228107274e-06
1.583749690325930715e-05
-3.672249295050278306e-05
-6.256638880586251616e-05
-2.303323344676755369e-05
1.466134272050112486e-04
6.546174699906259775e-05
1.630343467695638537e-05
-3.014000321854837239e-05
-5.481351308844750747e-06
9.224346285918727517e-06
1.019219234876800328e-05
-1.609370810911059380e-04
2.115596544172149152e-05
4.990167872165329754e-05
-1.767927315086126328e-04
4.642640487872995436e-05
2.617758582346141338e-06
3.775361983571201563e-05
1.228666224051266909e-04
2.186395613534841686e-05
-2.068133471766486764e-05
-5.350297215045429766e-05
-1.132757679442875087e-04
-5.128233533469028771e-05
3.850868597510270774e-05
-1.071964215952903032e-04
-5.049795800005085766e-05
5.828628127346746624e-05
-8.702260674908757210e-05
1.824902028602082282e-05
1.231449823535513133e-05
1.632295607123523951e-05
9.911419329000636935e-05
2.890337600547354668e-05
-2.620770828798413277e-05
1.373236955259926617e-05
-3.850485882139764726e-05
1.592693442944437265e-04
-1.644899748498573899e-05
1.627348319743759930e-05
1.807334047043696046e-05
4.340433588367886841e-05
-1.295391557505354285e-04
3.554134673322550952e-05
2.963043152703903615e-05
-1.359542657155543566e-04
3.784989894484169781e-05
4.560988600132986903e-06
-1.595854846527799964e-04
1.473155571147799492e-04
-1.037622496369294822e-05
-3.551866393536329269e-05
-1.083943352568894625e-04
-3.998808824690058827e-05
1.575187343405559659e-05
-1.008160252240486443e-04
-5.044711724622175097e-05
-1.320866576861590147e-04
-1.459838531445711851e-04
-1.914959721034392715e-04
-8.717819582670927048e-05
-2.901405605371110141e-05
-8.116108801914379001e-06
9.784645226318389177e-05
-1.971928031707648188e-05
-1.047463738359510899e-04
5.475526995724067092e-05
3.346128505654633045e-05
-4.955632903147488832e-06
2.868445699277799577e-05
7.336174894589930773e-05
-6.220593058969825506e-05
-8.519399125361815095e-05
-1.229636836796998978e-04
-2.696058072615414858e-05
7.258210098370909691e-05
2.278198735439218581e-06
1.825981235015206039e-05
-2.823160320986062288e-05
3.125816510873846710e-05
-4.155343413003720343e-05
-2.056375160464085639e-05
-7.785881462041288614e-05
5.563799641095101833e-05
1.466743469791254029e-05
1.102708774851635098e-04
4.395463838591240346e-05
4.883533983957022429e-05
-6.448226486099883914e-05
9.697893983684480190e-05
1.094711769837886095e-04
6.928085349500179291e-05
2.121423312928527594e-05
-2.245344512630254030e-05
-1.594947207195218652e-05
-9.859139390755444765e-05
3.708396616275422275e-05
2.149956162611488253e-05
-3.411661236896179616e-05
5.851081368746235967e-06
-1.205258467962266877e-05
-1.071267761290073395e-04
-6.181566277518868446e-05
-4.167852239334024489e-05
5.817982309963554144e-05
6.145266524981707335e-05
-8.393610187340527773e-05
-3.379145709914155304e-05
-7.877469033701345325e-05
-2.281254637637175620e-05
-1.136036371462978423e-04
4.125985287828370929e-05
-3.154060686938464642e-05
1.702088047750294209e-05
3.671101512736640871e-05
2.858500556612852961e-05
-1.625432923901826143e-05
-8.957951649790629745e-05
-2.581010630819946527e-05
2.258854692627210170e-05
1.320155206485651433e-05
-1.883658660517539829e-05
7.948873644636478275e-06
8.554737723898142576e-05
1.085892654373310506e-04
8.444995910394936800e-05
-7.472357538063079119e-05
2.113982918672263622e-05
5.351131403585895896e-05
-2.577237137302290648e-05
-3.887128696078434587e-05
2.323125954717397690e-06
-2.014161509578116238e-05
3.786278102779760957e-05
-3.147698589600622654e-05
-1.245041639776900411e-04
-7.232547068269923329e-05
-8.480393444187939167e-05
-4.437389179656747729e-06
