1.535075753927230835e-01
1.796966791152954102e-02
1.365205347537994385e-01
-4.996607080101966858e-02
5.388225242495536804e-02
-7.005622982978820801e-02
1.485905051231384277e-01
3.935900051146745682e-03
-3.827689960598945618e-02
-1.961062103509902954e-02
-1.105408519506454468e-01
-3.039383701980113983e-02
-2.384840510785579681e-02
-7.113441824913024902e-02
-1.134460717439651489e-01
-1.795386523008346558e-01
9.214395284652709961e-02
6.435522437095642090e-02
1.302844732999801636e-01
5.265258252620697021e-02
6.338765844702720642e-03
-1.000974699854850769e-01
-1.846817433834075928e-01
1.162814572453498840e-01
-1.274319887161254883e-01
5.256480351090431213e-02
-8.110793307423591614e-03
-7.250144332647323608e-02
-1.001577940769493580e-03
5.543491244316101074e-02
-1.744526773691177368e-01
6.037122569978237152e-03
1.639371067285537720e-01
8.041755110025405884e-02
-1.368059068918228149e-01
1.350183039903640747e-01
8.974830619990825653e-03
-7.895942777395248413e-02
-5.131259560585021973e-02
-2.093300521373748779e-01
-8.715278655290603638e-02
3.490165341645479202e-03
3.970843553543090820e-02
-1.558862719684839249e-02
-6.255300249904394150e-03
-1.234195427969098091e-03
-1.210359972901642323e-03
-4.320090264081954956e-02
1.704265736043453217e-02
1.498713791370391846e-01
-1.560312360525131226e-01
-3.856618702411651611e-02
-1.227662153542041779e-02
-1.045676842331886292e-01
4.426928609609603882e-02
-3.178744390606880188e-02
-1.069568283855915070e-02
-1.720583587884902954e-01
-6.795024126768112183e-02
6.719919294118881226e-02
5.592210218310356140e-03
6.975434720516204834e-02
-1.996264457702636719e-01
-6.829608231782913208e-02
7.148538529872894287e-02
1.240044906735420227e-01
-1.237471699714660645e-01
1.567934453487396240e-01
-2.289933562278747559e-01
-1.508678644895553589e-01
1.850484125316143036e-02
2.188946902751922607e-01
4.530375078320503235e-02
-6.250960379838943481e-02
-6.114038452506065369e-02
5.557114630937576294e-02
8.227965794503688812e-03
9.111338108777999878e-02
1.165269091725349426e-01
1.176508963108062744e-01
3.275546012446284294e-03
2.047551982104778290e-02
-1.993063278496265411e-02
-6.215250492095947266e-02
4.552075639367103577e-02
-1.458972394466400146e-01
-2.023181915283203125e-01
7.293798774480819702e-02
-6.792386621236801147e-02
-4.836142808198928833e-02
-4.191807284951210022e-02
9.252936393022537231e-02
6.314978003501892090e-02
2.676397934556007385e-02
8.051648736000061035e-02
9.859540313482284546e-02
-2.263938449323177338e-02
1.406175941228866577e-01
2.673868834972381592e-01
-1.533308029174804688e-01
-8.463952690362930298e-03
8.327269926667213440e-03
3.924129158258438110e-02
1.258588135242462158e-01
-3.874024376273155212e-02
1.071593388915061951e-01
-5.247893184423446655e-02
-9.923723340034484863e-02
3.430705517530441284e-02
2.128027975559234619e-01
-3.911112248897552490e-02
7.317773066461086273e-03
2.793102152645587921e-02
-8.180960267782211304e-02
1.572727113962173462e-01
-6.154683232307434082e-02
1.070456504821777344e-01
1.219164282083511353e-01
1.261555682867765427e-02
4.114332608878612518e-03
7.653387729078531265e-03
-7.457187026739120483e-02
-3.551477566361427307e-02
3.991578891873359680e-02
2.836080826818943024e-02
-3.185228258371353149e-02
4.586192220449447632e-02
1.039001569151878357e-01
-1.453026430681347847e-03
-1.085523813962936401e-01
7.024351507425308228e-02
1.773037463426589966e-01
1.566828042268753052e-02
-1.114844381809234619e-01
-2.070472538471221924e-01
1.300183385610580444e-01
-4.486195743083953857e-03
3.375158458948135376e-02
7.140250504016876221e-02
-1.271310001611709595e-01
1.441557146608829498e-02
2.390957474708557129e-01
4.025034978985786438e-02
1.731904745101928711e-01
3.351472690701484680e-02
-8.248976618051528931e-02
1.601404100656509399e-01
-1.461983770132064819e-01
4.540447890758514404e-02
-1.164619401097297668e-01
