-1.787831570254638791e-04
5.127273034304380417e-04
-1.033976877806708217e-04
3.825665917247533798e-04
-2.371115988353267312e-04
3.522824845276772976e-04
-1.743267785059288144e-04
-1.042716787196695805e-03
-5.646807840093970299e-04
-1.170739487861283123e-04
-1.570179592818021774e-04
1.043230440700426698e-04
-5.122836228110827506e-05
1.309229992330074310e-05
-3.759259998332709074e-04
2.173894608858972788e-05
1.985736344067845494e-05
-1.553843176225200295e-04
-2.220631577074527740e-04
3.556499723345041275e-04
-7.448876203852705657e-06
-1.155565609224140644e-03
-1.893039443530142307e-04
-1.090354999178089201e-04
-5.974416853860020638e-04
-1.983385009225457907e-04
-5.022381083108484745e-05
-1.531334710307419300e-04
2.135333343176171184e-04
2.786283148452639580e-04
-4.862492496613413095e-04
-1.111642224714159966e-03
5.125524476170539856e-04
-2.199435257352888584e-04
-8.030752651393413544e-04
1.508661080151796341e-04
-5.532475915970280766e-05
1.535484625492244959e-04
-2.414420305285602808e-04
7.182906119851395488e-05
-1.390895573422312737e-03
-8.345473906956613064e-04
-1.141877783084055409e-05
-4.315045371185988188e-04
3.942020703107118607e-04
1.115645864047110081e-03
-1.137357321567833424e-05
-2.854667545761913061e-04
-4.838031018152832985e-04
-6.630113784922286868e-05
-2.485815784893929958e-04
8.499851901433430612e-06
3.283741825725883245e-04
1.463631866499781609e-03
3.613039152696728706e-04
2.078202087432146072e-04
2.914463402703404427e-04
2.250142715638503432e-04
7.000196492299437523e-04
-5.860621968167833984e-05
-3.278279327787458897e-04
-1.032166474033147097e-04
-3.599520714487880468e-04
-1.715416001388803124e-04
-4.299642168916761875e-04
-2.312012220500037074e-04
3.231257724110037088e-04
-2.207656070822849870e-04
3.736964426934719086e-04
3.048990402021445334e-05
-2.432537148706614971e-04
-5.303353827912360430e-05
8.989778871182352304e-05
1.068536003003828228e-04
1.368918456137180328e-04
6.909989169798791409e-04
3.590679843910038471e-04
2.972743823193013668e-04
4.148168081883341074e-04
-7.834914867999032140e-06
5.931409541517496109e-04
8.311992132803425193e-06
-3.111589467152953148e-05
-1.705964241409674287e-04
2.056827361229807138e-04
4.303425957914441824e-04
-1.841782650444656610e-04
8.751880523050203919e-05
-1.333280233666300774e-04
-2.987528569065034389e-04
-3.487060894258320332e-06
-3.405713359825313091e-04
1.776388671714812517e-04
-4.140226519666612148e-05
-8.786823018454015255e-04
2.832436803146265447e-05
9.047318599186837673e-06
1.293697423534467816e-04
3.049549122806638479e-04
-2.327399415662512183e-04
2.848899748641997576e-04
2.688873792067170143e-04
2.839535591192543507e-05
-1.013944784062914550e-04
-1.997092040255665779e-04
-2.429826126899570227e-04
-6.340664112940430641e-04
-6.755006033927202225e-04
-2.879519597627222538e-04
1.326711353613063693e-04
2.503754221834242344e-04
-4.240371636115014553e-04
8.261972106993198395e-05
4.037790349684655666e-04
1.792264447431080043e-05
-1.280648575630038977e-04
-4.901043139398097992e-04
4.771512176375836134e-04
4.458856419660151005e-04
-8.931737393140792847e-04
-7.206205918919295073e-05
1.015999441733583808e-04
-5.269059693091548979e-05
-3.955299616791307926e-04
6.784891011193394661e-04
6.940239109098911285e-05
-9.890638466458767653e-05
-6.444165483117103577e-04
4.381158505566418171e-04
2.722583885770291090e-04
3.167517716065049171e-04
7.866037776693701744e-04
4.617749655153602362e-04
9.428440534975379705e-05
-3.899629227817058563e-04
-2.628524089232087135e-05
-1.122890040278434753e-03
1.916837354656308889e-04
1.972023892449215055e-05
4.579067172016948462e-04
-4.223647192702628672e-05
-2.781991497613489628e-04
8.549412450520321727e-05
-9.796065569389611483e-06
-4.741926386486738920e-04
-5.271509289741516113e-04
2.377612690906971693e-05
7.225392619147896767e-05
-5.389219149947166443e-04
-7.346519851125776768e-06
3.768877068068832159e-04
-5.105081363581120968e-04
3.914611297659575939e-04
2.601615269668400288e-04
-3.923519107047468424e-04
-2.523726143408566713e-04
-3.543664934113621712e-05
3.586488310247659683e-04
1.170797186205163598e-04
1.159582170657813549e-04
-2.160406438633799553e-04
-4.574588092509657145e-04
6.139877950772643089e-04
-6.503075710497796535e-04
-4.584575435728766024e-06
2.380063051532488316e-05
3.802883293246850371e-05
-2.334598393645137548e-04
-7.420963811455294490e-05
1.629017351660877466e-04
-4.931237344862893224e-05
-9.430874342797324061e-06
-4.419436736498028040e-04
1.035097520798444748e-04
-4.357126017566770315e-04
5.501101986737921834e-05
-9.985643555410206318e-05
-4.579844971885904670e-05
-2.578385756351053715e-04
1.023278382490389049e-04
6.258093344513326883e-05
3.188293194398283958e-04
3.724884591065347195e-04
1.258444390259683132e-04
-1.034999731928110123e-04
-1.240048004547134042e-04
-5.327073449734598398e-05
-1.452636206522583961e-04
-2.748785191215574741e-04
1.004008663585409522e-04
1.914761814987286925e-04
5.984298186376690865e-04
-1.850233966251835227e-04
-3.899253497365862131e-04
-1.570506719872355461e-04
-6.946023495402187109e-05
7.910677959444001317e-05
5.497605889104306698e-05
-3.625617828220129013e-04
9.512295946478843689e-05
-1.640939881326630712e-04
-3.031293745152652264e-04
-5.320420023053884506e-04
6.924202316440641880e-04
5.583876045420765877e-04
3.458432911429554224e-05
-8.260674076154828072e-04
3.648161364253610373e-04
7.843253551982343197e-04
4.811993130715563893e-05
-1.151934411609545350e-04
3.878576972056180239e-04
8.228463411796838045e-05
1.314924302278086543e-04
-4.765231569763273001e-04
-2.682665653992444277e-04
2.912829513661563396e-04
4.450312699191272259e-04
3.876574191963300109e-05
-6.257395143620669842e-04
2.278715401189401746e-04
2.489806502126157284e-04
-2.334735472686588764e-05
-3.235840995330363512e-05
2.286808157805353403e-04
-3.590553533285856247e-04
-5.972316139377653599e-04
-1.923662784975022078e-04
3.757897065952420235e-04
6.115117867011576891e-05
-8.866635034792125225e-04
-2.862412366084754467e-04
-3.719476808328181505e-04
-8.932171622291207314e-04
7.971917511895298958e-06
1.176884688902646303e-05
1.968076539924368262e-04
1.711684890324249864e-04
7.358544389717280865e-04
1.560674281790852547e-04
3.570550761651247740e-04
7.686801109230145812e-05
6.012216181261464953e-05
-1.304473698837682605e-04
-2.406137209618464112e-04
3.859015851048752666e-05
-1.505264517618343234e-04
-3.558743628673255444e-04
9.580166079103946686e-05
-2.747343387454748154e-04
-2.865122405637521297e-05
-8.084699402388650924e-06
-2.526404568925499916e-04
-4.702973528765141964e-04
3.573356661945581436e-04
-8.460291428491473198e-04
-8.735265873838216066e-05
-3.577768220566213131e-04
2.834605111274868250e-04
-9.736098581925034523e-05
6.626423564739525318e-04
-3.491404640953987837e-04
-1.135930724558420479e-04
-3.891005762852728367e-04
-5.485081346705555916e-04
-2.259855391457676888e-04
7.080822251737117767e-05
5.285606021061539650e-04
-2.904009015765041113e-04
-4.972112947143614292e-04
-5.217730358708649874e-05
-1.281888253288343549e-04
-8.801125804893672466e-04
-7.981887320056557655e-04
8.511116175213828683e-05
2.694080467335879803e-05
1.499087375123053789e-04
-1.450543932151049376e-04
2.923652355093508959e-04
-5.477605154737830162e-04
1.708963682176545262e-04
9.369365216116420925e-06
-3.681041707750409842e-04
5.009678716305643320e-06
-2.021900727413594723e-04
2.903362837969325483e-05
-1.150446332758292556e-04
-3.872122324537485838e-04
-7.176549843279644847e-05
-2.392454189248383045e-04
-1.065923133864998817e-04
-2.446076832711696625e-04
5.868006846867501736e-04
-3.271996683906763792e-04
-2.118484117090702057e-04
7.201442349469289184e-05
-2.922537169069983065e-05
3.953995474148541689e-05
-3.769256290979683399e-04
1.665549098106566817e-05
-4.701097786892205477e-04
2.391898451605811715e-04
2.106660394929349422e-05
-1.636247907299548388e-04
1.228697801707312465e-04
-1.475394965382292867e-04
1.436337151972111315e-05
5.640472518280148506e-04
-3.020487201865762472e-04
-4.049665585625916719e-04
-2.184124023187905550e-04
-2.195205888710916042e-04
-3.335410729050636292e-04
-2.551425714045763016e-04
-3.347880847286432981e-04
-3.491485840640962124e-04
4.967489803675562143e-05
-4.761861928272992373e-04
2.298589242855086923e-04
-3.352457424625754356e-04
8.332623110618442297e-05
-3.273335751146078110e-04
1.435897574992850423e-04
-2.699103788472712040e-04
-3.452879027463495731e-04
-2.503370160411577672e-05
-3.055207780562341213e-04
-9.711968596093356609e-05
2.194573462475091219e-04
1.685949100647121668e-04
3.728115989360958338e-04
-6.113200215622782707e-04
1.081666705431416631e-04
-5.427226424217224121e-04
-2.381742669967934489e-04
-2.066730376100167632e-04
-6.346176378428936005e-04
-1.764633052516728640e-04
-3.902943572029471397e-04
5.672349943779408932e-04
-1.826777152018621564e-04
9.162684436887502670e-04
-3.907048376277089119e-04
-1.071905062417499721e-04
7.613125490024685860e-05
3.859183052554726601e-04
-1.588481827639043331e-04
3.739368403330445290e-04
-6.066191708669066429e-04
-7.510975701734423637e-04
3.138778993161395192e-06
3.375291707925498486e-04
-3.919713781215250492e-04
1.454930461477488279e-04
-5.182476597838103771e-04
2.291533019160851836e-04
6.051301170373335481e-05
1.979279913939535618e-04
5.647466168738901615e-04
-2.714140573516488075e-04
-1.595119101693853736e-05
-4.110027512069791555e-04
-2.653487317729741335e-04
-7.428632234223186970e-04
2.148727653548121452e-04
1.783141196938231587e-04
-1.479065576859284192e-05
-1.029878185363486409e-04
9.692813036963343620e-04
-1.231964997714385390e-04
-1.461830397602170706e-04
-8.559221896575763822e-05
7.097609341144561768e-04
7.573804759886115789e-05
-6.563268107129260898e-05
-1.656472450122237206e-04
3.174353623762726784e-04
-1.272045192308723927e-04
-2.746110840234905481e-04
-4.025138914585113525e-04
3.977259621024131775e-04
-4.955640179105103016e-06
2.183590368076693267e-06
-3.129939432255923748e-05
-2.526418829802423716e-04
1.355817948933690786e-04
-6.396194803528487682e-04
2.284464135300368071e-04
1.027690159389749169e-04
-4.528324934653937817e-04
2.211412938777357340e-04
-1.144753332482650876e-04
6.878818385303020477e-05
-2.125152095686644316e-04
-8.998443081509321928e-05
-2.999334246851503849e-04
5.388287245295941830e-04
4.754386027343571186e-04
-5.790991708636283875e-04
1.321276940871030092e-04
-1.777636498445644975e-04
-2.437966031720861793e-06
-1.274996320717036724e-04
2.468124512233771384e-05
-1.016285677906125784e-04
-1.046378747560083866e-03
-5.009931628592312336e-04
-1.588928280398249626e-04
-3.276917850598692894e-04
2.225547505076974630e-04
5.863028927706182003e-04
-3.687482967507094145e-05
3.197079058736562729e-05
1.044155142153613269e-04
-2.027444279519841075e-04
-4.730568252853117883e-05
-2.178423455916345119e-04
-1.550343877170234919e-04
1.699620042927563190e-05
-3.486205241642892361e-04
2.487168967491015792e-05
7.426073716487735510e-05
-3.212834708392620087e-04
1.936980261234566569e-04
-4.567719297483563423e-04
7.096581393852829933e-04
-6.760635187674779445e-06
-3.431540098972618580e-04
-1.773827680153772235e-04
-1.047389014274813235e-05
-1.008311519399285316e-03
-1.737682032398879528e-05
7.355839625233784318e-05
-1.828162785386666656e-04
-1.179142709588631988e-04
7.472524885088205338e-06
-8.488472667522728443e-05
-1.579933450557291508e-04
-3.305919526610523462e-04
-1.691133511485531926e-04
-1.660904381424188614e-04
-2.708622778300195932e-04
9.722309187054634094e-06
-1.463479129597544670e-04
-5.622843164019286633e-04
-1.935740147018805146e-05
1.932376835611648858e-05
-2.161160809919238091e-04
5.258694873191416264e-04
1.564015983603894711e-04
