-5.359153728932142258e-04
1.102955284295603633e-04
-1.301442971453070641e-03
-5.955685628578066826e-04
-1.173159544123336673e-04
1.488626818172633648e-03
-3.787812311202287674e-04
-1.401499903295189142e-04
-5.820515798404812813e-04
-3.144870570395141840e-04
6.892108358442783356e-04
5.731324927182868123e-05
-6.729362066835165024e-04
-2.933040377683937550e-06
-1.322151860222220421e-03
1.773471012711524963e-03
4.218170652166008949e-04
4.724648897536098957e-05
1.252359012141823769e-03
-6.448499334510415792e-07
-2.813420724123716354e-04
-1.047429512254893780e-03
-3.652210289146751165e-04
-1.911598257720470428e-03
4.891462740488350391e-04
-2.532194193918257952e-04
-1.109176519094035029e-04
-4.449092375580221415e-04
1.189372269436717033e-04
7.111898157745599747e-04
-5.365440156310796738e-04
-3.391097998246550560e-04
-2.199536829721182585e-04
-1.258554751984775066e-03
8.812738815322518349e-05
-1.073262654244899750e-03
-1.419540785718709230e-04
1.753957767505198717e-04
-7.761704036965966225e-04
-7.550382288172841072e-04
-2.866219438146799803e-05
-1.445199479348957539e-03
-5.559315322898328304e-04
-6.489405641332268715e-04
1.430645585060119629e-03
1.036039902828633785e-03
-6.687606401101220399e-06
5.102798459120094776e-04
-1.874391688033938408e-03
2.648288500495254993e-04
-1.129503070842474699e-04
-1.155912468675523996e-05
-6.337658269330859184e-04
3.073381027206778526e-03
1.497125776950269938e-04
1.083248062059283257e-04
5.190708325244486332e-04
1.481387298554182053e-04
1.110188779421150684e-03
6.893584504723548889e-04
-7.833787240087985992e-04
-6.787211168557405472e-04
-3.783337306231260300e-04
-2.768212289083749056e-04
-2.807515906170010567e-03
-2.154654357582330704e-03
-9.646089893067255616e-05
-3.606842074077576399e-04
4.472854780033230782e-04
4.176375805400311947e-04
4.670862690545618534e-04
2.805377298500388861e-04
-9.527454385533928871e-04
5.577153642661869526e-04
-7.932008011266589165e-04
1.868462422862648964e-04
4.674885713029652834e-04
7.224855653475970030e-05
-2.866225258912891150e-04
-2.084280567942187190e-04
5.209356313571333885e-04
-5.773102166131138802e-04
1.092961174435913563e-04
7.590260793222114444e-06
-7.613166235387325287e-05
9.864998719422146678e-05
2.709650143515318632e-04
-5.030132597312331200e-04
-7.500845240429043770e-04
-9.000485297292470932e-04
-4.117699281778186560e-04
1.096796622732654214e-04
-2.275763108627870679e-04
-2.816840424202382565e-05
-1.254702103324234486e-03
-1.673424558248370886e-04
1.366265234537422657e-03
-3.752766642719507217e-04
2.225819043815135956e-04
-4.112292663194239140e-04
1.259786677110241726e-05
-1.875698217190802097e-04
2.639447338879108429e-04
-6.365086301229894161e-05
1.003507350105792284e-04
1.497843331890180707e-04
-2.675447030924260616e-04
-2.552209480199962854e-04
-1.631200138945132494e-04
-2.081200073007494211e-04
-2.021230466198176146e-04
-7.966640987433493137e-05
2.484795171767473221e-03
1.861675060354173183e-03
4.965566331520676613e-04
1.555696071591228247e-04
-5.921057891100645065e-04
1.727409544400870800e-03
-6.702222162857651711e-04
-9.300347301177680492e-04
-5.171904340386390686e-04
-1.463220105506479740e-04
-1.722653396427631378e-03
-8.028929587453603745e-04
5.111267819302156568e-05
-6.297987420111894608e-04
-5.496339872479438782e-04
-1.123696682043373585e-03
7.395117427222430706e-04
7.001083577051758766e-04
9.823754662647843361e-04
-1.290760847041383386e-04
7.030458073131740093e-04
7.642275304533541203e-04
3.850662615150213242e-04
4.182243428658694029e-04
2.501142444089055061e-05
-3.291867906227707863e-04
-6.781394477002322674e-04
7.931080181151628494e-04
3.275178460171446204e-05
-1.714137848466634750e-03
6.196034373715519905e-04
8.267422672361135483e-04
-9.267326677218079567e-04
-3.451753873378038406e-04
-8.394832257181406021e-04
7.502298103645443916e-05
3.013387322425842285e-04
3.194086602889001369e-04
2.570889191702008247e-04
1.637717941775918007e-04
-5.970021011307835579e-04
-1.132908859290182590e-03
-1.423793961293995380e-03
-1.137386716436594725e-04
9.388900070916861296e-05
1.012851425912231207e-04
-9.519396699033677578e-04
9.756517247296869755e-04
-7.365184719674289227e-04
1.074421306839212775e-04
5.706250085495412350e-04
-1.403323025442659855e-03
3.514809650368988514e-04
-2.730709675233811140e-04
7.003381324466317892e-05
4.086018598172813654e-04
-3.426718758419156075e-04
1.604537246748805046e-04
-1.746108464431017637e-04
-6.071932730264961720e-04
9.157813037745654583e-04
7.845094660297036171e-04
-1.007162063615396619e-04
-1.313164248131215572e-04
-7.469015690730884671e-05
-8.856671629473567009e-04
-8.960752747952938080e-04
1.285327132791280746e-03
-4.085522959940135479e-06
-8.133098599500954151e-04
7.333959802053868771e-04
-6.778222741559147835e-04
-1.315048895776271820e-03
9.268111898563802242e-05
-6.152977584861218929e-05
-1.411215169355273247e-03
-2.793982275761663914e-04
1.328961690887808800e-03
7.565863197669386864e-04
-3.796379314735531807e-04
1.356595748802646995e-04
-5.709653487429022789e-04
2.042578533291816711e-03
-5.304831429384648800e-04
4.459448391571640968e-04
6.174958543851971626e-04
-3.015374531969428062e-04
4.581827670335769653e-05
-1.233816030435264111e-03
2.568200870882719755e-04
-4.646244633477181196e-04
6.877705454826354980e-04
6.885558832436800003e-04
-4.895731690339744091e-04
9.570814290782436728e-05
1.488137291744351387e-03
2.188956597819924355e-03
-3.726393333636224270e-04
6.848071643617004156e-05
-5.266495281830430031e-04
-2.899083774536848068e-04
1.644776239118073136e-05
6.570982513949275017e-04
5.769343115389347076e-04
6.111396360211074352e-04
-1.091297832317650318e-03
-2.273850259371101856e-04
1.486280234530568123e-05
-1.978473446797579527e-04
-8.741952478885650635e-05
3.520426689647138119e-04
-1.117681502364575863e-03
-4.761893651448190212e-04
2.042770211119204760e-04
2.492424391675740480e-04
-2.180958545068278909e-04
-5.730831617256626487e-05
-1.555874361656606197e-03
-1.001039752736687660e-03
1.111074234358966351e-04
-5.301277269609272480e-04
-8.857874199748039246e-04
-6.711635505780577660e-04
-2.093804359901696444e-04
4.933798336423933506e-04
8.870664169080555439e-05
1.408515032380819321e-03
8.534285007044672966e-05
1.054763677529990673e-03
7.276606047526001930e-04
-3.375941305421292782e-04
-3.423606394790112972e-04
-4.806952492799609900e-04
4.951503360643982887e-04
-1.516717020422220230e-04
-1.347427605651319027e-03
-5.868556909263134003e-04
-9.542190236970782280e-04
-2.039398823399096727e-04
6.283064431045204401e-05
4.111591988475993276e-05
-2.412329922663047910e-04
1.240048790350556374e-03
3.444399917498230934e-04
-1.014493755064904690e-03
-1.174813369289040565e-03
1.458856859244406223e-04
-1.456185942515730858e-03
1.666483003646135330e-03
-9.548852685838937759e-04
1.938398199854418635e-04
-8.483016863465309143e-04
-5.672388360835611820e-04
-3.577875322662293911e-04
-4.964451363775879145e-06
-5.302513018250465393e-04
-5.781034706160426140e-04
-5.105362506583333015e-04
7.372161780949681997e-05
-3.330834442749619484e-04
-2.279455366078764200e-04
-5.567616317421197891e-04
1.545729755889624357e-04
-1.926638942677527666e-04
-7.871961861383169889e-05
-1.293940236791968346e-03
1.083102892152965069e-03
-4.777718859259039164e-04
2.614350523799657822e-05
-7.044590311124920845e-04
2.380288788117468357e-04
-4.603127017617225647e-04
-6.665464024990797043e-04
6.510684615932404995e-04
1.619719114387407899e-04
-1.375745516270399094e-03
2.664355270098894835e-04
-4.789056547451764345e-04
-4.828073433600366116e-04
3.592535504139959812e-04
3.720366512425243855e-04
2.221978793386369944e-04
-3.067567304242402315e-04
1.231904374435544014e-03
3.388331097085028887e-04
1.031289924867451191e-03
-8.067520102486014366e-04
-2.654022828210145235e-04
2.309791307197883725e-05
5.166743067093193531e-04
9.215873433277010918e-05
-6.919777952134609222e-04
-9.042925375979393721e-05
-3.603919467423111200e-04
6.366904126480221748e-04
7.950754661578685045e-05
-6.689832662232220173e-04
-8.292075945064425468e-04
-6.072291871532797813e-04
-1.241592835867777467e-04
2.617005375213921070e-04
2.738721086643636227e-04
-8.021839312277734280e-04
-1.239897101186215878e-03
2.335578901693224907e-04
1.835573493735864758e-04
1.695223909337073565e-04
-6.689731380902230740e-04
-4.336284473538398743e-04
-3.971533151343464851e-04
1.835975795984268188e-03
-9.712429018691182137e-04
-5.457733059301972389e-04
-9.162811911664903164e-04
-5.789122078567743301e-04
-9.477974381297826767e-04
-9.596334421075880527e-04
-5.210778908804059029e-04
-1.049606653396040201e-04
-3.478376893326640129e-04
-5.820508231408894062e-04
-7.665356388315558434e-04
2.925809239968657494e-04
-1.137566287070512772e-03
-2.978023549076169729e-04
-3.717812069226056337e-05
-1.212098068208433688e-04
6.120698526501655579e-05
-2.202304312959313393e-05
1.699202461168169975e-03
-1.769438036717474461e-03
-2.811151323840022087e-03
-6.965188367757946253e-05
9.017501724883913994e-04
-1.052531530149281025e-03
-3.187346737831830978e-05
-5.508280009962618351e-04
-4.635551013052463531e-04
2.769199199974536896e-04
4.461327625904232264e-04
-1.558791729621589184e-03
6.746763829141855240e-04
-2.551998477429151535e-04
7.649712497368454933e-04
-6.291707977652549744e-04
-3.834718663711100817e-04
-2.906920417444780469e-05
-9.239623905159533024e-04
-8.042749250307679176e-04
-1.085474621504545212e-03
8.741794736124575138e-04
1.140758278779685497e-03
1.377815206069499254e-04
-8.634765981696546078e-05
1.586664875503629446e-04
-1.035043387673795223e-03
8.641734602861106396e-04
-3.710601886268705130e-04
-3.843406157102435827e-04
-3.234939358662813902e-04
-2.919035978266038001e-05
-1.001342665404081345e-03
-1.254944247193634510e-03
3.916176210623234510e-04
2.224336349172517657e-04
-8.700972539372742176e-04
8.976273238658905029e-05
5.529529153136536479e-05
-5.392802995629608631e-04
-1.313655957346782088e-04
7.744244066998362541e-05
-1.081250884453766048e-04
-3.129614924546331167e-04
8.523100987076759338e-04
-1.000489806756377220e-03
-2.658691664692014456e-05
1.364361087325960398e-04
2.158147399313747883e-04
-6.726903375238180161e-04
6.668083369731903076e-04
-1.281636650674045086e-03
-1.011037500575184822e-03
2.426824648864567280e-04
-2.517533139325678349e-04
1.083754352293908596e-03
2.517985121812671423e-04
-2.687722735572606325e-04
9.339446842204779387e-05
-3.373880754224956036e-04
-1.026978483423590660e-03
-4.212078638374805450e-04
-3.272423055022954941e-05
-2.808981225825846195e-04
-7.209029281511902809e-04
-6.884321337565779686e-04
-1.127393625210970640e-04
-1.022644573822617531e-03
-3.744971763808280230e-05
1.030330080538988113e-03
-2.137186529580503702e-04
3.922516480088233948e-04
-2.154111425625160336e-04
8.650523377582430840e-04
-2.018814411712810397e-04
-6.642991211265325546e-04
-1.014680834487080574e-03
-3.104882780462503433e-04
3.452072269283235073e-04
5.511105409823358059e-04
1.063266885466873646e-03
-6.752269109711050987e-04
3.038371505681425333e-05
-2.661343751242384315e-05
-3.281803219579160213e-04
7.315049879252910614e-04
-4.669610061682760715e-04
-4.113926261197775602e-04
-1.747674250509589911e-04
-5.431687459349632263e-04
-8.766684914007782936e-06
-5.408827564679086208e-04
-1.248558284714818001e-03
2.141816949006170034e-04
4.327195929363369942e-04
8.492990164086222649e-04
-7.753657409921288490e-04
-8.653435506857931614e-04
6.094067939557135105e-04
-2.110506320605054498e-04
-1.127278083004057407e-04
-2.463340060785412788e-04
-3.766149166040122509e-04
-3.609971026889979839e-04
-3.812061913777142763e-04
-7.745752809569239616e-04
-7.621279219165444374e-04
4.155327915214002132e-04
4.422882338985800743e-04
