8.977405726909637451e-03
4.053268209099769592e-02
-1.224801689386367798e-01
1.532091349363327026e-01
1.572089642286300659e-02
-1.782628241926431656e-04
-1.054350808262825012e-01
-5.940748751163482666e-02
-1.366266012191772461e-01
2.560684084892272949e-01
-3.779577016830444336e-01
-1.279131919145584106e-01
-1.442704070359468460e-02
4.674881324172019958e-02
-1.454150117933750153e-02
-1.676264032721519470e-02
-9.349391609430313110e-02
-5.872200801968574524e-02
-6.892599165439605713e-02
3.879645466804504395e-02
7.895459420979022980e-03
3.672479838132858276e-02
2.769443020224571228e-02
1.780713796615600586e-01
1.782909184694290161e-01
2.023844979703426361e-02
1.639815047383308411e-03
8.920861780643463135e-02
1.552157253026962280e-01
-3.925628587603569031e-02
-1.524896919727325439e-01
-1.442226618528366089e-01
-2.554882317781448364e-02
-3.899993002414703369e-02
1.932119717821478844e-03
3.058902919292449951e-02
-2.982311509549617767e-02
-6.115410942584276199e-04
4.617124423384666443e-02
-1.890128105878829956e-02
1.080706529319286346e-02
1.252251863479614258e-01
6.070791557431221008e-02
-6.945423036813735962e-02
2.494323998689651489e-01
-4.369135200977325439e-02
1.107779145240783691e-01
1.785971075296401978e-01
5.149624124169349670e-02
-1.645034998655319214e-01
1.784044057130813599e-01
-2.362747676670551300e-03
3.413898497819900513e-02
-5.436560139060020447e-02
-5.992951616644859314e-02
1.164063289761543274e-01
-3.897951543331146240e-02
-3.634099289774894714e-02
1.659641861915588379e-01
1.203581131994724274e-02
2.304613143205642700e-01
2.126545645296573639e-02
3.225126117467880249e-02
5.415437370538711548e-02
-1.292267441749572754e-01
3.145772218704223633e-02
1.115222498774528503e-01
1.928155543282628059e-03
1.022936180233955383e-01
2.914355322718620300e-02
-1.014288216829299927e-01
-2.874723635613918304e-03
1.740249395370483398e-01
-1.313809752464294434e-01
1.708115823566913605e-02
-1.319814622402191162e-01
2.719838172197341919e-02
-5.101398006081581116e-02
1.468620449304580688e-01
9.820241481065750122e-03
-1.641624793410301208e-02
1.605844646692276001e-01
-1.690761893987655640e-01
3.545037657022476196e-02
-5.976348742842674255e-02
-6.365362554788589478e-02
-7.833408191800117493e-03
-1.420937329530715942e-01
-1.126034259796142578e-01
-8.290231227874755859e-03
-1.691022515296936035e-02
-4.201720934361219406e-03
7.423058897256851196e-02
-1.018355935811996460e-01
-4.164245724678039551e-02
-1.380637735128402710e-01
4.265194386243820190e-02
-3.493692353367805481e-02
-1.009524464607238770e-01
-1.530802845954895020e-01
-8.518271893262863159e-02
-6.866129487752914429e-02
-3.570038825273513794e-02
-2.596266567707061768e-02
-8.989721536636352539e-02
-1.700322180986404419e-01
-7.203812152147293091e-02
4.554611071944236755e-02
-2.067733556032180786e-01
-1.717347204685211182e-01
1.199868991971015930e-01
-2.148691192269325256e-02
-2.817598283290863037e-01
-3.918830677866935730e-02
-1.750755123794078827e-02
-1.129088029265403748e-01
-1.806866973638534546e-01
2.070203982293605804e-02
-3.424521908164024353e-02
-1.175226569175720215e-01
-2.958103269338607788e-02
-1.018759161233901978e-01
-4.460056498646736145e-02
-1.898597627878189087e-01
-1.868698932230472565e-02
5.503095686435699463e-02
1.293199956417083740e-01
6.427313387393951416e-02
4.261564463376998901e-02
9.322150051593780518e-02
-5.489547038450837135e-04
5.479775369167327881e-02
7.385851349681615829e-03
-1.333451569080352783e-01
-2.233047410845756531e-02
5.910858511924743652e-03
2.206839434802532196e-02
5.957811372354626656e-04
-8.282263576984405518e-02
5.827309936285018921e-02
6.909220665693283081e-02
6.458926945924758911e-02
-6.343729794025421143e-03
1.738061755895614624e-01
1.140244603157043457e-01
-3.783322498202323914e-02
-2.562185749411582947e-02
-1.058217324316501617e-02
1.221957504749298096e-01
2.191962441429495811e-03
