-5.696262419223785400e-02
7.248729467391967773e-02
-1.167789008468389511e-02
2.715100534260272980e-03
-3.716002032160758972e-02
8.119301497936248779e-02
-1.437237113714218140e-01
-1.032507941126823425e-01
-5.472288280725479126e-02
5.900380387902259827e-02
1.322211474180221558e-01
-4.764912277460098267e-02
4.801148548722267151e-02
-1.645743399858474731e-01
-2.984744310379028320e-02
-1.621198505163192749e-01
-2.559974491596221924e-01
-2.339009940624237061e-02
1.033729985356330872e-01
-7.624606788158416748e-02
-1.720276772975921631e-01
-2.975576743483543396e-02
-4.971873015165328979e-02
-1.933255419135093689e-02
-3.188975900411605835e-02
-1.431566476821899414e-01
-2.228696132078766823e-03
1.038571670651435852e-01
1.457795798778533936e-01
-5.764477886259555817e-03
-1.478591114282608032e-01
-1.063519343733787537e-01
1.749065071344375610e-01
-1.693960130214691162e-01
6.591846793889999390e-02
-1.256669014692306519e-01
-1.977620646357536316e-02
-7.096272706985473633e-02
8.448290824890136719e-02
-4.151347279548645020e-02
-1.339234411716461182e-01
4.743013903498649597e-02
-4.360232502222061157e-02
-8.328705281019210815e-02
2.132941968739032745e-02
6.939906626939773560e-02
5.897130444645881653e-02
1.037294939160346985e-01
-4.747076705098152161e-02
1.246503964066505432e-01
-6.830979138612747192e-02
-1.533700674772262573e-01
8.895406872034072876e-02
-1.581070870161056519e-01
-9.732870757579803467e-02
-6.220811977982521057e-02
-5.216296017169952393e-02
-1.072930358350276947e-02
-3.965246677398681641e-02
9.037279337644577026e-02
-5.000364780426025391e-02
-8.635007590055465698e-02
-1.207792535424232483e-01
7.098862528800964355e-02
3.564540296792984009e-02
3.021449968218803406e-02
9.629512578248977661e-02
-6.776828318834304810e-02
2.161262556910514832e-02
-5.466846004128456116e-02
-1.193440631031990051e-01
-2.653693780303001404e-02
3.811651468276977539e-02
-5.402150750160217285e-02
3.610834851861000061e-02
9.022705256938934326e-02
-1.242780089378356934e-01
-8.629520237445831299e-02
-1.033220663666725159e-01
1.021924912929534912e-01
-5.588153749704360962e-02
1.891850233078002930e-01
-2.835052087903022766e-02
1.000423263758420944e-02
-4.257959313690662384e-03
-1.153763756155967712e-01
-8.683103322982788086e-02
2.035721987485885620e-01
-2.279409579932689667e-02
-1.105944439768791199e-01
-1.900561004877090454e-01
-2.091842889785766602e-01
-2.308985590934753418e-01
-1.720239073038101196e-01
-4.076889529824256897e-02
-3.367988020181655884e-02
6.872382014989852905e-02
1.695541664958000183e-02
-8.043781667947769165e-02
5.676634609699249268e-02
-1.089800745248794556e-01
-1.292014420032501221e-01
7.322677224874496460e-02
2.393402345478534698e-02
1.365416944026947021e-01
2.687650620937347412e-01
-7.038772571831941605e-03
-5.061843991279602051e-02
-2.616342157125473022e-02
1.623591035604476929e-01
-1.286323666572570801e-01
-1.011890023946762085e-01
-4.918212071061134338e-02
-7.242438942193984985e-02
1.268479526042938232e-01
8.133400231599807739e-02
-1.994023025035858154e-01
-7.358608394861221313e-02
3.192181512713432312e-02
1.692370921373367310e-01
6.687142699956893921e-02
-2.054392248392105103e-01
-1.487398445606231689e-01
4.178251326084136963e-02
-1.140215154737234116e-02
9.109513461589813232e-02
1.190887242555618286e-01
-1.319518964737653732e-02
1.506898552179336548e-01
2.752993069589138031e-02
2.268244698643684387e-02
-7.919982820749282837e-02
1.140026748180389404e-01
-9.978767484426498413e-02
-6.798630952835083008e-02
-8.514004945755004883e-02
-2.304579019546508789e-01
1.032759025692939758e-01
-1.584496200084686279e-01
-8.485201746225357056e-02
-8.617261797189712524e-02
1.489962786436080933e-01
2.661666087806224823e-02
-1.020302250981330872e-02
-1.202694103121757507e-01
3.347257524728775024e-02
-5.175927653908729553e-02
-2.917307987809181213e-02
-1.207773014903068542e-02
1.506350189447402954e-02
