-1.763631850481033325e-01
1.311737000942230225e-01
1.700237393379211426e-01
6.668877322226762772e-04
1.723608523607254028e-01
-5.634371191263198853e-02
-1.315913498401641846e-01
7.321725785732269287e-02
-6.960009224712848663e-03
-7.858598977327346802e-02
-3.526855260133743286e-02
-6.736452132463455200e-02
9.855830110609531403e-03
-5.620129778981208801e-02
2.352516353130340576e-01
-2.857175096869468689e-02
9.751491993665695190e-02
1.332446932792663574e-01
-1.138681471347808838e-01
2.039973139762878418e-01
-7.780176401138305664e-02
-6.388936191797256470e-02
1.919830292463302612e-01
6.563186645507812500e-02
-6.174369528889656067e-02
1.006406452506780624e-02
-8.788099512457847595e-03
2.522975020110607147e-02
-5.732512474060058594e-02
-3.666106611490249634e-02
3.931269794702529907e-02
2.779677696526050568e-02
1.546297036111354828e-02
9.126747399568557739e-02
5.883071571588516235e-02
3.424414992332458496e-02
-8.335829526185989380e-02
9.832576662302017212e-02
9.048725664615631104e-02
-1.975419931113719940e-02
1.443340443074703217e-02
-1.001150012016296387e-01
-1.033920198678970337e-01
-6.542108207941055298e-02
7.278747111558914185e-02
-1.412687543779611588e-02
-1.401947736740112305e-01
-5.546248052269220352e-03
-1.348663121461868286e-02
9.667010046541690826e-03
-3.947974368929862976e-02
6.015194207429885864e-02
6.308171898126602173e-02
1.979749053716659546e-01
4.706894047558307648e-03
1.641246825456619263e-01
-9.639512002468109131e-02
-1.975898444652557373e-02
2.747929282486438751e-02
-5.387146770954132080e-02
-4.252048209309577942e-03
1.246617212891578674e-01
-5.019752681255340576e-02
-5.743980407714843750e-02
6.370783597230911255e-02
1.956655830144882202e-02
-5.655204877257347107e-02
2.052958309650421143e-02
-5.671099945902824402e-02
7.465821504592895508e-02
2.394763231277465820e-01
-2.140812110155820847e-03
2.408513426780700684e-02
7.432249188423156738e-02
1.425236314535140991e-01
-7.784777879714965820e-02
7.785984128713607788e-02
-5.159081146121025085e-02
5.195969715714454651e-02
5.052652955055236816e-02
-9.477636218070983887e-02
8.341087400913238525e-02
9.641384333372116089e-02
-1.493889279663562775e-02
-1.179924234747886658e-01
6.503437645733356476e-03
1.187841147184371948e-01
-5.552738159894943237e-02
1.217461004853248596e-01
1.349418610334396362e-01
3.334589675068855286e-02
-1.289500296115875244e-02
-9.198674559593200684e-02
-3.834518417716026306e-02
1.235820204019546509e-01
-1.879915595054626465e-01
2.651831507682800293e-02
-7.940053939819335938e-02
1.033035963773727417e-01
1.070113852620124817e-01
