6.496106833219528198e-02
-9.593970328569412231e-02
8.663292229175567627e-02
7.492233812808990479e-02
-1.871133744716644287e-01
-8.743211627006530762e-02
-8.461528271436691284e-02
1.125127747654914856e-01
-1.137028485536575317e-01
1.470565497875213623e-01
-2.516381144523620605e-01
-1.447514295578002930e-01
-1.969615463167428970e-03
-1.188953146338462830e-01
6.738900393247604370e-02
-4.865861684083938599e-02
-1.242098808288574219e-01
-7.635739445686340332e-02
8.648274093866348267e-02
5.676013976335525513e-02
1.004525944590568542e-01
8.331947773694992065e-02
-1.225136592984199524e-01
1.314599066972732544e-01
8.458923548460006714e-02
6.021214276552200317e-02
-1.680365204811096191e-01
-1.641432791948318481e-01
-1.566592603921890259e-02
9.471698850393295288e-02
1.080367043614387512e-01
1.824612170457839966e-01
4.862314090132713318e-02
2.330238232389092445e-03
-8.610109239816665649e-02
7.589907199144363403e-02
2.138443104922771454e-02
-1.806228421628475189e-02
-1.336708962917327881e-01
-9.727761894464492798e-02
-3.523923829197883606e-02
8.821848314255475998e-04
7.602971978485584259e-03
-1.302676349878311157e-01
-5.250014737248420715e-02
-4.412481933832168579e-02
1.602240949869155884e-01
-6.237751990556716919e-02
-3.524209186434745789e-02
9.091889113187789917e-02
-2.447108924388885498e-02
-2.478005886077880859e-01
-4.442082718014717102e-02
-1.166831105947494507e-01
6.438906490802764893e-02
-4.219490662217140198e-02
5.959842354059219360e-02
1.152272615581750870e-02
7.878582179546356201e-02
1.146918907761573792e-02
6.292561441659927368e-02
-1.155458018183708191e-01
-4.507467150688171387e-03
-3.031174838542938232e-02
-4.302075877785682678e-02
2.804520539939403534e-03
3.036812879145145416e-02
-8.587614446878433228e-02
-1.227401942014694214e-01
-7.513225823640823364e-02
-2.385673299431800842e-02
-2.357942610979080200e-01
-1.036196127533912659e-01
1.220625936985015869e-01
-1.308250278234481812e-01
-1.102158725261688232e-01
-1.004751995205879211e-01
-8.840431272983551025e-02
-1.263017207384109497e-01
-2.535982290282845497e-03
-5.260903760790824890e-02
-2.805404178798198700e-02
1.117883548140525818e-01
-1.179096549749374390e-01
-3.116640448570251465e-02
6.160253286361694336e-02
-1.226577982306480408e-01
1.195228397846221924e-01
-3.997946903109550476e-02
9.192707017064094543e-03
-1.685349643230438232e-01
3.034752607345581055e-01
-8.980373293161392212e-02
1.020582020282745361e-01
-7.741103321313858032e-02
-9.129439294338226318e-02
9.346360713243484497e-02
3.450901806354522705e-01
-5.700011551380157471e-02
-6.360567361116409302e-02
-1.532672904431819916e-02
9.865123033523559570e-02
-1.032820343971252441e-01
2.005535550415515900e-02
-5.700727179646492004e-02
-7.880864292383193970e-02
2.982286922633647919e-02
-7.569009810686111450e-02
7.419058680534362793e-02
1.796759665012359619e-01
6.854292005300521851e-02
-1.093345582485198975e-01
1.267556101083755493e-01
-3.533364087343215942e-02
-3.418193757534027100e-02
4.814469814300537109e-02
7.685350719839334488e-03
1.327815502882003784e-01
-1.675480743870139122e-03
1.470266282558441162e-01
