-8.862421661615371704e-02
-3.396926447749137878e-02
2.192220687866210938e-01
-1.738819181919097900e-01
6.778500974178314209e-02
7.111059874296188354e-02
1.226061582565307617e-01
-1.460991352796554565e-01
-9.947585314512252808e-02
-5.717221647500991821e-03
7.324043661355972290e-02
-4.939315374940633774e-03
-7.447130233049392700e-02
-1.245480775833129883e-01
-5.931697413325309753e-02
-2.191656678915023804e-01
-1.202791109681129456e-01
5.166740715503692627e-02
1.358466502279043198e-02
7.165039330720901489e-02
-2.579249069094657898e-02
-5.818213894963264465e-02
-1.417008638381958008e-01
3.586803004145622253e-02
-7.104488904587924480e-04
-3.644450753927230835e-02
1.287031024694442749e-01
-1.113983988761901855e-01
-1.142153292894363403e-01
5.052351579070091248e-02
1.198957115411758423e-01
-2.542114257812500000e-02
1.193441078066825867e-02
1.649051606655120850e-01
-2.132011018693447113e-02
4.371518269181251526e-02
-1.992797255516052246e-01
4.307825490832328796e-02
-2.811139822006225586e-02
-9.725633077323436737e-03
1.549915969371795654e-01
4.771776124835014343e-02
9.951647371053695679e-03
-8.426728844642639160e-02
4.720360413193702698e-02
7.330118864774703979e-02
4.121537134051322937e-02
-7.951924949884414673e-02
-2.245839498937129974e-02
6.059942394495010376e-02
1.028120070695877075e-01
-7.838833332061767578e-02
9.350200742483139038e-02
-2.086810208857059479e-02
-1.419659703969955444e-01
-9.652524441480636597e-02
-1.330788582563400269e-01
-2.354927174746990204e-02
6.828092783689498901e-02
7.348878681659698486e-02
9.754506871104240417e-03
4.209543764591217041e-02
-7.277670502662658691e-02
-1.062047630548477173e-01
-1.541551500558853149e-01
6.793566513806581497e-03
-7.286076247692108154e-02
1.209963709115982056e-01
-1.230013966560363770e-01
1.138093322515487671e-02
2.730187773704528809e-02
7.680951058864593506e-02
1.338077783584594727e-01
-2.478453388903290033e-04
-1.618486195802688599e-01
-1.345511972904205322e-01
6.723874062299728394e-02
-1.642550714313983917e-02
1.193937659263610840e-01
1.450016200542449951e-01
-1.860314309597015381e-01
4.121011123061180115e-02
-8.964195847511291504e-02
-2.582704834640026093e-02
-1.266572773456573486e-01
8.535805344581604004e-02
7.961182296276092529e-02
-1.033142730593681335e-01
-2.482685726135969162e-03
-7.578188925981521606e-02
-1.975613534450531006e-01
-1.746047884225845337e-01
4.383238777518272400e-02
7.736904919147491455e-02
-1.488984469324350357e-02
1.518112719058990479e-01
1.188698038458824158e-01
-6.710494309663772583e-02
2.064342610538005829e-02
-9.605228155851364136e-02
-2.180028334259986877e-02
1.339742261916399002e-02
7.340732961893081665e-02
1.524690836668014526e-01
6.086194142699241638e-02
-1.399622410535812378e-01
5.652444437146186829e-02
-1.378359943628311157e-01
-3.421982377767562866e-02
-6.914820522069931030e-02
-5.204222630709409714e-03
1.051899325102567673e-02
1.810954213142395020e-01
-1.241473332047462463e-01
1.858862638473510742e-01
-1.927868928760290146e-03
1.878160089254379272e-01
1.911891549825668335e-01
-1.944108307361602783e-02
8.777469396591186523e-02
1.176440492272377014e-01
-1.337448060512542725e-01
5.290148407220840454e-02
4.686363413929939270e-02
6.221954897046089172e-02
-1.576418727636337280e-01
7.075476646423339844e-02
-1.407128944993019104e-02
-6.078958138823509216e-02
1.958328532055020332e-03
-2.099295705556869507e-01
-5.428045988082885742e-02
-1.048896461725234985e-01
4.397304356098175049e-02
6.680727750062942505e-02
-4.046936053782701492e-03
-3.279041498899459839e-02
5.715927109122276306e-02
4.502906277775764465e-02
-7.970365136861801147e-02
4.612093046307563782e-02
6.724453717470169067e-02
1.118690744042396545e-01
-1.148548275232315063e-01
1.123689785599708557e-01
-2.648485265672206879e-02
1.552075892686843872e-02
-1.146238818764686584e-01
7.915858924388885498e-02
-7.137248665094375610e-02
