7.958243042230606079e-02
4.579879343509674072e-02
-5.529000610113143921e-02
-2.320724166929721832e-02
1.254382729530334473e-01
-4.239045456051826477e-02
-1.475145225413143635e-03
-1.089736074209213257e-01
1.079153046011924744e-01
-7.737439870834350586e-02
1.337642669677734375e-01
-2.819407964125275612e-04
2.425220608711242676e-02
-4.497354477643966675e-02
2.484086155891418457e-02
-3.765499219298362732e-02
9.960063546895980835e-02
-4.255836457014083862e-02
-1.858080923557281494e-02
1.799129247665405273e-01
-3.211975097656250000e-02
-5.782032385468482971e-04
-1.058652028441429138e-01
-1.954631656408309937e-01
-1.084079444408416748e-01
8.864866197109222412e-02
-6.600792706012725830e-02
3.811256587505340576e-02
-1.151401698589324951e-01
3.055970743298530579e-02
-8.248915523290634155e-02
-1.784673184156417847e-01
-1.055927108973264694e-02
8.478748053312301636e-02
5.428615212440490723e-02
-5.743956938385963440e-02
2.988747358322143555e-01
-1.148957684636116028e-01
-2.233724594116210938e-01
8.503070473670959473e-02
1.169604957103729248e-01
1.581060737371444702e-01
-3.251945599913597107e-02
-9.001281857490539551e-02
8.251712471246719360e-02
-6.570477038621902466e-02
-4.654798284173011780e-02
-9.795867651700973511e-02
5.551539734005928040e-02
2.718935310840606689e-01
9.544321894645690918e-02
1.071584373712539673e-01
8.031661808490753174e-02
1.035961806774139404e-01
4.066805168986320496e-02
-1.186252236366271973e-01
-4.569616913795471191e-02
-5.686413962393999100e-03
-1.690487116575241089e-01
1.340562403202056885e-01
-1.363396942615509033e-01
1.450110226869583130e-01
2.982496321201324463e-01
-6.644676625728607178e-02
1.734438687562942505e-01
-1.349549144506454468e-01
-1.526852548122406006e-01
-7.952108979225158691e-02
-9.461174160242080688e-02
-2.500424347817897797e-02
-4.406893625855445862e-02
-7.499808073043823242e-02
1.076043844223022461e-01
1.609037220478057861e-01
5.844907835125923157e-02
-3.860653564333915710e-02
6.809929013252258301e-02
1.211859434843063354e-01
-9.946372359991073608e-02
-5.520572140812873840e-02
-4.637731984257698059e-02
-4.316686838865280151e-02
1.295619606971740723e-01
-8.022212237119674683e-02
3.084180131554603577e-02
-6.675931159406900406e-03
-1.414431780576705933e-01
-1.219836324453353882e-01
5.289088934659957886e-02
-6.854610890150070190e-02
-5.224978178739547729e-02
-2.379332669079303741e-02
-9.657943993806838989e-02
-1.596711724996566772e-01
1.264612525701522827e-01
2.478712052106857300e-01
-7.086024619638919830e-03
7.079429924488067627e-02
2.038894454017281532e-03
2.092630788683891296e-02
6.438274681568145752e-02
-1.015479862689971924e-02
-4.069918766617774963e-03
2.635691314935684204e-02
1.539743412286043167e-02
-1.044751033186912537e-01
-1.168541088700294495e-01
-5.068679526448249817e-02
2.413289248943328857e-02
-1.286365836858749390e-01
-4.912520572543144226e-02
1.031100004911422729e-01
-4.782997816801071167e-02
1.309554576873779297e-01
3.509103134274482727e-02
-1.716922670602798462e-01
-4.144003242254257202e-02
-6.231463048607110977e-03
8.597269654273986816e-02
-1.072207763791084290e-01
