3.586755781270767329e-08
3.942533339795772918e-07
5.827457272289393586e-08
-9.556582654113299213e-07
-1.567082108522299677e-07
2.138982324595417595e-07
5.161049330126843415e-07
3.832448669527366292e-07
1.016102714856970124e-06
-2.261008233972461312e-07
-9.288726232625776902e-07
1.399622760800411925e-06
1.443103201381745748e-07
7.697994419686438050e-08
8.228499837059644051e-08
-2.514572656764357816e-07
4.598204839112440823e-07
-1.037478796206414700e-07
-7.766688270294253016e-08
-1.989614588637778070e-07
-3.010592877217277419e-07
3.043660967705363873e-08
4.371033313077532512e-08
6.969338528506341390e-07
-1.132197837705462007e-07
-9.321567517872608732e-09
-7.039189426905068103e-07
-6.150449927133649908e-09
-1.351046989839232992e-07
-5.418198156803555321e-08
-2.383566908292777953e-07
-3.798793386522447690e-07
-3.724769612745149061e-07
-3.286162097992928466e-07
5.400312943493190687e-07
-9.742286977143521653e-08
-7.742571028757083695e-09
-7.681687748117838055e-07
-5.535839591175317764e-07
-5.466556558531010523e-07
-7.408193880564795109e-08
-1.038470998082630103e-07
-5.656121402353164740e-07
3.183600938427844085e-08
5.549852630792884156e-07
-6.241614869395561982e-08
2.511845309527416248e-07
2.807846612995490432e-07
-3.731147444341331720e-07
-8.327984915013075806e-07
2.126047462525093579e-07
-2.774817460249323631e-07
5.474066142596711870e-07
2.202982471999348490e-07
-6.529863583182304865e-08
-9.595482879376504570e-07
1.648777924856403843e-06
6.607381237699883059e-07
-6.058281769583118148e-07
4.542795295492396690e-07
7.889835273999779020e-08
-6.967758281462010927e-08
-4.201255592306551989e-07
-8.463537710667878855e-07
5.778308036497037392e-07
1.842201129420573125e-07
-4.233908157402765937e-08
1.726361773535245447e-07
-1.264335480755107710e-07
-6.621588113375764806e-07
1.441148583580798004e-06
-4.554206043394515291e-07
-3.141961144592642086e-07
2.643958794124046108e-07
2.022046743377359235e-07
7.003229711699532345e-07
-1.021088110064738430e-06
2.829370160384314659e-08
2.135326582219931879e-07
-5.107837068862863816e-07
-1.791919146398868179e-07
6.416671567421872169e-07
-2.781522994155238848e-07
-3.175225629092892632e-07
3.616768822212179657e-07
4.504495265678087890e-08
-4.928691055283707101e-07
1.747721967149118427e-09
-2.862995529540057760e-07
-8.112687623906822409e-07
-3.177468386184045812e-07
1.895762693493452389e-07
-6.139982815511757508e-07
-2.117940880452806596e-07
-2.223816579771664692e-07
-2.731572408265492413e-07
4.969356268702540547e-07
-4.824458983421209268e-07
7.583377481523712049e-09
-6.458760282157527399e-08
-7.492101161687969579e-09
1.982242139320078422e-07
-8.728923717171710450e-08
1.477852435982640600e-07
2.959068581276369514e-07
-6.212769108060456347e-07
2.611952822917373851e-07
-8.716153843124629930e-08
4.390756487282487797e-07
1.140406425292894710e-06
1.497439939157629851e-06
-6.791047724163945531e-08
2.629618620630935766e-07
-9.226513952853565570e-08
4.741829116028384306e-07
-7.012194487288070377e-07
-1.568039778021557140e-07
-1.075563460517514613e-07
9.416126545147562865e-09
-1.897907111469976371e-07
1.675120309130306850e-08
6.817055009378236718e-08
-2.695637988381349714e-07
-7.351156341428577434e-07
3.011351168424880598e-10
-5.452902769320644438e-07
-7.300330935322563164e-07
8.043982688832329586e-07
3.880090275742986705e-07
1.620269500790527673e-07
5.133114200361887924e-07
-3.052061714470255538e-08
4.132128026412829058e-07
-1.260261228708259296e-09
7.271569302247371525e-08
-1.607834860806178767e-07
-7.589599135826574638e-07
4.136744848892703885e-07
-4.822911705559818074e-07
-1.464956653762783390e-07
4.718999946362600895e-08
-3.207161825002913247e-08
3.130693926323147025e-09
-5.505077282919046411e-08
1.804939273597483407e-07
9.215490592850983376e-09
-8.652781957607658114e-07
-6.905649385657852690e-09
-8.783701588299663854e-08
-8.286090746878471691e-08
1.105413502955343574e-07
1.819670103486714652e-08
-1.016787564367405139e-06
1.653004346735542640e-07
-3.913771706720581278e-07
2.817272957145178225e-07
-1.905167010818331619e-07
-1.873997206303101848e-07
1.443109596266367589e-07
4.217149012220033910e-07
6.966372438910184428e-07
1.334412615960900439e-07
2.150677005374745931e-07
-3.297151920378382783e-07
1.611129505363351200e-07
4.653987559777306160e-07
4.001349793725239579e-07
2.202373572401938873e-08
-1.610688542541538482e-07
-8.566649256636083010e-08
-4.628874421541695483e-07
-1.855654687688002014e-07
7.401939683404634707e-08
8.413376804128347430e-07
2.522785393921367358e-07
1.133508817474648822e-06
-1.045313979375350755e-06
-1.563195297649144777e-07
2.198701452016393887e-07
-9.159134606306906790e-08
4.455904090150397678e-08
1.328047289916867157e-07
-3.253653915180620970e-07
4.311018244607112138e-07
-9.624210406400379725e-08
-8.624797942502482329e-08
-4.889168963018164504e-07
4.879001380686531775e-07
2.637923159909405513e-07
1.131019899958118913e-07
4.742812791391770588e-07
-4.757148985845560674e-08
3.310030365355487447e-07
3.110729664967948338e-07
4.827122666029026732e-07
5.025266318625654094e-07
1.879402020676934626e-07
-2.267182281912027975e-07
1.410320038530699094e-08
-6.227511448742006905e-07
-4.292776054626301629e-07
3.393440977106365608e-07
-2.336413018610983272e-08
1.620514922251459211e-08
-1.018246962303237524e-07
7.675272399865207262e-07
-2.447712290631898213e-07
-2.740215450103278272e-07
-4.877394985669525340e-07
6.829695280430314597e-07
-1.411992229805036914e-07
-3.783350166486343369e-07
4.656029943816974992e-07
-7.953414069561404176e-07
6.488257895398419350e-07
-5.517784984476747923e-07
-3.768242891055706423e-07
-4.000281137450656388e-07
-3.834814492620353121e-07
4.399635429308546009e-07
-2.775233909346752625e-08
3.068114438065094873e-07
-7.640606014547302038e-08
3.915834838608134305e-07
4.055442559547373094e-07
-3.931953926894493634e-07
-2.068695152956934180e-07
-1.095716655186151911e-07
3.974128048866987228e-07
-2.319857088650678634e-07
1.462858847389725270e-07
6.150677336336229928e-07
-8.215226898755645379e-08
5.718895295103720855e-07
-2.909578142862301320e-07
6.104364160819386598e-07
4.417764216668729205e-07
6.363700322253862396e-08
-5.083169867248216178e-07
-1.653764911679900251e-07
6.442563744712970220e-07
7.492209306292352267e-07
1.268214475658169249e-07
1.413872723787790164e-06
6.974960342631675303e-08
5.810082370771851856e-07
-4.103777655473095365e-07
2.041176685452228412e-07
4.556164014957175823e-07
-1.470293113925436046e-07
-3.165063446886051679e-07
-2.378465211450020433e-07
9.059863970151127432e-08
7.827136414562119171e-07
-2.581620606179058086e-08
-4.749365700718044536e-08
1.021202962192546693e-07
1.845666730559969437e-07
-1.928509760773522430e-07
3.022995542778517120e-08
4.284835313228541054e-07
-4.777164122060639784e-07
-1.270835952027482563e-07
-8.236397093241976108e-07
-8.968471121306720306e-08
1.495293417974608019e-07
-8.367311465917737223e-08
-3.137904869277008402e-08
-1.425103164365282282e-07
-1.205959279104718007e-07
2.945269557130814064e-07
-1.262733917428704444e-09
-5.612390623355167918e-07
-2.641558012328459881e-07
-4.259499917225184618e-07
5.298482506077561993e-07
3.000887716098077362e-08
2.257157234453188721e-07
-3.304988922536722384e-07
-6.187374168575843214e-08
-3.563540076356730424e-07
-1.004655771907891904e-07
-1.408840688554846565e-07
1.468444565944082569e-07
1.842236798665908282e-07
-5.831062139804998878e-07
2.799158949073898839e-07
-4.977828780283743981e-07
-2.081532812781006214e-07
-6.524396667373366654e-08
-3.703618034478495247e-08
-1.117204874390154146e-06
-1.620717000605509384e-07
3.117275468866864685e-07
-5.666214164534721931e-08
2.300884034411865287e-07
4.743867521028732881e-09
-6.125889058239408769e-07
7.751159500912763178e-07
1.816673886878561461e-07
7.817161531420424581e-07
1.208927926654723706e-07
6.853839522591442801e-07
-1.093974475452341721e-07
6.975199084990890697e-07
-4.394499342197377700e-07
3.924668590116198175e-09
1.734945982434510370e-07
-6.289271325954359781e-10
-5.312242592481197789e-07
8.981823498288576957e-07
2.320508940556464950e-07
9.817980384241309366e-08
-8.018797643671859987e-07
3.140536364298895933e-07
-1.383706376145710237e-07
6.307549682560420479e-08
-5.932249678153311834e-07
-6.867495017104374710e-08
1.208881258207838982e-06
-5.820058959216112271e-07
-1.849073427706571238e-08
1.440305084088322474e-07
1.655202055417248630e-07
-2.489654775672534015e-07
-3.592703023969079368e-09
1.316265638706681784e-07
3.268581281190563459e-07
-5.964009233139222488e-07
-5.441588655230589211e-07
3.166146029798255768e-07
-1.353261325220955769e-07
1.885149458757950924e-08
-1.449188431479342398e-07
3.290034555902821012e-08
-1.604095878349198756e-08
4.884785198555618990e-08
-4.637572317278682021e-07
-5.435714456325513311e-07
-8.901378123482572846e-07
1.645153986373770749e-07
-1.177611238745157607e-06
1.681809322917615646e-07
-3.112672857241705060e-07
-7.041580829536542296e-08
1.222584273818938527e-06
-1.378303068122477271e-06
-7.640993970881027053e-08
-7.062852205308445264e-07
1.929096882236081001e-09
1.554767266043199925e-07
-1.512188134711323073e-07
-6.000887537993548904e-07
-3.042884202386630932e-07
-9.165670462607522495e-07
-6.255893580942029075e-10
-4.123369024000567151e-07
3.804665738016410614e-08
1.048708497819461627e-07
-7.499860430471017025e-07
4.426820225944538834e-07
1.965831870620604604e-07
-6.357114443744649179e-07
-5.006738845736435906e-08
-4.481181576920789666e-07
3.307273175323643954e-07
-7.724065653746947646e-07
-1.561210041245431057e-07
2.320792304999486078e-07
9.458016592134299572e-08
-2.798159925987420138e-08
-4.414763736804161454e-07
1.026159907269175164e-06
3.094959666327667946e-08
5.281191306494292803e-07
1.602103480990990647e-07
6.187232770571426954e-08
-5.565847800426126923e-07
-7.263555517056374811e-07
-9.195701267117328825e-08
-2.057090284779405920e-07
-1.524666402019647649e-07
-3.741193097539508017e-07
1.820197894630837254e-07
3.105693053839786444e-07
-1.934733546704592300e-07
1.181363359137321822e-06
-1.296144773732521571e-07
6.487400696641998366e-07
-1.394585069647291675e-07
-8.877652248884260189e-07
-3.086733499912952539e-07
-4.322456561567378230e-07
-4.032480376281455392e-07
-5.294355176488352299e-08
-4.628994645372586092e-07
-1.566718879075779114e-07
-3.375486983259179397e-07
4.306922392061096616e-07
-4.385659906347427750e-07
-8.025056530414076406e-08
-1.107586626858392265e-07
-3.073925540775235277e-07
5.922976242800359614e-07
7.656952902834746055e-07
3.078354211538680829e-07
2.801577352329331916e-07
-2.704275061660155188e-07
-8.524644101726153167e-08
-5.013305326428962871e-08
1.712339781079208478e-07
1.848732154030585662e-07
9.650110541770118289e-07
-2.769210993847082136e-07
6.518073405459290370e-07
9.414122104089983623e-08
-3.847195557682425715e-07
3.471102161256567342e-07
-4.818132737227642792e-08
7.633414611518674064e-07
-3.411589943880244391e-07
-2.044596669747988926e-07
2.896678665820218157e-07
5.373767919536476256e-08
3.685427145683206618e-07
-1.037700712913647294e-06
-6.568186705635525868e-08
-2.493989654794859234e-07
4.430503395269624889e-07
4.762297578508878360e-08
-5.481334142132254783e-07
8.024173325793526601e-08
-3.525533429638016969e-07
-2.529697553654841613e-07
3.349055646140186582e-07
6.815461972564662574e-08
-3.138903537092119223e-07
-6.086039547881227918e-07
4.257129830875783227e-07
-1.333583270479721250e-07
6.708730211357760709e-07
2.416586539766285568e-07
-2.607557121336867567e-07
-6.025079528626520187e-07
-3.971959188220353099e-07
-3.970128830133035081e-07
-1.200441033688548487e-06
1.141353180855730898e-07
-2.008536199582522386e-07
1.097079476153339783e-07
