-3.662184998393058777e-02
-7.159744948148727417e-02
-1.913482323288917542e-03
-7.769570220261812210e-03
-4.770871624350547791e-02
6.161011755466461182e-02
-3.697311878204345703e-02
-9.089286625385284424e-02
-2.712286449968814850e-02
-5.353504791855812073e-02
1.500183939933776855e-01
-2.270399928092956543e-01
-1.763577223755419254e-03
2.201710194349288940e-01
-1.629235297441482544e-01
6.330295652151107788e-02
1.073263883590698242e-01
-2.138108946382999420e-02
6.318851560354232788e-02
6.195065751671791077e-02
-1.274621933698654175e-01
6.170677021145820618e-02
-1.233562007546424866e-01
1.877405941486358643e-01
5.441854521632194519e-02
-3.244572877883911133e-02
8.774641901254653931e-02
-1.682057336438447237e-04
9.426773339509963989e-02
2.975205704569816589e-02
1.125937402248382568e-01
-1.770665682852268219e-02
8.234424889087677002e-02
-1.507287770509719849e-01
-1.681498140096664429e-01
-7.934792339801788330e-02
1.612634658813476562e-01
5.245741084218025208e-02
6.002041697502136230e-02
-3.558300063014030457e-02
4.064273461699485779e-02
7.487669587135314941e-02
5.303659662604331970e-02
-7.493770867586135864e-02
-7.697246037423610687e-03
-1.662990450859069824e-02
-1.314404010772705078e-01
-1.057293713092803955e-01
1.085365191102027893e-01
1.178447306156158447e-01
-3.115219995379447937e-03
-1.266024410724639893e-01
6.933446973562240601e-02
-8.414658159017562866e-02
6.824355572462081909e-02
-4.675959050655364990e-02
-1.175962388515472412e-01
-1.160466596484184265e-01
-3.945155441761016846e-02
-1.713681593537330627e-02
2.524789795279502869e-02
-7.362266629934310913e-02
6.244520470499992371e-02
1.532408595085144043e-01
-1.250398624688386917e-02
-1.451367326080799103e-02
4.799953475594520569e-02
2.587692253291606903e-02
-2.254973910748958588e-02
-9.455139189958572388e-02
1.157463565468788147e-01
4.202581010758876801e-03
-9.810191392898559570e-02
1.274475157260894775e-01
5.274834111332893372e-02
-3.436465859413146973e-01
3.596956282854080200e-02
-7.213647663593292236e-02
1.349207311868667603e-01
5.164374411106109619e-02
-1.173531860113143921e-01
8.277397602796554565e-02
-5.503506213426589966e-02
-5.291429907083511353e-02
-1.084909215569496155e-02
-1.059004515409469604e-01
-4.072742164134979248e-02
5.941020697355270386e-02
-6.957200914621353149e-02
-1.597882211208343506e-01
2.033181637525558472e-01
-6.343171745538711548e-02
-1.067180838435888290e-02
-6.855411082506179810e-02
-1.485089063644409180e-01
-7.241952419281005859e-02
-5.676868185400962830e-02
-5.627843365073204041e-02
-1.990149728953838348e-02
2.934658154845237732e-02
-1.024874821305274963e-01
-1.394016891717910767e-01
-1.136932149529457092e-01
1.324502080678939819e-01
2.455647801980376244e-03
2.809678390622138977e-02
-8.855371922254562378e-02
1.571449041366577148e-01
4.188312962651252747e-02
-2.438749000430107117e-02
-1.015263423323631287e-01
5.896117538213729858e-02
-1.497935056686401367e-01
1.078768819570541382e-01
-8.739049546420574188e-03
-6.204370781779289246e-02
-3.810783103108406067e-02
-1.137075722217559814e-01
7.631691545248031616e-02
1.512104123830795288e-01
-9.411094337701797485e-02
-1.425199806690216064e-01
4.490809142589569092e-02
7.243066281080245972e-02
-7.214797288179397583e-02
-1.729781366884708405e-02
-6.349568068981170654e-02
4.547610133886337280e-02
6.814979016780853271e-02
-2.953934483230113983e-02
4.904192686080932617e-02
-1.235572248697280884e-02
7.671628892421722412e-02
3.037010505795478821e-02
1.829752177000045776e-01
1.623621731996536255e-01
5.849120393395423889e-02
6.098103150725364685e-02
4.486842080950737000e-02
-6.330708414316177368e-02
2.351900376379489899e-02
-4.943781346082687378e-02
7.157371938228607178e-02
-8.864010125398635864e-02
-2.130226641893386841e-01
9.750346839427947998e-02
1.011303812265396118e-01
1.082023233175277710e-01
-6.193912401795387268e-02
-8.193132467567920685e-03
