-1.574054509401321411e-01
3.327362537384033203e-01
-3.611984103918075562e-02
-3.084645271301269531e-01
-7.416932284832000732e-02
-3.299577534198760986e-01
1.099710315465927124e-01
-5.469132661819458008e-01
8.650114536285400391e-01
-1.588787317276000977e+00
-6.946442276239395142e-02
-6.852807402610778809e-01
3.579618930816650391e-01
1.498687453567981720e-02
4.493719935417175293e-01
-3.913364112377166748e-01
-6.484671682119369507e-02
3.404666483402252197e-01
4.002790749073028564e-01
-4.527072906494140625e-01
9.573228657245635986e-02
-9.524107724428176880e-02
1.210521340370178223e+00
3.775747716426849365e-01
4.829933047294616699e-01
1.045773863792419434e+00
-3.288151025772094727e-01
1.473910361528396606e-02
4.321703314781188965e-01
5.897102504968643188e-02
1.236350014805793762e-01
-1.809041053056716919e-01
2.286488711833953857e-01
9.144045114517211914e-01
-3.379098773002624512e-01
-2.876510284841060638e-02
-7.099844813346862793e-01
-5.732061713933944702e-02
-5.718519091606140137e-01
2.776718139648437500e-01
5.670100450515747070e-01
-4.486989974975585938e-01
-3.740879893302917480e-01
-3.123875260353088379e-01
-7.150676846504211426e-02
-4.767876118421554565e-02
-5.893471240997314453e-01
-3.363675475120544434e-01
-4.518756270408630371e-01
-7.988197356462478638e-02
-3.532612919807434082e-01
8.984836190938949585e-02
3.927375748753547668e-02
2.986038923263549805e-01
2.004768103361129761e-01
-7.545363306999206543e-01
-1.689549982547760010e-01
-3.676613271236419678e-01
3.858527243137359619e-01
2.500426769256591797e-01
4.553322121500968933e-02
-5.327341556549072266e-01
5.491658449172973633e-01
-1.764965355396270752e-01
9.194127470254898071e-02
-3.205894231796264648e-01
-2.105588167905807495e-01
-1.566595584154129028e-01
-3.303073942661285400e-01
4.533422589302062988e-01
5.993033647537231445e-01
-2.556076943874359131e-01
5.559397339820861816e-01
2.382442951202392578e-01
-1.064765080809593201e-01
-2.431515455245971680e-01
-3.872480988502502441e-01
-4.290243685245513916e-01
-7.562242746353149414e-01
1.242967605590820312e+00
4.173940122127532959e-01
-7.063837647438049316e-01
3.848715424537658691e-01
1.258856207132339478e-01
-8.682337403297424316e-01
-6.812000870704650879e-01
-4.807537794113159180e-01
-6.937975287437438965e-01
3.953850865364074707e-01
5.422671437263488770e-01
3.142512738704681396e-01
1.755946427583694458e-01
3.833169341087341309e-01
-2.573141595348715782e-03
-3.194207549095153809e-01
4.171811938285827637e-01
-1.229101300239562988e+00
6.409091353416442871e-01
-9.761234372854232788e-02
4.270077347755432129e-01
1.162757948040962219e-01
-3.955221474170684814e-01
-9.820275306701660156e-01
-5.280203223228454590e-01
3.935368359088897705e-02
3.168822526931762695e-01
-2.625404298305511475e-01
-6.201246976852416992e-01
-2.373057454824447632e-01
8.221080899238586426e-02
-2.521150112152099609e-01
8.297111093997955322e-02
8.888473510742187500e-01
4.485435187816619873e-01
-3.291267752647399902e-01
4.140036702156066895e-01
-4.622312784194946289e-01
8.488036990165710449e-01
-5.006574988365173340e-01
-1.405967026948928833e-01
3.769198358058929443e-01
-3.180808722972869873e-01
1.288931369781494141e+00
6.084829568862915039e-01
-1.112555712461471558e-01
5.053551793098449707e-01
-4.031430482864379883e-01
-9.482517838478088379e-01
