8.097544312477111816e-02
-2.372769266366958618e-02
-2.216341532766819000e-02
2.419090364128351212e-03
-8.590321987867355347e-02
-1.050394922494888306e-01
-2.246932387351989746e-01
9.997797012329101562e-02
-6.715503521263599396e-03
4.053172841668128967e-02
-1.015376001596450806e-01
7.922073453664779663e-02
3.247446194291114807e-02
-1.077016070485115051e-01
-2.007973790168762207e-01
-9.426113963127136230e-02
-2.027781754732131958e-01
1.685869693756103516e-01
1.038728505373001099e-01
3.756099380552768707e-03
3.435191884636878967e-02
1.158390343189239502e-01
-8.559974282979965210e-02
-2.283811122179031372e-01
7.883023470640182495e-02
3.361644223332405090e-03
9.370078146457672119e-02
-1.696832850575447083e-02
-6.477420032024383545e-02
-2.298304289579391479e-01
-8.557093143463134766e-02
-1.601765863597393036e-02
-1.215705350041389465e-01
1.259463280439376831e-01
-1.178518086671829224e-01
6.280014663934707642e-02
1.388841122388839722e-01
-1.042382195591926575e-01
1.859997585415840149e-02
-1.226788014173507690e-01
-2.355268150568008423e-01
-8.497878164052963257e-02
1.191237717866897583e-01
-1.303431987762451172e-01
-5.970017611980438232e-02
-3.811236843466758728e-02
3.250304609537124634e-02
-1.359435617923736572e-01
1.171659454703330994e-01
-2.889358066022396088e-02
-6.998997926712036133e-02
4.001505300402641296e-02
5.219709873199462891e-02
-1.915273442864418030e-02
-1.259529739618301392e-01
-6.304175406694412231e-02
2.333350107073783875e-02
-1.175478845834732056e-01
-1.363877803087234497e-01
-7.004509866237640381e-02
-1.968948841094970703e-01
1.737545616924762726e-02
2.948227152228355408e-02
-1.453699171543121338e-01
-1.383877545595169067e-01
1.413929462432861328e-01
1.455561816692352295e-01
-9.133212268352508545e-03
-8.453821390867233276e-02
5.623264238238334656e-02
1.979904714971780777e-03
-1.040485873818397522e-01
-1.004518270492553711e-01
1.177646126598119736e-02
-7.613132148981094360e-02
-5.395766720175743103e-02
-5.005760490894317627e-02
-2.870913445949554443e-01
1.032288745045661926e-01
3.207240998744964600e-02
8.628258109092712402e-02
-9.971534833312034607e-03
-2.309667132794857025e-02
-3.762953355908393860e-02
-6.882985681295394897e-02
6.370552629232406616e-02
-5.127303674817085266e-02
-3.682923037558794022e-03
-1.493550986051559448e-01
-9.059669822454452515e-02
1.339653730392456055e-01
-8.695638179779052734e-02
3.461584076285362244e-02
4.265873506665229797e-02
-3.950578719377517700e-02
-5.365459248423576355e-02
-5.056412518024444580e-02
-1.131712645292282104e-01
6.868813931941986084e-02
-5.023273825645446777e-02
-6.586743146181106567e-02
-9.900104254484176636e-02
-2.436507726088166237e-03
1.079206764698028564e-01
-5.777196958661079407e-03
1.035844087600708008e-01
2.343111932277679443e-01
-1.274859160184860229e-01
-1.002769097685813904e-01
2.899897471070289612e-02
-2.436764538288116455e-02
2.988141775131225586e-02
-7.845371216535568237e-02
8.028758689761161804e-03
1.485243141651153564e-01
5.940578877925872803e-02
-1.624162495136260986e-01
-1.129167079925537109e-01
8.291402831673622131e-03
-1.340906918048858643e-01
