5.807760771858738735e-06
-6.385261258401442319e-06
-4.919334969599731266e-06
-8.632073331682477146e-06
1.920616705319844186e-05
9.657954933572909795e-07
-2.195817069150507450e-05
8.507446182193234563e-06
1.195057757286122069e-05
-6.592612407985143363e-06
-1.189092472486663610e-06
-1.596492802491411567e-05
1.720855470921378583e-05
1.744355540722608566e-05
-9.633566151023842394e-06
-1.940613765327725559e-05
1.089817715183016844e-06
-5.862574653292540461e-06
4.212414523863117211e-07
-2.512771970941685140e-05
-3.158329036523355171e-06
1.816366193452267908e-06
9.302927537646610290e-06
-5.860083547304384410e-06
-7.737925784567778464e-07
-5.981376034469576553e-06
-6.665777618763968349e-07
-2.068754656647797674e-05
2.650862734299153090e-05
-7.166263458202593029e-06
5.934807063567859586e-07
1.122622325055999681e-05
-1.105514820665121078e-05
6.998037861194461584e-06
6.075183136999839917e-06
-2.920520273619331419e-06
1.034647357300855219e-05
-1.040613642544485629e-05
1.574851557961665094e-05
1.600034556759055704e-05
-3.302631284896051511e-06
2.685741492314264178e-05
1.997192521230317652e-05
1.813255039451178163e-06
7.244715561682824045e-06
1.076749686035327613e-05
-1.582041295478120446e-05
-1.589933845025370829e-06
-5.167745712242322043e-06
5.710271580028347671e-06
1.007448008749634027e-05
5.910113486606860533e-06
4.938465281156823039e-07
1.799101664801128209e-05
-7.544549589511007071e-07
9.564437277731485665e-06
-5.515500561159569770e-06
-2.982076694024726748e-06
-2.327949459868250415e-07
-2.458221388224046677e-06
-9.797868187888525426e-07
-4.407240339787676930e-06
-2.432518158457241952e-06
9.751601282914634794e-06
9.880341167445294559e-08
-1.995935963350348175e-05
-7.928902050480246544e-06
-6.647385816904716194e-06
9.492910976405255497e-06
-2.458450217091012746e-05
-5.614964493361185305e-07
1.703487032500561327e-05
-6.743862286384683102e-06
-9.419899470231030136e-06
-2.172564927604980767e-05
4.545181582216173410e-07
1.646885539230424911e-05
4.055267254443606362e-06
-2.600091647764202207e-05
1.684284870862029493e-05
-3.044338654945022427e-06
9.303441402153111994e-06
2.295060221513267606e-05
2.129819904439500533e-06
-6.259950168896466494e-06
4.246616299496963620e-06
-9.277795470552518964e-06
-1.559227894176729023e-05
1.251391404366586357e-05
2.048672286036890000e-05
2.002044857363216579e-05
7.173733251875091810e-08
9.867790140560828149e-09
-2.613968717923853546e-06
-1.469581275159725919e-05
-6.382574611052405089e-06
1.041121140588074923e-05
4.137498308409703895e-06
-2.397963726252783090e-05
1.719699503155425191e-05
9.903749742079526186e-06
-1.762803549354430288e-06
-8.078619430307298899e-06
2.341846993658691645e-05
-1.791983959265053272e-05
1.789292036846745759e-05
8.814959784331222181e-08
-1.009722836897708476e-06
-1.610413619346218184e-06
-2.681010118976701051e-05
2.681583646335639060e-05
-9.492931894783396274e-06
2.222767579951323569e-05
7.039646334305871278e-06
-1.806144246074836701e-05
1.138151333179848734e-06
-1.987215227927663364e-06
-9.442146620131097734e-08
3.416493427721434273e-06
-2.750600833678618073e-05
-3.701880814332980663e-06
5.837635399075224996e-06
-2.388787152085569687e-06
-1.167923073808196932e-05
-4.526518750935792923e-06
1.402323596266796812e-05
-2.008364026551134884e-05
2.046457848337013274e-05
-1.178371257992694154e-05
2.018839222728274763e-05
4.716458352049812675e-05
-7.599151103931944817e-06
1.839785363699775189e-05
1.400890141667332500e-06
2.800738366204313934e-05
-9.434379535377956927e-06
6.905100235599093139e-06
5.886910003027878702e-06
-2.699364449654240161e-05
1.213220821227878332e-05
-5.666172455676132813e-06
1.184421307698357850e-07
1.491533930675359443e-05
1.102767964766826481e-05
-3.787568493862636387e-05
-6.356613084790296853e-06
-1.092126808543980587e-06
-4.045733658131211996e-05
-7.048718543956056237e-06
-1.500671987741952762e-05
-2.504148369553149678e-06
-1.192288073070812970e-05
-5.063230673840735108e-06
-1.482313382439315319e-05
-2.374138603045139462e-06
-5.130817044118884951e-06
-1.227007032866822556e-05
-1.362888542644213885e-05
-6.689072051813127473e-08
1.049474667524918914e-05
1.903963493532501161e-05
1.101345787901664153e-06
9.048582796822302043e-06
1.392738795402692631e-05
2.817335553118027747e-05
1.184594293590635061e-05
1.092852107831276953e-05
1.955112566065508872e-05
2.129184758814517409e-05
-3.169961564708501101e-05
-1.739991603244561702e-06
-6.114934876677580178e-06
-1.864570731413550675e-05
-2.404712904535699636e-05
-6.096289325796533376e-06
2.061454779322957620e-06
-1.302336386288516223e-05
3.142189825666719116e-06
9.164875791611848399e-08
4.452557732292916626e-06
7.159987944760359824e-06
4.259641627868404612e-06
-4.799165935764904134e-07
7.817807272658683360e-06
1.160654483101097867e-05
1.895104287541471422e-05
1.567804974911268800e-05
-2.536150759624433704e-06
5.782899734185775742e-06
2.413638412690488622e-06
1.517233613412827253e-05
-5.481006155605427921e-06
2.967526370412087999e-06
-5.271573172649368644e-06
9.961299838323611766e-07
1.363008323096437380e-05
-8.350694770342670381e-06
-3.312750050099566579e-05
6.413469236576929688e-06
1.202573275804752484e-05
-2.656781134646735154e-06
-8.521587915311101824e-07
-3.780187853408278897e-06
-1.024527591653168201e-05
-5.542255166801624000e-06
8.851818620314588770e-07
-4.024128429591655731e-05
-1.115515988203696907e-05
2.736470150921377353e-06
1.633235478948336095e-05
-3.805781034316169098e-06
-2.507339377189055085e-05
-1.230346151714911684e-05
8.315782906720414758e-07
4.743727458844659850e-06
-6.703245162498205900e-06
-5.836647233081748709e-06
-8.745500053919386119e-06
1.923007039295043796e-05
-7.031487257336266339e-06
7.379400813078973442e-06
-8.075951882346998900e-06
-9.122162737185135484e-06
-1.159563362307380885e-05
1.530265581095591187e-05
-1.600569703441578895e-05
3.668527278932742774e-05
2.793333806039299816e-05
-1.283111942029790953e-05
2.053429398074513301e-06
1.389876888424623758e-05
-5.224464985076338053e-07
2.395757655904162675e-05
-1.572761721035931259e-05
-3.058192760363453999e-06
-2.581162516435142606e-05
7.008863121882313862e-06
2.950778252852614969e-06
4.669234840548597276e-06
-4.377390723675489426e-06
1.209835500048939139e-05
-1.200882252305746078e-05
1.346790395473362878e-05
1.038862501445692033e-05
-3.769274826481705531e-06
2.883371234929654747e-05
5.437422714749118313e-06
-1.098309621738735586e-05
2.713188405323307961e-05
-2.539481101848650724e-06
-9.431753824173938483e-06
1.373529630654957145e-05
-2.518863948353100568e-05
3.024783836735878140e-05
-1.055660504789557308e-06
-7.604417646689398680e-07
5.826332767355779652e-07
2.985192440974060446e-05
-1.881850039353594184e-05
4.107978384126909077e-06
-2.087568827846553177e-05
4.749943400383926928e-06
-6.352817308652447537e-06
-2.231124017271213233e-05
4.808840458281338215e-06
-1.886090467451140285e-05
-6.327886694634798914e-07
7.374351753242081031e-06
-1.847959538281429559e-05
-2.218487225036369637e-06
1.309749222855316475e-05
-2.819469227688387036e-05
7.339519470406230539e-06
-7.558837296528508887e-06
-1.245238399860681966e-05
-4.899527539237169549e-07
-1.999514097406063229e-05
3.187455376973957755e-06
1.235564559465274215e-05
8.152944246830884367e-06
-8.684477506903931499e-06
8.537503163097426295e-06
9.237575795850716531e-06
-3.767470479942858219e-05
7.168293905124301091e-06
1.079479443433228880e-05
-5.067090114607708529e-06
1.154605683950649109e-06
-1.703800444374792278e-05
5.342425993148935959e-06
1.042956409946782514e-05
-1.289790088776499033e-05
9.712702194519806653e-06
-7.671319508517626673e-06
1.364657327940221876e-05
-1.408936168445507064e-05
-1.291087028221227229e-05
-8.192415407393127680e-06
5.829512701893690974e-06
-1.676128886174410582e-05
-1.662278918956872076e-06
1.408498064847663045e-06
6.554356332344468683e-06
-2.113792652380652726e-05
1.057690951711265370e-06
3.500147067825309932e-05
5.316484930517617613e-06
1.399849679728504270e-05
-2.541737922001630068e-05
-1.847489693318493664e-05
-1.192888589685026091e-06
1.993041405512485653e-05
-1.199461985379457474e-05
9.601272722647991031e-06
1.834014801715966314e-05
-6.388004749169340357e-06
-1.751149397932749707e-06
-1.075138789019547403e-05
2.217454857600387186e-05
2.006253271247260273e-05
-1.202499333885498345e-05
3.204950553481467068e-05
-5.357757800084073097e-06
1.290513500862289220e-05
-2.924554428318515420e-05
-9.265477274311706424e-06
2.259190296172164381e-06
8.672569492773618549e-06
-6.399287940439535305e-06
-8.223145414376631379e-06
-9.188931926473742351e-08
4.790688308276003227e-06
2.248191231046803296e-05
9.082840733753982931e-06
-6.840912192274117842e-08
-1.978426371351815760e-05
5.343777047528419644e-06
5.274732757243327796e-06
-1.226878339366521686e-05
-1.757263817125931382e-05
-1.063929448719136417e-05
-3.016057007698691450e-06
2.865463557100156322e-06
1.348125078948214650e-05
8.600077308074105531e-06
-5.658537702402099967e-06
3.996423765784129500e-05
4.625206656783120707e-06
2.305596171936485916e-05
-7.708494194957893342e-06
2.437558805468142964e-06
-1.682902279753761832e-06
-4.398177225084509701e-06
6.404321766240173019e-07
6.243881216505542397e-06
1.029933901008917019e-05
-9.290422894991934299e-06
-3.561683115549385548e-06
-9.737397704157046974e-06
-1.432316730642924085e-05
2.941888794794067508e-07
1.149781201092991978e-05
-1.958385382749838755e-06
-9.294722076447214931e-07
1.441180302208522335e-05
6.901541382831055671e-06
5.638831680698785931e-06
1.857590723375324160e-05
2.237978878838475794e-05
-1.744298242556396872e-05
4.135155904805287719e-06
-2.577109626145102084e-06
-1.146804788731969893e-05
-8.699058525962755084e-06
-2.386724736425094306e-05
1.006402362691005692e-05
-6.338768798741512001e-07
5.604219950328115374e-06
4.508293386606965214e-06
5.610112566500902176e-06
2.323923354197177105e-06
5.458016858028713614e-06
7.339702733588637784e-06
-1.022826018015621230e-05
3.209484930266626179e-06
1.314704604737926275e-05
-9.786092959984671324e-06
-1.942870403581764549e-05
4.865659775532549247e-06
3.224890406272606924e-06
-1.994735976040828973e-05
-7.505246685468591750e-06
-3.357271452841814607e-06
1.445969246560707688e-05
3.299154559499584138e-05
-8.395947588724084198e-06
-1.635923354115220718e-06
-1.117354622692801058e-05
-1.638124922465067357e-05
-2.200685048592276871e-05
6.720101282553514466e-06
-1.546507701277732849e-05
9.850763490248937160e-06
1.332764804828912020e-05
2.039926584984641522e-06
-2.571683808128000237e-06
-1.177475041913567111e-05
-8.072744321907521226e-07
-1.323317519563715905e-05
-5.925028744968585670e-06
1.387045176670653746e-05
1.310610878135776147e-05
1.332809461018769071e-05
-7.357048161793500185e-06
-2.555310493335127831e-05
-5.043641522206598893e-06
2.870049320335965604e-05
-9.404608135810121894e-06
-2.016672624449711293e-05
-1.999629603233188391e-05
-5.440971563075436279e-06
5.581996447290293872e-06
2.363345083722379059e-05
5.501048235601047054e-06
2.895622310461476445e-05
-1.453763070458080620e-05
4.541273028735304251e-07
-1.873847941169515252e-05
-2.284820766362827271e-05
2.001861503231339157e-07
-2.624081162139191292e-06
-3.946663127862848341e-06
-2.244706956844311208e-05
1.943075585586484522e-05
-7.651750820514280349e-06
1.137604158429894596e-05
3.250951704103499651e-05
7.497043498005950823e-06
6.081536412239074707e-06
1.509507274022325873e-05
-5.426070401881588623e-06
-2.401563506282400340e-05
1.064191746991127729e-05
-7.277461463672807440e-06
-1.557951918584876694e-06
5.376823992264689878e-06
2.216887423855951056e-06
-2.981191755679901689e-07
-2.665613010321976617e-06
1.976261046365834773e-05
