4.42762636838,0.391358509706
0.118361563841,0.0723893125192
0.105145311495,0.0666542185703
0.082846038905,0.0579036519979
0.063800224266,0.0507826397778
0.0523891230929,0.0463264529826
0.0453577405307,0.0434509687359
0.0404703812557,0.0413332192693
0.0367895728617,0.0395692470251
0.0339337510988,0.0381425929372
0.0315074668499,0.0367894841766
0.0295568751695,0.0357253649854
0.0277772016823,0.034598118061
0.0262544878467,0.0336703491048
0.0249728220282,0.0328397265694
0.0237071685726,0.031964310637
0.0226797151496,0.0311929118528
0.0216677719436,0.0304422900546
0.0207459670899,0.0297371896973
0.0199264927156,0.0291048739979
0.0191861719271,0.0284727020015
0.0184478814946,0.0279050079524
0.0177202799678,0.0272684594966
0.0170916943112,0.0268342185591
0.0164939976181,0.0263125751866
0.015878506747,0.0257330523396
0.0153393858141,0.0252243803872
0.0148540052644,0.024872053857
0.014354514482,0.0243698754464
0.0139727058791,0.02401297529
0.0135639879707,0.0235400204139
0.0132076520327,0.023335214
0.0128155313374,0.0228617478337
0.0125131252425,0.0225162801333
0.0121809709526,0.0221186954586
0.0118931846431,0.0219287208922
0.0116180488025,0.0215245242347
0.0113793710101,0.0212940591853
0.0110857820953,0.0209332853759
0.0108538593369,0.0206606365071
0.0106226651784,0.0204436462489
0.0104077576456,0.0202660827665
0.0102043147577,0.0199137769872
0.00998140624579,0.0196283975616
0.00977664523962,0.0194936269545
0.00961138483544,0.0191509632859
0.00942649812787,0.019058091598
0.00927371696744,0.0187882071448
0.00907006466878,0.0185310377012
0.00893683170871,0.0183265141502
0.0087798171895,0.0181493087992
0.00862363920605,0.0179302375502
0.00847861606453,0.017748041093
0.00834158770012,0.017518441414
0.00820522100694,0.0173495339026
0.00808178535663,0.017232834638
0.00795325172512,0.017076180171
0.00783061134571,0.016914393875
0.00770211153576,0.0166865212028
0.00760042608599,0.0165091281728
0.0074742023673,0.0163525189564
0.00737601853616,0.0162242039049
0.00726146514498,0.0160520263482
0.00716811350721,0.0159108152584
0.00704727182165,0.015729762445
0.006965754868,0.0156157560123
0.00686132040573,0.0154826379963
0.00675946655974,0.0152777552226
0.00666596613009,0.0151594440249
0.00658796248899,0.0150346728216
0.00650412034302,0.0149189684598
0.00640826181043,0.0147770006937
0.00632247079629,0.0145747719798
0.0062455174746,0.0144803482079
0.00616394152312,0.014427435142
0.00609076591645,0.0142710098473
0.00601177400531,0.0141435694357
0.00593646242778,0.0140386587766
0.00586462517676,0.013897167219
0.00578725533996,0.0137611248763
0.00572451734042,0.0136594043433
0.00565203808655,0.0135497280426
0.00558466449293,0.0134203192283
0.00552024945209,0.0133937845996
0.00546172860777,0.0132609751745
0.0053909472088,0.0131649645482
0.00532923524006,0.0130496227997
0.00527183829399,0.0129790415231
0.00521164993697,0.0128664151445
0.00515172573068,0.0127528189449
0.00509723535069,0.0127048031369
0.00503928488615,0.0125484331395
0.00498900767852,0.0125084407657
0.00493638202461,0.0123961821577
0.00488493052326,0.0122623894102
0.00483014454803,0.0121998085466
0.00478527024825,0.0121287840069
0.00473801094122,0.0120383690839
0.00469246520515,0.011963501104
0.00464635703174,0.0118627154152
0.00460324298183,0.0117889220593
0.00455605689931,0.0117282163643
0.00451799912844,0.0116294072417
0.00447925750632,0.011579301118
0.00443482190894,0.0114759331511
0.00440078538304,0.0114234751236
0.0043539652288,0.01132333969
0.00432247328936,0.0112612504308
0.00428550251017,0.0112092904281
0.00425209713067,0.0111529607821
0.00421141033366,0.0110789268685
0.00418006655891,0.0109783276886
0.00414416085332,0.0109495679993
0.00411433709378,0.0108662829589
0.00408207679502,0.0108010984462
0.00404709503928,0.0107179821382
0.00401706240373,0.0106593803706
0.00399102125593,0.0106299710984
0.00395695996704,0.0105368405959
0.00392814603547,0.010471692498
0.00390162749027,0.0104253494996
0.00387071746736,0.0103509898239
0.00384300838705,0.0102909218462
0.003816494286,0.0102445631521
0.00378962300092,0.0101904808456
0.00376593417968,0.0101387709699
0.00373562821624,0.0100536223996
0.00371230079545,0.0100093576562
0.00368876651046,0.0099728059402
0.00366329583849,0.00991772598354
0.00364344632908,0.00989159443416
0.00361813757263,0.0098208181269
0.00359373938481,0.00976124870358
0.0035705730028,0.0097160353791
0.00354987968312,0.00967493120115
0.00352713083848,0.00962794154184
0.00350599696249,0.00957388294628
0.00348475742576,0.00953317115782
0.00346343205456,0.0094742085188
0.00344460111301,0.00943416739174
0.00342407831558,0.00939412022126
0.00340457942511,0.00934995962307
0.00338324501136,0.00929677796958
0.00336399346779,0.00923389723466
0.00336887239901,0.00930038792721
0.00334840809664,0.00925020614814
0.00332842542703,0.00920447388926
0.00330932176294,0.00915511622588
0.00329062677774,0.00911302634777
0.00327368779981,0.00907704608835
0.00325348529077,0.00903054688242
0.00323770874966,0.00897744872491
0.00321883263678,0.00894573864789
0.00320447981794,0.00889968681295
0.00318560745145,0.00886414634733
0.00317182096405,0.00882164414506
0.00315476493124,0.00878124275769
0.00313941180357,0.00874009825056
0.00312402232739,0.00870299648377
0.00310896515148,0.00867349209584
0.00309402503553,0.00862176023948
0.00308013471731,0.00858766703168
0.00306524106709,0.00855447019858
0.00305204881661,0.00851989155781
0.00303798264358,0.00848594229028
0.00302448988441,0.00845272224251
0.00301122700621,0.00841919739323
0.00299805993709,0.00838792875002
0.00298557154019,0.00835893273033
0.00297280640079,0.00832675981801
0.00296064836075,0.00829937187227
0.00294839598209,0.00826773159206
0.00293649483137,0.008238691109
0.00292473650334,0.00820962991565
0.00291306428844,0.00817990571086
0.00290172594105,0.00815165672393
0.00289056417896,0.00812434974214
0.0028795520695,0.00809666277637
0.00286869612755,0.00806916636502
0.00285801879945,0.00804211885988
0.00284752183143,0.00801483461983
0.0028371767723,0.00798851969739
0.00282700555326,0.00796275030298
0.0028169614372,0.0079363975965
0.00280708681385,0.00791134757019
0.0027973334727,0.00788593065517
0.00278779537475,0.00786140959826
0.00277833412547,0.00783680136665
0.0027690691255,0.0078128738809
0.00275992661918,0.00778862769366
0.00275091582007,0.00776456753374
0.00274207401671,0.00774138632696
0.00273331249336,0.00771791957377
0.00272475878373,0.00769562141941
0.00271631896976,0.00767276553088
0.00270796538971,0.00765079694829
0.00269977503558,0.00762882290728
0.00269169688036,0.00760720659164
0.00268377897009,0.00758600647241
0.00267597689017,0.00756522924639
0.00266833348942,0.00754544270312
0.00266072954983,0.00752492230822
0.00265329096655,0.00750532193779
0.00264597339919,0.00748525156232
0.0026387221289,0.0074661297127
0.00263155757129,0.00744627664244
0.0026245248082,0.00743013708125
0.0026177082771,0.0074101345017
0.00261097020775,0.00739125228429
0.00260425572706,0.00737215815316
0.0025976637342,0.00735376277298
0.00259113054635,0.00733616252692
0.00258475706796,0.00731888948358
0.00257840722625,0.00730185245629
0.00257220060594,0.00728422589746
0.00256605651448,0.00726782783022
0.00255994491745,0.00725096992537
0.00255391887913,0.00723409554776
0.00254812717794,0.00721484092501
0.00254322598921,0.00720100800099
0.00253714419232,0.00718257796834
0.00253125318886,0.00716627109214
0.00252565669216,0.00715022033692
0.00252006119517,0.00713458401005
0.00251458138664,0.00711922188057
0.00250923322455,0.00710439705581
0.00250395307376,0.00708939413307
0.00249876736125,0.00707490751083
0.00249361090282,0.00706042943202
0.00248855673708,0.00704630036198
0.00248358510944,0.00703229694336
0.00247872676846,0.00701879723056
0.00247389786527,0.00700542028644
0.00246915353273,0.00699228931044
0.00246447136451,0.00697931894538
0.00245987728667,0.00696660980029
0.00245536305956,0.00695417086536
0.00245085576244,0.00694168128248
0.00244641887693,0.00692945470801
0.00244207136602,0.00691738972091
0.00243778089316,0.00690566241828
0.00243355485982,0.00689413589716
0.00242938525553,0.00688275027642
0.00242523399502,0.00687132863823
0.00242115345136,0.00686027848569
0.00241711752606,0.00684931575524
0.00241314109517,0.00683845025924
0.00240919227581,0.006827670036
0.00240531443997,0.00681700427522
0.00240185798211,0.00680852471996
0.00239869750294,0.00680914557452
0.00239449053697,0.00678971561138
0.00239125036569,0.00678869709227
0.00238721324167,0.00677065599884
0.00238402038194,0.00676892518677
0.00238020144679,0.00675210184127
0.00237701839396,0.00674976485607
0.00237332979377,0.0067335206797
0.00237021533394,0.0067311042978
0.00236664581353,0.00671537703311
0.0023635929032,0.00671293450287
0.00236012669884,0.00669780263124
0.00235712799113,0.00669517995411
0.002353774125,0.00668063618796
0.00235079777449,0.00667773494497
0.00234755664897,0.0066637220938
0.00234466271795,0.00666085196426
0.00234151633413,0.0066474239793
0.00233877266583,0.00664529607602
0.00233587937801,0.00663562431
0.00233287195115,0.00662907118094
0.00233013180659,0.00662118033506
0.00232736757353,0.00661455876252
0.0023246279452,0.00660745353962
0.00232186623289,0.00659981823264
0.00231914539763,0.00659238637163
0.0023164620583,0.00658509693458
0.00231383622886,0.00657813964935
0.0023112254501,0.00657110848406
0.0023086571895,0.00656445193308
0.0023061246502,0.00655780416273
0.00230362232105,0.00655112497188
0.00230114978549,0.00654456136399
0.00229870694566,0.00653804413159
0.0022962821793,0.00653158800415
0.0022938921149,0.0065252297034
0.00229154130211,0.00651894260081
0.00228920015179,0.00651271672832
0.002286888054,0.00650658984669
0.00228461396764,0.00650054084981
0.00228236717048,0.00649455197126
0.00228014992608,0.00648863190872
0.00227795555111,0.00648274558334
0.00227578852828,0.00647696708766
0.00227365046994,0.00647130736033
0.0022715316456,0.00646563992341
0.00226941164401,0.00645980974223
0.00226718146369,0.00645167129987
0.00226522348057,0.00644515564782
0.00226328531135,0.00644090220885
0.00226127425231,0.00643564837519
0.00225929291664,0.00643039610295
0.00225732053404,0.00642511531914
0.00225538006016,0.00641997772473
0.00225345302897,0.00641486452369
0.00225154378459,0.00640974551789
0.002249420109,0.00640440015268
0.00224777604089,0.00640043934982
0.00224616505911,0.00639869035367
0.00224404927976,0.00639155980316
0.00224239743548,0.00638776381529
0.00224065168768,0.00638324139873
0.00223890409507,0.00637848916376
0.00223745475014,0.00637592489511
0.00223544393994,0.00637012200023
0.002233931913,0.00636598924903
0.00223249035189,0.00636366815597
0.00223059357631,0.00635820516181
0.0022288805867,0.00635110206931
0.00222742035403,0.00634834263474
0.00222590465237,0.00634697511705
0.00222437510783,0.0063417487414
0.00222271729472,0.00633623010654
0.00222139137004,0.0063342092064
0.00221965279961,0.00632842359337
0.00221827288333,0.00632644404832
0.00221687645244,0.00632274332311
0.0022153362992,0.00631891721569
0.0022139050081,0.00631528666418
0.00221249479982,0.00631183067599
0.00221113840707,0.00630864618142
0.00220971156923,0.0063047509233
0.00220818321504,0.00629959654907
0.0022070982759,0.00629831539554
0.00220569697594,0.00629468034895
0.00220435638548,0.00629150909663
0.00220305340954,0.00628801442654
0.00220175675058,0.00628465031041
0.00220048063165,0.00628175870806
0.00219911443637,0.006278022482
0.00219801426174,0.00627517721296
0.00219667350975,0.00627156408154
0.00219556199518,0.00626875121234
0.00219434461687,0.00626579532691
0.00219310885659,0.00626330969681
0.00219190322277,0.00625990682165
0.00219077710171,0.00625725692516
0.00218955173186,0.00625391868816
0.00218842641334,0.00625123395585
0.00218731056193,0.00624844694103
0.00218620179621,0.00624583630852
0.00218511147214,0.0062432200808
0.00218402591418,0.00624060758855
0.00218295824379,0.00623802591726
0.00218190209271,0.00623549357988
0.00218085155066,0.00623296787526
0.00217981051137,0.00623043278028
0.002178762927,0.00622780688282
0.00217775866913,0.00622547699313
0.00217676332977,0.00622313192871
0.00217576235409,0.00622064392519
0.00217477333681,0.00621828654403
0.00217379163187,0.00621579181461
0.00217282129852,0.00621337971679
0.00217193307217,0.00621122915327
0.00217098784997,0.00620894067397
0.0021700608122,0.00620668889314
0.00216913883851,0.00620442821673
0.00216822561597,0.00620227003819
0.00216729303284,0.00619994336739
0.00216642599407,0.00619794663799
0.00216553161736,0.00619572394498
0.0021646713747,0.00619377791445
0.00216379733974,0.00619159883499
0.00216295608043,0.00618965200993
0.00216210037979,0.00618768538407
0.00216127811254,0.00618565351615
0.00216043783475,0.00618366576236
0.00215963555529,0.00618186718057
0.00215883283199,0.00618002347037
0.0021580361652,0.00617821489577
0.00215724243826,0.00617641508143
0.00215646456418,0.00617462383234
0.00215568980639,0.00617276436678
0.00215491708186,0.00617092988396
0.00215416453721,0.00616918162123
0.0021534153806,0.00616745674197
0.00215267178464,0.00616574466112
0.00215193888471,0.00616406678455
0.00215120894136,0.00616238152288
0.00215048925929,0.0061607156269
0.00214977841679,0.00615910139168
0.00214907527006,0.00615750393044
0.0021483794113,0.00615590703383
0.00214769284721,0.00615434037172
0.00214701267651,0.00615279455087
0.00214633966461,0.00615124084288
0.00214567700095,0.00614971319883
0.00214501299815,0.00614819863258
0.00214436212373,0.0061467057385
0.00214371604634,0.00614523660624
0.00214307897768,0.0061437953118
0.00214244690578,0.0061423584586
0.00214182199052,0.00614093791373
0.00214120245982,0.00613954189175
0.00214059116915,0.00613817278645
0.00213998359104,0.00613681829418
0.00213938296729,0.00613547567918
0.00213878946633,0.00613416625129
0.00213820299323,0.00613287892484
0.0021376237346,0.00613157992339
0.00213704756061,0.00613029543456
0.00213648053032,0.00612901960849
0.00213591794345,0.00612773354806
0.00213536096708,0.00612649851973
0.00213481365972,0.00612526855257
0.00213427013332,0.00612406556611
0.00213373188271,0.0061228556995
0.00213319475006,0.00612167352374
0.002132668169,0.00612052368524
0.00213214495852,0.00611938243383
0.00213162661385,0.00611823697545
0.00213111374433,0.00611712825921
0.00213060633214,0.00611602317949
0.00213010324624,0.00611492856115
0.00212960655808,0.00611383931391
0.00212911094786,0.00611274574185
0.00212862316948,0.00611169703334
0.00212814117294,0.00611064068362
0.00212766555487,0.00610960879276
0.00212719035844,0.00610856583371
0.00212672186026,0.00610758470866
0.00212625523563,0.00610660277744
0.00212579732506,0.00610560645291
0.00212534403145,0.00610462784825
0.00212489739279,0.00610365820903
0.00212444883655,0.00610266835574
0.00212401030658,0.00610171150329
0.00212357687487,0.00610074828001
0.0021231431143,0.00609979601577
0.00212271832352,0.00609886139428
0.00212229526551,0.00609793559706
0.00212187857978,0.00609699967463
0.00212146752674,0.00609611334803
0.00212105611718,0.00609520889848
0.00212065701089,0.00609433202626
0.00212025499022,0.00609345363046
0.00211985364695,0.00609256372263
0.00211946285344,0.00609171978576
0.00211907371486,0.0060908659987
0.00211868903934,0.00609001925332
0.00211830741355,0.00608919157239
0.00211792865884,0.00608838243788
0.00211755315322,0.00608757776208
0.0021171805045,0.00608676746779
0.00211681066212,0.00608597489918
0.00211644563497,0.00608517720393
0.00211608496174,0.00608439925709
0.00211572521839,0.0060836170509
0.0021153716134,0.00608285104681
0.00211502021411,0.00608209264319
0.00211467649133,0.00608135418006
0.00211433454569,0.00608062131214
0.00211399723958,0.00607990621356
0.0021136610907,0.00607917045272
0.00211333104962,0.00607846340718
0.00211300053816,0.00607775169337
0.00211267615523,0.00607704516733
0.00211235357783,0.00607634409389
0.00211203639701,0.00607567258121
0.0021117200813,0.00607498465106
0.00211140810534,0.00607432549878
0.00211110000382,0.00607367731136
0.00211079372129,0.00607304074365
0.00211049103564,0.00607239051315
0.00211018678237,0.00607173664466
0.00210988858998,0.00607110414421
0.00210959271135,0.00607046252699
0.00210930171452,0.00606984740589
0.00210901257233,0.00606920875871
0.00210872890566,0.00606861155538
0.00210844618377,0.00606799814268
0.00210816756808,0.00606740234216
0.00210789265439,0.00606680654309
0.00210762163078,0.00606623784697
0.00210735258188,0.00606566423085
0.00210708726008,0.0060651044565
0.00210682249126,0.0060645260106
0.00210656381678,0.00606398506206
0.00210630535148,0.00606342847022
0.00210605170505,0.00606288908893
0.00210579846243,0.0060623479425
0.00210555000995,0.00606181772309
0.00210530145014,0.00606128381187
0.00210505782525,0.0060607753534
0.0021048149174,0.00606025711604
0.00210457486392,0.00605975303333
0.00210433868997,0.00605925040145
0.0021041048225,0.0060587703425
0.00210387279549,0.00605827679537
0.00210364206032,0.00605777439487
0.00210341604106,0.00605729013478
0.00210319065118,0.00605681771995
0.00210296672194,0.00605632668448
0.002102748162,0.00605585652229
0.00210252953366,0.0060553898933
0.0021023132791,0.00605492056347
0.00210210088662,0.00605446387781
0.00210188970595,0.00605401835346
0.00210167883924,0.00605356622109
0.00210147227226,0.00605312078405
0.00210126641578,0.00605268545041
0.00210106323684,0.00605224270839
0.00210086334264,0.00605181462161
0.00210066516629,0.00605138265091
0.00210046607426,0.00605095803476
0.00210027326575,0.00605054767075
0.00210007930073,0.00605013733875
0.00209988932802,0.00604973322334
0.00209969931384,0.00604931948037
0.00209951286015,0.00604892185947
0.00209932686703,0.0060485250593
0.00209914334919,0.00604813282989
0.00209896228698,0.00604774286039
0.00209878291462,0.00604735083762
0.00209860469477,0.00604697472008
0.00209842919394,0.00604659188102
0.00209825427301,0.00604621111997
0.00209808292057,0.00604583624372
0.00209791096422,0.00604547273833
0.00209774155919,0.00604510663106
0.00209757505327,0.00604474000284
0.00209740898936,0.00604438136361
0.00209724545057,0.0060440334506
0.0020970831396,0.00604368965578
0.00209692266581,0.0060433566221
0.00209676430932,0.00604302212741
0.00209660586916,0.00604267884773
0.00209645021241,0.00604234672501
0.00209629591336,0.00604201550159
0.00209614389569,0.00604168174323
0.00209599355876,0.00604135876347
0.00209584320473,0.0060410400416
0.00209569605795,0.00604072921997
0.00209554926951,0.0060404207281
0.002095404387,0.00604010851966
0.00209526095969,0.00603980538144
0.0020951197017,0.00603950769582
0.0020949784066,0.00603921312286
0.00209483901199,0.00603890987695
0.00209470194386,0.0060386162877
0.00209456499033,0.00603831966728
0.00209443047606,0.00603803175036
0.00209429667593,0.00603774380725
0.00209416439684,0.00603746251581
0.00209403347981,0.00603717376798
0.002093905125,0.00603689834097
0.00209377549982,0.00603661736241
0.00209364907641,0.00603635249281
0.00209352358543,0.00603608403617
0.00209339865869,0.00603581776813
0.00209327564917,0.00603555593989
0.00209315428547,0.00603529887449
0.00209303222546,0.0060350437474
0.00209291294268,0.00603478755511
0.00209279505871,0.00603453294607
0.00209267718783,0.00603427967872
0.0020925617966,0.00603404114081
0.00209244721555,0.00603379342938
0.00209233321875,0.00603355188505
0.00209222111589,0.00603331627644
0.00209210944195,0.00603307856218
0.00209199886522,0.00603285162797
0.00209188924528,0.00603261297365
0.00209178224759,0.0060323858328
0.00209167414723,0.00603216196178
0.00209156868186,0.0060319324708
0.00209146451962,0.00603170749528
0.00209136032754,0.00603148505324
0.00209125795445,0.00603126400238
0.00209115625294,0.00603105094924
0.00209105537033,0.00603084096365
0.00209095545142,0.00603062575246
0.00209085699207,0.00603041826253
0.00209075919192,0.00603021159477
0.00209066268762,0.00603000948176
0.00209056734348,0.00602980625699
0.00209047206736,0.00602961135155
0.00209037862624,0.00602941031393
0.0020902854114,0.00602921381214
0.00209019357462,0.0060290246096
0.00209010264662,0.00602883364336
0.00209001237054,0.00602864637622
0.00208992304397,0.00602845870308
0.00208983456214,0.00602827858675
0.0020897475606,0.00602809667471
0.0020896609527,0.00602792388672
0.00208957570103,0.00602774078288
0.00208949022963,0.00602756360458
0.00208940619013,0.00602738792077
0.00208932389141,0.00602721265896
0.00208924112885,0.00602703349869
0.00208915970325,0.00602686332422
0.00208907884917,0.00602669556829
0.00208899923928,0.00602653097885
0.00208891986076,0.00602636531694
0.00208884197345,0.00602620624559
0.00208876438664,0.00602604725427
0.00208868726913,0.00602588568727
0.00208861170577,0.00602572831413
0.00208853617441,0.00602557467646
0.0020884615984,0.00602541854023
0.00208838784201,0.00602526185539
0.0020883147281,0.00602510974131
0.00208824260189,0.00602495663916
0.00208817056664,0.00602480214729
0.00208809891592,0.00602465191332
0.00208802924353,0.00602450493898
0.00208795991639,0.00602435660694
0.00208789107164,0.00602421096701
0.00208782251793,0.00602406521211
0.00208775507635,0.0060239260536
0.00208768896809,0.00602378419717
0.00208762180118,0.00602364074293
0.00208755695894,0.00602350394183
0.00208749176818,0.00602336381125
0.00208742827162,0.00602323303319
0.00208736429813,0.00602309816604
0.00208730142695,0.00602296233119
0.0020872390578,0.00602283212938
0.00208717783462,0.00602270504169
0.00208711628366,0.0060225749854
0.00208705570549,0.00602244906331
0.00208699592404,0.00602232208475
0.00208693698332,0.00602219736757
0.00208687779523,0.00602207580814
0.00208682018128,0.00602195574465
0.00208676265574,0.0060218336148
0.0020867059131,0.00602171275241
0.00208664896127,0.00602159325936
0.00208659344498,0.00602147458849
0.00208653790323,0.00602135706722
0.00208648313892,0.00602124271682
0.00208642908328,0.00602112854976
0.00208637510332,0.00602101337281
0.00208632242648,0.00602089995664
0.00208626953499,0.00602078989032
0.00208621786624,0.00602068397129
0.00208616617965,0.00602057609794
0.00208611511407,0.00602047227439
0.00208606493907,0.00602036458149
0.00208601439335,0.00602026000852
0.00208596526063,0.00602015658078
0.00208591604205,0.00602005122637
0.00208586775407,0.00601994860044
0.00208581926418,0.00601984749374
0.00208577168887,0.00601974892779
0.00208572461524,0.00601964865782
0.00208567749032,0.00601954938465
0.00208563190536,0.00601945131784
0.00208558572122,0.00601935711602
0.00208554062483,0.00601926177478
0.00208549592899,0.00601916644955
0.0020854515471,0.00601907240634
0.00208540771782,0.00601897954912
0.00208536411701,0.00601889292011
0.00208532115648,0.00601880189352
0.00208527844661,0.00601871326508
0.00208523644105,0.00601862392796
0.0020851950685,0.0060185383496
0.0020851533558,0.00601845367055
0.0020851123274,0.00601836451387
0.00208507155839,0.00601828126237
0.00208503174144,0.00601820006996
0.00208499181063,0.00601811796223
0.00208495225415,0.00601803409518
0.00208491347767,0.00601794952963
0.00208487489908,0.00601787224732
0.00208483682218,0.00601778936543
0.00208479871762,0.00601771123183
0.00208476129155,0.00601763164741
0.00208472390586,0.00601755432435
0.00208468752753,0.00601747858163
0.00208465083342,0.00601740092825
0.00208461509865,0.0060173227117
0.00208457940098,0.00601724786829
0.00208454423882,0.00601717384416
0.00208450944665,0.00601710034534
0.00208447457408,0.0060170282959
0.00208444033306,0.00601695303631
0.00208440661299,0.00601688304887
0.00208437286383,0.00601681211119
0.00208433982625,0.00601674030477
0.00208430662933,0.00601667096926
0.00208427450161,0.00601660326502
0.00208424199081,0.00601653557096
0.00208420999661,0.0060164709168
0.00208417852846,0.00601640414679
0.00208414716799,0.00601633938495
0.00208411615604,0.00601627384458
0.00208408556027,0.00601620869129
0.002084055265,0.0060161447298
0.00208402509052,0.00601608188299
0.00208399502917,0.00601601889502
0.00208396587441,0.00601595539338
0.00208393637477,0.00601589527068
0.00208390767584,0.00601583363896
0.00208387884886,0.00601577250345
0.00208385056576,0.00601571310981
0.00208382237761,0.00601565340767
0.00208379446231,0.00601559372153
0.00208376718037,0.00601553602028
0.00208373967798,0.00601547830302
0.00208371254957,0.00601542178629
0.00208368612475,0.00601536322793
0.00208365935468,0.00601530663698
0.00208363313977,0.00601525264792
0.00208360729775,0.00601519644406
0.00208358161217,0.00601514034497
0.00208355617506,0.00601508859108
0.00208353075577,0.00601503402722
0.00208350601533,0.0060149813944
0.00208348085434,0.00601493024587
0.00208345650863,0.0060148794204
0.00208343245031,0.00601482919592
0.00208340847421,0.00601477963937
0.00208338451775,0.00601473022398
0.00208336100695,0.00601467884844
0.0020833378414,0.00601463126222
0.00208331453141,0.00601458223391
0.00208329177694,0.00601453653071
0.00208326919674,0.00601448803791
0.00208324670493,0.00601444031054
0.00208322460676,0.006014393855
0.00208320224701,0.00601434819837
0.00208318073055,0.00601430215756
0.00208315907257,0.00601425677887
0.00208313802541,0.00601421084139
0.00208311682472,0.00601416503487
0.00208309577174,0.00601412310643
0.00208307523608,0.00601407779905
0.00208305452288,0.0060140353904
0.0020830344085,0.00601399195002
0.00208301409948,0.00601395086269
0.00208299441583,0.00601390870288
0.00208297447825,0.00601386940398
0.00208295526245,0.00601382764435
0.00208293573014,0.00601378912543
0.0020829165438,0.00601374617254
0.0020828977842,0.00601370680815
0.002082879101,0.00601366671035
0.00208286045672,0.00601362563466
0.00208284203836,0.00601358763088
0.00208282387357,0.0060135485619
0.00208280575316,0.00601351303339
0.00208278805185,0.00601347351621
0.0020827702876,0.00601343813614
0.002082752774,0.00601340075809
0.00208273557073,0.0060133639272
0.00208271816773,0.00601332768856
0.00208270132644,0.00601329284982
0.00208268450478,0.00601325566822
0.00208266795307,0.00601322081347
0.00208265149777,0.0060131863298
0.00208263515597,0.00601315207896
0.00208261919252,0.00601311808277
0.00208260298277,0.00601308474143
0.00208258706334,0.00601305222372
0.00208257156082,0.00601301864954
0.00208255580364,0.00601298610709
0.00208254053541,0.00601295470697
0.00208252510674,0.00601292233187
0.00208251027252,0.00601289228653
0.00208249503085,0.00601285998127
0.002082480221,0.00601283064316
0.00208246560687,0.00601279915718
0.00208245105787,0.0060127707693
0.00208243665365,0.00601274034561
0.00208242239496,0.00601271151099
0.0020824082796,0.0060126817727
0.00208239426902,0.00601265337464
0.00208238046725,0.00601262570854
0.00208236692779,0.00601259755204
0.00208235323553,0.00601257031813
0.00208233990816,0.00601254217036
0.00208232650984,0.00601251471671
0.00208231340621,0.00601248888415
0.00208230028402,0.00601246095757
0.00208228755146,0.00601243529818
0.00208227450712,0.00601240771357
0.00208226204413,0.0060123831965
0.00208224933922,0.00601235642971
0.00208223708505,0.00601233168563
0.00208222468355,0.00601230505708
0.00208221255962,0.00601228040177
0.00208220053501,0.00601225485152
0.00208218861735,0.00601223153062
0.00208217673244,0.00601220787503
0.00208216505744,0.00601218321099
0.00208215355487,0.00601215971983
0.00208214186168,0.00601213554328
0.00208213068072,0.00601211376197
0.00208211919889,0.00601208986627
0.00208210828096,0.00601206768188
0.00208209703051,0.00601204517152
0.00208208628101,0.00601202399412
0.00208207546093,0.00601200063102
0.00208206473908,0.00601197973883
0.0020820541682,0.00601195820054
0.00208204370865,0.00601193852635
0.00208203330803,0.00601191735332
0.00208202311042,0.00601189709851
0.00208201289061,0.00601187599095
0.00208200282941,0.00601185596752
0.00208199281988,0.00601183456456
0.00208198301916,0.00601181559323
0.0020819732621,0.00601179445948
0.00208196354688,0.00601177465578
0.00208195393607,0.00601175445918
0.00208194456936,0.00601173486357
0.00208193509534,0.00601171509043
0.00208192586506,0.00601169703004
0.00208191654783,0.00601167681743
0.00208190748926,0.00601165885309
0.00208189846417,0.00601164041436
0.00208188948491,0.00601162204111
0.00208188078432,0.00601160523365
0.0020818718931,0.00601158681675
0.00208186331693,0.00601157031051
0.00208185465526,0.00601155205804
0.00208184620788,0.00601153528114
0.00208183781979,0.00601151736773
0.00208182934221,0.00601150011207
0.00208182122515,0.006011483974
0.00208181300877,0.00601146704576
0.00208180482332,0.00601145092369
0.00208179685687,0.00601143458625
0.00208178897228,0.00601141984516
0.00208178101093,0.00601140375511
0.00208177337263,0.00601138949569
0.00208176563283,0.00601137363556
0.00208175791267,0.00601135920588
0.00208175046137,0.00601134371973
0.00208174289437,0.0060113280837
0.00208173548999,0.006011314223
0.00208172815437,0.00601129969873
0.00208172095117,0.00601128643611
0.00208171367194,0.0060112709587
0.00208170658552,0.00601125626999
0.00208169948455,0.00601123958186
0.00208169247526,0.00601122480439
0.00208168552454,0.00601121037616
0.00208167875317,0.00601119654457
0.00208167199489,0.00601118203631
0.00208166513839,0.0060111683415
0.00208165862787,0.00601115437603
0.00208165200202,0.00601114037127
0.00208164555224,0.00601112676231
0.00208163901334,0.00601111262513
0.00208163266689,0.00601110002608
0.0020816263419,0.00601108620467
0.00208162007802,0.006011074259
0.00208161395385,0.00601106175309
0.00208160773545,0.00601104899688
0.00208160170041,0.00601103770896
0.0020815955766,0.0060110251361
0.00208158965906,0.0060110142862
0.00208158381902,0.00601100205968
0.00208157801062,0.00601099064079
0.0020815721793,0.00601097778563
0.00208156650115,0.00601096595201
0.00208156077424,0.00601095369057
0.00208155519504,0.00601094183221
0.00208154963002,0.00601092978468
0.00208154414977,0.0060109187747
0.00208153868043,0.00601090786804
0.00208153334424,0.00601089681732
0.00208152802115,0.00601088599942
0.00208152262967,0.00601087523828
0.00208151747393,0.00601086442184
0.00208151227853,0.006010853115
0.00208150713152,0.0060108421254
0.00208150210201,0.00601083170623
0.00208149702266,0.00601082119974
0.00208149204409,0.00601081099157
0.00208148704151,0.00601080111082
0.00208148220954,0.00601079026528
0.00208147735175,0.00601078062318
0.00208147258709,0.00601077098254
0.0020814678548,0.00601076124731
0.0020814631127,0.00601075246668
0.00208145850847,0.00601074346632
0.00208145386205,0.00601073505823
0.00208144936441,0.00601072598802
0.00208144475655,0.00601071654673
0.00208144029748,0.00601070741686
0.00208143592827,0.0060106986406
0.00208143147502,0.00601068968535
0.00208142718548,0.00601068128017
0.00208142284246,0.0060106722507
0.00208141859657,0.00601066355739
0.00208141444527,0.00601065461087
0.00208141026051,0.00601064623334
0.00208140615796,0.00601063764625
0.00208140209033,0.00601062883215
0.00208139799142,0.00601061997586
0.00208139406386,0.00601061103807
0.00208139007518,0.00601060228655
0.00208138614835,0.00601059294859
0.00208138225753,0.00601058429456
0.00208137839909,0.00601057623426
0.00208137467671,0.00601056817104
0.00208137086593,0.00601055970037
0.00208136719521,0.00601055189181
0.00208136339461,0.0060105435914
0.00208135978937,0.00601053576247
0.00208135620778,0.0060105274024
0.00208135263456,0.00601051948615
0.00208134910972,0.0060105128432
0.00208134561944,0.00601050607947
0.00208134216373,0.00601049918769
0.00208133867636,0.00601049190736
0.00208133535452,0.00601048481622
0.00208133201413,0.00601047634991
0.00208132871412,0.00601046908268
0.00208132542612,0.00601046180964
0.00208132216067,0.00601045457151
0.00208131899999,0.00601044817013
0.00208131578984,0.00601044143405
0.00208131263644,0.00601043462375
0.00208130954525,0.00601042833441
0.00208130641331,0.00601042130875
0.00208130333485,0.00601041547779
0.00208130034043,0.00601041000482
0.00208129727253,0.00601040399779
0.00208129436069,0.00601039891335
0.00208129143975,0.00601039274625
0.00208128851409,0.00601038738241
0.00208128554477,0.00601038196473
0.00208128282102,0.00601037628658
0.00208127993465,0.00601037110027
0.00208127721999,0.00601036695734
0.00208127446676,0.00601036197331
0.00208127170954,0.00601035736327
0.00208126899488,0.00601035246509
0.00208126625948,0.00601034677675
0.00208126365796,0.00601034189021
0.00208126104772,0.00601033667917
0.00208125847494,0.00601033231214
0.00208125584504,0.00601032754348
0.00208125332683,0.00601032277045
0.00208125077843,0.00601031757105
0.00208124825112,0.00601031289989
0.00208124581914,0.00601030863181
0.00208124337732,0.00601030338876
0.00208124096716,0.00601029881509
0.00208123856173,0.00601029387617
0.00208123612938,0.00601028840611
0.00208123375814,0.00601028321253
0.00208123136472,0.00601027782541
0.00208122912081,0.00601027209486
0.00208122680451,0.00601026739605
0.00208122452059,0.00601026277145
0.00208122227232,0.00601025842625
0.00208122002805,0.00601025473734
0.00208121782562,0.00601025036885
0.0020812156974,0.00601024647476
0.00208121353899,0.00601024180069
0.00208121136347,0.00601023758209
0.00208120925927,0.00601023404452
0.00208120717871,0.00601023065683
0.00208120508469,0.00601022745395
0.00208120299612,0.00601022364863
0.00208120095776,0.0060102202493
0.00208119899726,0.0060102169562
0.00208119691051,0.00601021304756
0.00208119497365,0.00601021025941
0.00208119304843,0.0060102067815
0.00208119111958,0.00601020356553
0.00208118910632,0.00601020073518
0.0020811873208,0.00601019766036
0.0020811853854,0.00601019414171
0.00208118353803,0.00601019124297
0.0020811817496,0.00601018811576
0.00208117992843,0.00601018473972
0.00208117804723,0.00601018124289
0.00208117632283,0.00601017811859
0.00208117452166,0.00601017496956
0.00208117276925,0.00601017211593
0.00208117101174,0.00601016948058
0.00208116932481,0.00601016640139
0.00208116759422,0.00601016363653
0.00208116593421,0.00601016022556
0.00208116420108,0.00601015735592
0.00208116254471,0.00601015450229
0.00208116092326,0.00601015148131
0.00208115931418,0.00601014814165
0.00208115768255,0.00601014533313
0.00208115611676,0.00601014230779
0.00208115453715,0.00601013973501
0.00208115297573,0.00601013697014
0.00208115147943,0.00601013483101
0.0020811499493,0.0060101328796
0.00208114848792,0.00601013079286
0.00208114698507,0.00601012871484
0.00208114552152,0.00601012689294
0.00208114402485,0.00601012476691
0.00208114264824,0.00601012263069
0.00208114118614,0.00601012046245
0.00208113979861,0.00601011840772
0.00208113844274,0.00601011598919
0.00208113707376,0.00601011335675
0.0020811356695,0.00601011071558
0.00208113438821,0.00601010784158
0.00208113308727,0.00601010500832
0.00208113176632,0.0060101020179
0.00208113048211,0.00601009907405
0.00208112922883,0.00601009592501
0.00208112792752,0.0060100929928
0.00208112664113,0.00601008974336
0.00208112547007,0.00601008696685
0.00208112423097,0.00601008403173
0.0020811229937,0.00601008104422
0.00208112176115,0.00601007771038
0.002081120601,0.0060100748844
0.00208111943684,0.00601007211953
0.00208111830143,0.00601006925863
0.0020811171049,0.00601006720535
0.00208111596658,0.00601006506913
0.00208111489883,0.00601006303914
0.00208111376414,0.00601006069337
0.00208111261782,0.00601005804201
0.00208111162137,0.00601005550561
0.00208111052852,0.00601005235367
0.00208110944586,0.00601004929777
0.00208110840031,0.00601004653872
0.00208110738095,0.00601004404889
0.0020811063172,0.00601004154159
0.00208110532585,0.00601003919292
0.00208110431049,0.00601003663469
0.0020811032864,0.00601003447955
0.00208110232961,0.0060100320552
0.00208110130443,0.00601003008778
0.00208110033891,0.00601002812618
0.00208109939667,0.00601002611802
0.00208109840496,0.00601002411568
0.00208109748346,0.00601002254261
0.00208109655068,0.00601002112526
0.00208109558916,0.00601001945033
0.0020810947186,0.00601001806062
0.00208109381565,0.0060100171002
0.0020810929007,0.00601001575415
0.00208109202649,0.00601001496543
0.00208109110172,0.00601001383911
0.00208109025225,0.0060100133167
0.00208108937441,0.00601001251198
0.00208108857878,0.00601001197938
0.00208108769548,0.00601001178438
0.00208108689476,0.00601001123287
0.00208108602637,0.00601001036266
0.00208108526167,0.00601000983879
0.00208108442166,0.00601000946772
0.00208108363768,0.00601000894239
0.00208108281513,0.0060100086077
0.00208108201987,0.00601000820607
0.00208108126499,0.00601000727474
0.00208108046863,0.00601000628376
0.00208107970611,0.00601000474708
0.0020810789345,0.00601000351598
0.00208107821709,0.00601000206225
0.00208107742037,0.00601000079914
0.00208107672079,0.00600999992312
0.00208107599719,0.00600999947055
0.00208107521066,0.00600999875023
0.00208107449034,0.00600999802264
0.0020810737733,0.00600999751623
0.0020810730548,0.0060099967639
0.00208107236103,0.00600999618327
0.00208107165745,0.00600999579037
0.00208107097715,0.00600999541493
0.00208107029284,0.00600999547314
0.00208106962164,0.00600999550516
0.00208106893733,0.00600999517628
0.00208106823957,0.00600999467424
0.00208106757091,0.00600999433227
0.00208106693026,0.00600999409216
0.00208106622667,0.00600999379967
0.00208106554637,0.00600999359158
0.00208106491627,0.00600999329763
0.00208106431674,0.0060099930648
0.0020810636277,0.0060099928829
0.00208106298633,0.00600999266753
0.0020810623857,0.00600999249582
0.0020810617214,0.00600999259186
0.00208106109894,0.00600999252347
0.00208106052378,0.00600999275339
0.00208106000391,0.00600999281887
0.00208105939055,0.00600999263697
0.00208105878846,0.00600999265152
0.00208105824495,0.00600999239978
0.0020810576425,0.00600999206799
0.00208105708043,0.00600999153103
0.00208105651764,0.00600999092858
0.00208105595411,0.00600999055605
0.00208105543898,0.00600999025628
0.00208105492966,0.00600998969312
0.00208105443344,0.00600998917798
0.00208105388119,0.00600998843584
0.00208105335478,0.00600998789887
0.0020810528531,0.00600998765731
0.00208105232923,0.00600998750888
0.00208105187376,0.00600998743612
0.00208105136371,0.00600998776645
0.00208105081656,0.00600998786394
0.002081050368,0.00600998794689
0.00208104988778,0.00600998792797
0.00208104942176,0.00600998784794
0.00208104898957,0.00600998753507
0.00208104855847,0.00600998725422
0.00208104804951,0.00600998701557
0.00208104764606,0.00600998657465
0.00208104722842,0.00600998596783
0.00208104675221,0.00600998526788
0.00208104630656,0.00600998459558
0.00208104591875,0.00600998433802
0.00208104546655,0.00600998340815
0.00208104515659,0.00600998264272
0.00208104471094,0.00600998192094
0.00208104427948,0.00600998120208
0.00208104387384,0.00600998048176
0.00208104354278,0.0060099796101
0.00208104305057,0.00600997854344
0.00208104264057,0.00600997779693
0.00208104226695,0.00600997700822
0.00208104192534,0.00600997641741
0.00208104151134,0.00600997583388
0.00208104116864,0.0060099755312
0.00208104081212,0.00600997537695
0.00208104039557,0.00600997492293
0.00208104005324,0.00600997508591
0.00208103966324,0.00600997466245
0.00208103932309,0.00600997436413
0.00208103894365,0.00600997373258
0.00208103865771,0.00600997285947
0.00208103827827,0.00600997176807
0.00208103793484,0.00600997062575
0.0020810376016,0.00600996969006
0.002081037268,0.00600996868598
0.00208103692203,0.00600996775029
0.00208103657933,0.00600996674766
0.00208103624609,0.00600996594294
0.00208103596888,0.0060099649083
0.00208103562072,0.0060099638009
0.00208103537261,0.00600996318972
0.00208103501136,0.00600996214052
0.0020810346763,0.00600996117137
0.0020810343678,0.00600996071153
0.0020810341066,0.00600996027642
0.00208103384539,0.00600995979039
0.00208103349323,0.006009959121
0.00208103320183,0.00600995887071
0.00208103294135,0.00600995871064
0.00208103273144,0.00600995841669
0.00208103243313,0.00600995849236
0.00208103216464,0.00600995842542
0.00208103186815,0.00600995838467
0.00208103159785,0.00600995843706
0.00208103132682,0.00600995854475
0.00208103103214,0.00600995872373
0.00208103077312,0.00600995901332
0.00208103055338,0.00600995915156
0.00208103032819,0.00600995942514
0.00208103005207,0.00600995952409
0.00208102984725,0.00600995970744
0.00208102956676,0.00600995971618
0.00208102932265,0.00600995958957
0.00208102908473,0.0060099592316
0.00208102884644,0.00600995878194
0.00208102862962,0.00600995854475
0.00208102840406,0.00600995823188
0.00208102817123,0.00600995811692
0.0020810279475,0.00600995801797
0.00208102766373,0.00600995807908
0.00208102747638,0.00600995828427
0.00208102727702,0.00600995852437
0.00208102708129,0.0060099588809
0.00208102690667,0.00600995899003
0.00208102664837,0.00600995910791
0.00208102644428,0.00600995915738
0.00208102621255,0.0060099593029
0.00208102602883,0.00600995939603
0.00208102585311,0.00600995907007
0.00208102569486,0.00600995887798
0.0020810254242,0.00600995852001
0.00208102528159,0.00600995823042
0.00208102509096,0.00600995819404
0.00208102486977,0.00600995793066
0.00208102468896,0.00600995761779
0.00208102454962,0.00600995727
0.00208102439829,0.00600995674322
0.00208102419747,0.00600995635032
0.002081023961,0.0060099559254
0.00208102383949,0.00600995598506
0.00208102367797,0.00600995583809
0.00208102344841,0.00600995554851
0.00208102332763,0.00600995537388
0.00208102314173,0.00600995506829
0.00208102302495,0.00600995489804
0.00208102290271,0.00600995472632
0.00208102273937,0.0060099542854
0.00208102257857,0.00600995416316
0.00208102236102,0.00600995397253
0.00208102225333,0.00600995391433
0.00208102215074,0.00600995386485
0.0020810220245,0.00600995353889
0.00208102181423,0.00600995321583
0.00208102170072,0.00600995278219
0.00208102153301,0.00600995250716
0.0020810214457,0.00600995234709
0.0020810212689,0.00600995197165
0.0020810211714,0.00600995196437
0.00208102108008,0.00600995201239
0.00208102091965,0.00600995190325
0.00208102081087,0.00600995196437
0.00208102067336,0.00600995186105
0.0020810205493,0.00600995185232
0.00208102050492,0.00600995199347
0.00208102040524,0.00600995170535
0.00208102023862,0.00600995148998
0.00208102012948,0.0060099511189
0.00208102000506,0.00600995079294
0.00208101989956,0.00600995052664
0.00208101979042,0.00600995035347
0.0020810196922,0.00600995021814
0.00208101961871,0.00600995008572
0.00208101950084,0.00600994997367
0.00208101943208,0.0060099499955
0.00208101931385,0.00600994985725
0.00208101921053,0.00600994975102
0.0020810191294,0.00600994963897
0.00208101904791,0.00600994952547
0.00208101895769,0.00600994943816
0.00208101889475,0.00600994916604
0.00208101879616,0.00600994890556
0.00208101872595,0.00600994865672
0.00208101865828,0.00600994845881
0.00208101854732,0.0060099483293
0.00208101850294,0.00600994834676
0.00208101845783,0.00600994848501
0.0020810183807,0.0060099484268
0.00208101829194,0.00600994853885
0.00208101824865,0.00600994852866
0.0020810181788,0.00600994849228
0.00208101807511,0.00600994845008
0.00208101796852,0.00600994835986
0.00208101789322,0.00600994832057
0.00208101781573,0.0060099481605
0.00208101777171,0.00600994817651
0.00208101767639,0.00600994820561
0.00208101762582,0.00600994826091
0.00208101757889,0.00600994814304
0.00208101749486,0.00600994799461
0.00208101744938,0.00600994800043
0.00208101733551,0.00600994791894
0.0020810173206,0.00600994791312
0.00208101725766,0.00600994783745
0.00208101717362,0.00600994782581
0.0020810171085,0.00600994768611
0.00208101710268,0.00600994784036
0.00208101703392,0.00600994780689
0.00208101699754,0.00600994789856
0.00208101690478,0.00600994801498
0.00208101686876,0.00600994811539
0.00208101676435,0.00600994822307
0.00208101674798,0.00600994856213
0.00208101666758,0.00600994876586
0.00208101661592,0.00600994903944
0.00208101657299,0.00600994916313
0.00208101652206,0.00600994931883
0.00208101648932,0.00600994951674
0.00208101647804,0.00600994968408
0.00208101640856,0.00600994976558
0.00208101633289,0.00600995001732
0.0020810162765,0.00600995012064
0.00208101624485,0.00600995021377
0.00208101621574,0.00600995035784
0.00208101614735,0.00600995029381
0.00208101608478,0.00600995029818
0.00208101609351,0.00600995040004
0.00208101605094,0.00600995047571
0.0020810160051,0.00600995056302
0.00208101599746,0.00600995066343
0.00208101593125,0.00600995073473
0.0020810158996,0.00600995070854
0.00208101588869,0.0060099508948
0.00208101584431,0.00600995092536
0.00208101583157,0.00600995104469
0.00208101577955,0.00600995096465
0.00208101577591,0.00600995113346
0.0020810157268,0.00600995124696
0.00208101567878,0.00600995129207
0.00208101562093,0.00600995136047
0.0020810156162,0.00600995170971
0.00208101556382,0.00600995173299
0.00208101552089,0.00600995185669
0.00208101549797,0.00600995187415
0.00208101547178,0.00600995205023
0.00208101544995,0.00600995188142
0.00208101544922,0.00600995204295
0.00208101542848,0.00600995214336
0.00208101542303,0.00600995215354
0.00208101537282,0.00600995221612
0.00208101533026,0.00600995235727
0.00208101530407,0.00600995234854
0.00208101529315,0.00600995240384
0.00208101530152,0.00600995244022
0.00208101527678,0.00600995249988
0.00208101521603,0.0060099524213
0.00208101521312,0.00600995246932
0.00208101524477,0.00600995260465
0.00208101522039,0.00600995258865
0.00208101518947,0.00600995269488
0.00208101512726,0.00600995280984
0.00208101515673,0.00600995286804
0.00208101512981,0.006009952983
0.00208101512944,0.00600995300629
0.00208101508179,0.00600995309069
0.00208101506796,0.00600995320565
0.00208101505814,0.00600995323184
0.0020810150414,0.00600995324494
0.00208101501667,0.0060099533468
0.00208101498829,0.00600995350687
0.00208101497374,0.00600995354471
0.00208101495955,0.00600995356072
0.00208101494645,0.00600995358982
0.00208101492135,0.00600995357527
0.00208101493299,0.0060099535156
0.00208101490934,0.00600995358982
0.0020810148937,0.00600995356654
0.00208101484204,0.00600995349669
0.00208101482094,0.00600995344284
0.00208101483913,0.0060099535156
0.00208101483986,0.00600995342829
0.00208101486205,0.0060099534574
0.00208101481876,0.0060099534865
0.00208101480202,0.00600995342247
0.00208101479147,0.00600995349523
0.00208101474564,0.00600995353598
0.00208101473218,0.00600995352725
0.00208101473327,0.00600995355926
0.00208101469689,0.00600995353889
0.00208101469216,0.00600995359418
0.00208101468779,0.00600995358691
0.00208101466924,0.00600995353307
0.00208101469616,0.00600995355198
0.0020810146445,0.00600995358691
0.00208101461285,0.00600995346322
0.00208101463504,0.00600995353016
0.00208101460848,0.00600995346467
0.00208101460703,0.00600995352142
0.00208101458775,0.00600995346613
0.00208101457392,0.00600995345449
0.00208101457029,0.00600995350105
0.00208101457938,0.00600995350833
0.00208101455901,0.00600995349378
0.0020810145732,0.00600995355053
0.00208101452699,0.00600995357818
0.00208101451135,0.00600995364221
0.00208101452663,0.0060099536815
0.00208101454555,0.00600995365821
0.00208101452408,0.00600995368586
0.00208101453682,0.00600995378045
0.00208101450735,0.00600995372224
0.0020810144928,0.0060099538081
0.00208101451026,0.006009953795
0.0020810144928,0.00600995389104
0.00208101448807,0.00600995383284
0.00208101445642,0.00600995385612
0.00208101447643,0.00600995395507
0.0020810144626,0.00600995397399
0.00208101440621,0.00600995403074
0.00208101442549,0.00600995412242
0.00208101439821,0.00600995406712
0.00208101440949,0.00600995421992
0.00208101442549,0.00600995431596
0.00208101440658,0.00600995435816
0.00208101439493,0.00600995434943
0.00208101443968,0.0060099545095
0.00208101440512,0.00600995459681
0.00208101441567,0.0060099546783
0.00208101441131,0.00600995477143
0.00208101440112,0.00600995481509
0.00208101437856,0.00600995482819
0.00208101435419,0.00600995490531
0.0020810143269,0.00600995491841
0.0020810142898,0.00600995490968
0.00208101428507,0.00600995498098
0.00208101428034,0.00600995508139
0.00208101429598,0.0060099550552
0.00208101426979,0.00600995503482
0.00208101428143,0.00600995502027
0.00208101427088,0.00600995501591
0.00208101431381,0.00600995518471
0.00208101429744,0.00600995511631
0.00208101429635,0.00600995522691
0.0020810142476,0.0060099551134
0.00208101427379,0.00600995520654
0.00208101426288,0.00600995527057
0.00208101429307,0.00600995531859
0.00208101427197,0.00600995528512
0.00208101427743,0.00600995531568
0.00208101425851,0.00600995528075
0.00208101426688,0.0060099553215
0.00208101426906,0.00600995532877
0.00208101425196,0.00600995532732
0.0020810142556,0.00600995541754
0.00208101424396,0.00600995544228
0.00208101420212,0.00600995538698
0.00208101423814,0.00600995549466
0.00208101422249,0.00600995544664
0.0020810142094,0.0060099555194
0.00208101423304,0.0060099555325
0.00208101422686,0.00600995556306
0.00208101422832,0.00600995558198
0.00208101423341,0.00600995571003
0.00208101422068,0.00600995575951
0.00208101423414,0.0060099557013
0.00208101420467,0.00600995576096
0.00208101421813,0.00600995572313
0.00208101422759,0.0060099557275
0.00208101420758,0.00600995576096
0.00208101419994,0.00600995575078
0.00208101419557,0.00600995578425
0.00208101416938,0.00600995569403
0.00208101414682,0.00600995577261
0.00208101418757,0.00600995577988
0.00208101418611,0.00600995581772
0.00208101418684,0.00600995575951
0.00208101417411,0.00600995580462
0.0020810141632,0.00600995579589
0.00208101415155,0.00600995576096
0.00208101414828,0.00600995578134
0.00208101414464,0.00600995579589
0.00208101417957,0.00600995583809
0.00208101415155,0.00600995586719
0.00208101416501,0.00600995590357
0.00208101417302,0.0060099559385
0.00208101415919,0.00600995598361
0.00208101417957,0.00600995601126
0.00208101418102,0.00600995602581
0.00208101416392,0.00600995598361
0.00208101413955,0.006009956036
0.00208101416574,0.00600995600689
0.00208101415992,0.00600995605782
0.0020810141832,0.00600995621789
0.00208101416538,0.00600995613931
0.00208101414173,0.00600995611603
0.00208101415192,0.00600995612913
0.00208101413846,0.00600995615969
0.00208101413118,0.0060099560782
0.00208101415883,0.00600995611021
0.00208101412682,0.00600995607092
0.00208101411408,0.00600995612913
0.00208101413737,0.00600995614368
0.00208101412718,0.0060099560651
0.00208101415592,0.00600995615096
0.00208101412427,0.00600995604618
0.00208101412027,0.00600995611749
0.00208101415083,0.00600995611312
0.00208101413336,0.00600995602726
0.00208101411554,0.00600995599525
0.00208101412645,0.00600995596324
0.00208101412936,0.00600995597342
0.00208101408425,0.00600995591376
0.00208101411263,0.00600995589484
0.00208101412609,0.00600995591085
0.00208101412281,0.00600995590357
0.00208101410135,0.006009955841
0.00208101407879,0.00600995581335
0.00208101409116,0.00600995585119
0.00208101409335,0.006009955841
0.00208101409589,0.00600995582063
0.00208101408643,0.0060099557566
0.00208101411008,0.00600995576388
0.00208101408934,0.00600995580462
0.00208101409917,0.00600995576824
0.00208101408898,0.00600995573186
0.00208101411772,0.00600995573477
0.00208101408789,0.00600995576242
0.00208101408462,0.00600995568529
0.00208101410281,0.00600995563582
0.00208101409335,0.00600995570567
0.00208101410717,0.00600995566638
0.00208101409116,0.00600995561108
0.00208101408862,0.00600995559798
0.00208101409153,0.00600995554851
0.00208101410499,0.00600995558489
0.00208101410462,0.00600995561981
0.00208101411372,0.00600995557907
0.00208101409407,0.00600995555142
0.00208101411954,0.00600995558343
0.00208101411918,0.00600995555578
0.00208101413336,0.00600995558489
0.00208101409444,0.00600995547429
0.00208101410972,0.00600995551358
0.00208101409044,0.00600995552086
0.00208101409589,0.00600995549903
0.00208101407698,0.0060099554772
0.00208101410171,0.00600995545683
0.00208101405915,0.00600995549321
0.00208101408207,0.00600995548302
0.00208101405333,0.00600995542773
0.00208101408352,0.00600995544228
0.00208101408643,0.00600995538698
0.00208101409844,0.00600995547138
0.00208101409917,0.00600995542627
0.00208101408243,0.00600995544955
0.00208101407516,0.0060099553928
0.00208101405733,0.00600995540008
0.00208101407879,0.00600995544955
0.00208101409044,0.00600995541172
0.00208101408134,0.00600995543355
0.00208101408207,0.00600995541463
0.00208101408316,0.00600995541899
0.00208101409444,0.00600995540735
0.00208101407916,0.006009955435
0.00208101408243,0.00600995543646
0.00208101407079,0.00600995542918
0.00208101405624,0.00600995534041
0.00208101406715,0.00600995541026
0.00208101405624,0.00600995536952
0.00208101406679,0.00600995539135
0.00208101407225,0.00600995539862
0.0020810140817,0.00600995545246
0.00208101408789,0.0060099554481
0.00208101410171,0.00600995546411
0.00208101407661,0.00600995541463
0.00208101408571,0.00600995542482
0.00208101409808,0.00600995546993
0.00208101411372,0.0060099554903
0.00208101407989,0.00600995547284
0.00208101407479,0.0060099555034
0.00208101406315,0.00600995542627
0.00208101407734,0.00600995547284
0.00208101407552,0.00600995544373
0.00208101405733,0.00600995539862
0.0020810140526,0.00600995545392
0.0020810140526,0.00600995541463
0.00208101405879,0.00600995543646
0.00208101405333,0.00600995546993
0.0020810140697,0.00600995548302
0.00208101406679,0.00600995551358
0.00208101406788,0.00600995549321
0.0020810140737,0.00600995545683
0.00208101408934,0.00600995548739
0.00208101409262,0.00600995553541
0.00208101406533,0.00600995544664
0.00208101407188,0.00600995550049
0.00208101407334,0.00600995551504
0.00208101406024,0.0060099554903
0.00208101405806,0.00600995546993
0.00208101408498,0.00600995552813
0.0020810140657,0.00600995552086
0.00208101405005,0.0060099554612
0.0020810140486,0.00600995543646
0.00208101406024,0.00600995546993
0.00208101404278,0.0060099555194
0.00208101404096,0.00600995545974
0.00208101405078,0.00600995552959
0.00208101405478,0.00600995548448
0.00208101405333,0.00600995550776
0.00208101403514,0.0060099554903
0.00208101404969,0.00600995554414
0.00208101404096,0.00600995546993
0.00208101404933,0.00600995549757
0.00208101404387,0.0060099555325
0.00208101405224,0.0060099555034
0.00208101403732,0.0060099555616
0.00208101407552,0.00600995556015
0.00208101405187,0.00600995553687
0.00208101404169,0.00600995559362
0.00208101405842,0.00600995561399
0.00208101403077,0.00600995558489
0.00208101404278,0.00600995557761
0.00208101405333,0.00600995556597
0.00208101406606,0.00600995561254
0.00208101406497,0.00600995561981
0.00208101406315,0.00600995558925
0.00208101405806,0.00600995557179
0.00208101405624,0.00600995560526
