-2.012443393468856812e-01
4.329232499003410339e-02
-1.652772426605224609e-01
7.300168275833129883e-02
-1.233976185321807861e-01
-1.321787759661674500e-02
-1.370470523834228516e-01
2.274637110531330109e-02
-1.381954848766326904e-01
-7.886673510074615479e-02
-2.596151083707809448e-02
3.311238437891006470e-02
4.060968756675720215e-03
-2.103594094514846802e-01
1.292537748813629150e-01
1.001789495348930359e-01
1.349757909774780273e-01
3.597451746463775635e-02
-9.278322011232376099e-02
-1.427146941423416138e-01
-1.611971110105514526e-01
6.544474512338638306e-02
1.344093084335327148e-01
-1.388539187610149384e-02
-2.090913653373718262e-01
-4.014785960316658020e-02
1.667999476194381714e-01
-8.039842545986175537e-02
-7.395176589488983154e-02
-2.409657686948776245e-01
-1.174180358648300171e-01
-1.004386767745018005e-01
2.761679887771606445e-02
-1.574051529169082642e-01
7.009757310152053833e-02
1.726965755224227905e-01
1.920430511236190796e-01
1.670049130916595459e-01
-2.970271185040473938e-02
2.938005328178405762e-02
2.558853104710578918e-02
2.328132838010787964e-02
-3.857579827308654785e-02
-5.471039190888404846e-02
-1.229644753038883209e-02
-1.140227168798446655e-02
-8.071446418762207031e-02
-2.425055205821990967e-02
-9.429479017853736877e-03
2.029999345541000366e-01
-1.405575079843401909e-03
-2.182401418685913086e-01
-1.514796465635299683e-01
-7.650379091501235962e-02
7.751388847827911377e-02
5.493786931037902832e-02
1.019891053438186646e-01
-6.099119782447814941e-02
1.110501959919929504e-01
1.443010717630386353e-01
2.411213219165802002e-01
-1.613224297761917114e-02
-1.131406053900718689e-01
4.851509630680084229e-02
-2.366118282079696655e-01
-1.165404841303825378e-01
-1.263201534748077393e-01
-1.096088625490665436e-02
9.615257382392883301e-02
-1.848409324884414673e-01
-1.074144467711448669e-01
-4.956498369574546814e-02
-3.810334950685501099e-02
-4.751762375235557556e-02
3.004132509231567383e-01
-4.828192293643951416e-02
1.036296039819717407e-01
-5.985722877085208893e-03
4.507058486342430115e-02
2.907904088497161865e-01
-1.511913072317838669e-02
-7.070267945528030396e-02
9.271016716957092285e-02
-2.235369980335235596e-01
4.527779668569564819e-02
-1.637320816516876221e-01
1.333679854869842529e-01
1.316561251878738403e-01
-7.078788429498672485e-02
8.386380970478057861e-02
2.668153680860996246e-02
6.477599591016769409e-02
1.645971462130546570e-02
-8.378592878580093384e-02
9.903072565793991089e-02
-2.003801427781581879e-02
-6.643899530172348022e-02
2.078769803047180176e-01
8.399849385023117065e-02
3.523553535342216492e-02
