-7.248421758413314819e-02
5.722215771675109863e-02
7.455608248710632324e-02
1.169359833002090454e-01
-2.118754386901855469e-01
6.538819056004285812e-03
1.207195781171321869e-02
8.025854080915451050e-02
-3.396423161029815674e-02
-1.307981610298156738e-01
-2.033891826868057251e-01
-1.432785242795944214e-01
1.902959048748016357e-01
8.027989417314529419e-02
-1.889233849942684174e-02
-4.210139065980911255e-02
2.036114595830440521e-02
1.009957492351531982e-01
1.241007819771766663e-03
1.016672104597091675e-01
7.949080318212509155e-02
8.129058778285980225e-02
1.388459503650665283e-01
-4.996784403920173645e-02
2.217318415641784668e-01
1.469725668430328369e-01
6.950205564498901367e-02
-3.598745539784431458e-02
-4.088826850056648254e-02
-1.468541938811540604e-02
-9.994734823703765869e-02
-3.454326465725898743e-02
4.283932596445083618e-02
1.508404165506362915e-01
-2.605649270117282867e-02
-1.488192081451416016e-01
3.490086877718567848e-03
9.522254578769207001e-03
6.964246183633804321e-02
1.242534294724464417e-01
1.159426793456077576e-01
4.927726089954376221e-02
1.857920140027999878e-01
1.124262576922774315e-03
-4.796189069747924805e-02
1.925959289073944092e-01
7.706896867603063583e-03
-9.766640514135360718e-02
1.669636517763137817e-01
-7.618626952171325684e-02
4.303288459777832031e-02
2.899751625955104828e-02
-1.387804746627807617e-01
1.354689449071884155e-01
7.504595071077346802e-02
1.531098037958145142e-01
-5.881005525588989258e-02
9.391334652900695801e-02
1.942893862724304199e-02
-1.352294236421585083e-01
-8.876960724592208862e-02
8.106398582458496094e-02
7.049912959337234497e-02
-6.335228681564331055e-02
1.644831746816635132e-01
4.027890786528587341e-02
8.241821080446243286e-02
9.956221282482147217e-02
2.534843981266021729e-01
-6.005963310599327087e-02
-1.120127458125352859e-02
-2.760352492332458496e-01
1.131999194622039795e-01
3.934510797262191772e-02
-1.381008140742778778e-02
1.876072436571121216e-01
-2.034526616334915161e-01
-1.570333540439605713e-01
-1.823925673961639404e-01
8.204248547554016113e-02
-6.288916617631912231e-02
2.379469275474548340e-01
1.128813251852989197e-01
-1.976458132266998291e-01
8.902125060558319092e-03
2.360064536333084106e-01
-4.162860289216041565e-02
1.502341181039810181e-01
-3.833121061325073242e-01
9.415886551141738892e-02
2.259755432605743408e-01
5.550630390644073486e-02
-1.850420087575912476e-01
1.020162180066108704e-01
1.409282982349395752e-01
-1.619024574756622314e-01
-1.271745264530181885e-01
2.865357398986816406e-01
8.105746656656265259e-02
-3.301688283681869507e-02
