2.972590029239654541e-01
1.582310162484645844e-02
-1.400651931762695312e-01
-6.715155206620693207e-03
3.985557239502668381e-03
9.857639670372009277e-02
1.738320887088775635e-01
7.361439615488052368e-02
-6.780564039945602417e-02
1.497316956520080566e-01
1.302946805953979492e-01
-7.045517861843109131e-02
1.619565859436988831e-02
3.775998577475547791e-02
2.918069064617156982e-01
-4.947752133011817932e-02
5.829529464244842529e-02
-2.603161521255970001e-02
6.484251469373703003e-03
-6.180709227919578552e-02
9.927629679441452026e-02
1.792631000280380249e-01
2.754293568432331085e-02
-2.779047237709164619e-03
3.698232024908065796e-02
-5.316638574004173279e-02
7.827614247798919678e-02
2.371113449335098267e-01
-7.510509341955184937e-02
-2.135879844427108765e-01
1.934316605329513550e-01
3.874062560498714447e-03
-5.700468644499778748e-02
9.195648133754730225e-02
8.962169289588928223e-03
2.930808067321777344e-01
6.676859408617019653e-02
-7.136096805334091187e-02
5.603406950831413269e-02
1.573268175125122070e-01
-1.146760303527116776e-02
1.717720925807952881e-01
-8.904956281185150146e-02
-9.156563133001327515e-02
1.835698932409286499e-01
8.589038252830505371e-02
3.550356999039649963e-02
2.354758419096469879e-02
-3.761643469333648682e-01
-3.366343304514884949e-02
1.929357349872589111e-01
-5.234897136688232422e-02
-4.753853008151054382e-02
2.668314278125762939e-01
1.546974778175354004e-01
3.257843106985092163e-02
-9.099958091974258423e-02
1.211878471076488495e-02
9.363725781440734863e-03
1.246285066008567810e-01
-1.780946850776672363e-01
1.293625235557556152e-01
1.986087113618850708e-01
4.631663672626018524e-03
-8.914048224687576294e-02
-1.618595868349075317e-01
2.460530586540699005e-02
1.785876005887985229e-01
1.165215000510215759e-01
-3.847772628068923950e-02
-3.867255523800849915e-02
-5.788419768214225769e-02
-4.346705973148345947e-02
1.228847652673721313e-01
-1.897674985229969025e-02
1.306425034999847412e-01
5.730703473091125488e-02
2.111900150775909424e-01
1.590255051851272583e-01
1.108608092181384563e-03
2.937181890010833740e-01
3.502484560012817383e-01
-1.687356978654861450e-01
1.857982575893402100e-01
2.245529741048812866e-01
-1.060455217957496643e-01
5.835489556193351746e-02
7.103495299816131592e-02
4.081048443913459778e-02
-2.592378556728363037e-01
7.302510738372802734e-02
1.445095539093017578e-01
3.064250387251377106e-02
3.048054128885269165e-02
7.666957098990678787e-03
-5.035993456840515137e-02
1.393410712480545044e-01
1.497224271297454834e-01
-7.109361886978149414e-02
-9.193635731935501099e-02
