2.783846259117126465e-01
2.041611224412918091e-01
2.897469699382781982e-01
1.872780472040176392e-01
2.439170777797698975e-01
2.436463981866836548e-01
2.750266194343566895e-01
1.805996149778366089e-01
1.024125441908836365e-01
2.214140892028808594e-01
2.898159623146057129e-01
1.986283063888549805e-01
2.767482995986938477e-01
1.806153208017349243e-01
2.219256013631820679e-01
1.497799754142761230e-01
9.756097197532653809e-02
2.729116976261138916e-01
1.796204745769500732e-01
2.463784366846084595e-01
3.354259133338928223e-01
2.748117744922637939e-01
1.285909861326217651e-01
2.006605714559555054e-01
1.408324837684631348e-01
1.784356683492660522e-01
1.217428520321846008e-01
2.347564101219177246e-01
2.703172266483306885e-01
1.111613363027572632e-01
2.518379092216491699e-01
2.584931850433349609e-01
2.617023587226867676e-01
2.697510123252868652e-01
1.734842509031295776e-01
1.606824696063995361e-01
2.209807634353637695e-01
2.504936754703521729e-01
2.189498841762542725e-01
1.850707232952117920e-01
2.412837892770767212e-01
2.318367660045623779e-01
1.954375654458999634e-01
2.491553425788879395e-01
1.917647272348403931e-01
2.169444411993026733e-01
1.929682344198226929e-01
1.833160072565078735e-01
1.232977733016014099e-01
1.999024450778961182e-01
2.291996777057647705e-01
2.453119456768035889e-01
2.962710261344909668e-01
2.098588794469833374e-01
1.643235832452774048e-01
2.398178279399871826e-01
2.233771383762359619e-01
1.964195668697357178e-01
2.136526703834533691e-01
1.381561309099197388e-01
1.524744033813476562e-01
2.134253829717636108e-01
1.270585358142852783e-01
2.711863219738006592e-01
1.371297836303710938e-01
1.398828178644180298e-01
1.619588136672973633e-01
1.515034288167953491e-01
1.123842895030975342e-01
9.165493398904800415e-02
1.731727123260498047e-01
1.429487615823745728e-01
1.445050686597824097e-01
2.263008654117584229e-01
1.468597650527954102e-01
2.584618628025054932e-01
1.484621167182922363e-01
1.213075667619705200e-01
2.145905643701553345e-01
1.531881093978881836e-01
1.433552801609039307e-01
2.181402593851089478e-01
1.049975827336311340e-01
1.612915992736816406e-01
1.434564590454101562e-01
1.599111109972000122e-01
1.274743229150772095e-01
1.159921064972877502e-01
1.634369790554046631e-01
1.275385916233062744e-01
7.436039298772811890e-02
6.610682606697082520e-02
1.047924980521202087e-01
1.331200152635574341e-01
1.364486068487167358e-01
4.848140478134155273e-02
1.564194262027740479e-01
1.362418681383132935e-01
1.370897740125656128e-01
1.401755064725875854e-01
1.350085288286209106e-01
1.124209240078926086e-01
1.788889616727828979e-01
1.532115042209625244e-01
2.028760910034179688e-01
6.337372213602066040e-02
1.595093160867691040e-01
1.513308435678482056e-01
4.234543442726135254e-02
1.174461394548416138e-01
8.294203877449035645e-02
4.067757725715637207e-02
9.051282703876495361e-02
7.188370823860168457e-02
1.133974567055702209e-01
9.806139022111892700e-02
1.495167911052703857e-01
6.230376660823822021e-02
1.573989689350128174e-01
1.530062109231948853e-01
5.180693045258522034e-02
1.292601376771926880e-01
1.159351617097854614e-01
2.011151164770126343e-01
2.732039801776409149e-02
1.411530226469039917e-01
4.631917551159858704e-02
1.641679406166076660e-01
1.685654371976852417e-01
1.271042227745056152e-01
2.217344641685485840e-01
7.843752205371856689e-02
1.240809857845306396e-01
1.203257888555526733e-01
1.055069193243980408e-01
1.669207364320755005e-01
1.633281856775283813e-01
9.204447269439697266e-02
1.524936109781265259e-01
1.524479240179061890e-01
1.214111745357513428e-01
1.105137020349502563e-01
8.371938019990921021e-02
8.720560371875762939e-02
1.104019954800605774e-02
1.275105029344558716e-01
1.642528176307678223e-01
1.484272629022598267e-02
1.376576274633407593e-01
1.087953746318817139e-01
1.293701827526092529e-01
2.268875688314437866e-01
1.794904619455337524e-01
1.285874694585800171e-01
1.229557096958160400e-01
6.023002788424491882e-02
1.522306054830551147e-01
1.619226932525634766e-01
1.683837920427322388e-01
1.300012320280075073e-01
1.586422622203826904e-01
8.386988192796707153e-02
1.554547250270843506e-01
8.341132849454879761e-02
8.985006064176559448e-02
1.735834926366806030e-01
1.001386493444442749e-01
1.097409874200820923e-01
1.487357262521982193e-02
1.187022924423217773e-01
1.234485208988189697e-01
6.375662982463836670e-02
1.321126669645309448e-01
1.768143624067306519e-01
1.270188540220260620e-01
6.144696474075317383e-02
1.358013302087783813e-01
9.453093260526657104e-02
1.548503935337066650e-01
7.613264024257659912e-02
4.906070604920387268e-02
1.477485150098800659e-01
1.483283638954162598e-01
2.003344744443893433e-01
1.174684986472129822e-01
2.043384499847888947e-02
2.030042558908462524e-01
1.437347084283828735e-01
1.698969304561614990e-01
1.642008274793624878e-01
6.332325935363769531e-02
8.257713168859481812e-02
4.538718238472938538e-02
9.853491187095642090e-02
3.674217313528060913e-02
7.659415900707244873e-02
1.190466955304145813e-01
9.852497279644012451e-02
1.286923289299011230e-01
1.754861623048782349e-01
9.249485284090042114e-02
