2.343072369694709778e-02
9.347002953290939331e-02
-4.913163557648658752e-02
3.627298399806022644e-02
1.448743697255849838e-02
-1.182544231414794922e-01
4.370013251900672913e-02
2.974086627364158630e-02
-1.420872807502746582e-01
1.466269511729478836e-02
-8.170675486326217651e-02
-1.072561442852020264e-01
4.332361370325088501e-02
-1.165680587291717529e-01
-1.075534150004386902e-01
7.362925261259078979e-02
-2.062994753941893578e-03
-2.061946503818035126e-02
-7.396356761455535889e-02
-7.796787470579147339e-02
-1.664559473283588886e-03
-4.277388099581003189e-03
7.873845845460891724e-02
5.211254209280014038e-02
2.036990411579608917e-02
6.232212111353874207e-02
1.261154115200042725e-01
-6.429574638605117798e-02
-7.891084998846054077e-02
-6.964545696973800659e-02
-1.830346137285232544e-01
3.723228350281715393e-02
-9.646048396825790405e-02
1.089470684528350830e-01
4.320120811462402344e-02
-4.973236843943595886e-02
-6.867201626300811768e-02
-1.056912764906883240e-01
-1.611611992120742798e-02
1.193921938538551331e-01
5.801316350698471069e-02
-1.066533699631690979e-01
-1.132990419864654541e-02
2.300412394106388092e-02
-1.861060559749603271e-01
1.421297490596771240e-01
-5.391977727413177490e-02
-1.420150399208068848e-01
9.370159357786178589e-02
-6.264679878950119019e-02
-1.004206538200378418e-01
-1.917718164622783661e-02
2.400774322450160980e-02
-3.011313267052173615e-02
-2.346746996045112610e-02
-1.189232990145683289e-01
5.558939301408827305e-04
-1.666021049022674561e-01
-1.168418973684310913e-01
1.029310747981071472e-01
-8.667114377021789551e-02
1.357424259185791016e-01
7.293300330638885498e-02
-9.287405014038085938e-02
-2.729900740087032318e-02
-1.092257350683212280e-01
6.695853173732757568e-02
3.545662015676498413e-02
-5.294005572795867920e-02
1.338889915496110916e-02
-1.573919653892517090e-01
2.545910887420177460e-02
-1.475445777177810669e-01
-1.797942072153091431e-01
8.410938084125518799e-02
7.628143578767776489e-02
1.148453354835510254e-01
-5.925289541482925415e-02
-3.269896656274795532e-02
1.754742488265037537e-02
-3.208675654605031013e-03
1.716908067464828491e-01
9.559389948844909668e-02
-9.482853114604949951e-03
1.276374459266662598e-01
-4.529447481036186218e-02
-1.320099458098411560e-02
1.990380696952342987e-02
-1.700206547975540161e-01
3.556448221206665039e-02
-9.439686685800552368e-02
-6.329183815978467464e-04
3.135910630226135254e-02
1.367609947919845581e-01
1.278723031282424927e-01
-4.851351305842399597e-02
3.754726611077785492e-03
-2.701982855796813965e-02
-1.051266677677631378e-02
7.296933978796005249e-02
-5.697244033217430115e-02
-7.123159617185592651e-02
-1.226277425885200500e-01
-3.699220716953277588e-02
-4.522711969912052155e-03
1.580654233694076538e-01
6.959748920053243637e-03
-8.713036030530929565e-02
-1.084651052951812744e-01
-5.821628961712121964e-03
6.236243620514869690e-02
1.593150943517684937e-02
2.405140735208988190e-02
-6.861707195639610291e-03
3.914534673094749451e-02
-1.455697715282440186e-01
-3.333603963255882263e-03
-1.625091284513473511e-01
6.642074882984161377e-02
1.447475552558898926e-01
