-4.877367988228797913e-02
2.664593793451786041e-02
1.386354416608810425e-01
1.434780806303024292e-01
1.271819788962602615e-02
4.948910698294639587e-02
-6.859124451875686646e-02
-1.522114723920822144e-01
2.074985019862651825e-02
1.640257388353347778e-01
5.357940867543220520e-02
9.810753911733627319e-02
3.684456273913383484e-02
-8.499464392662048340e-02
-5.161098018288612366e-02
6.083979737013578415e-03
2.150809450540691614e-04
2.628668211400508881e-02
3.039846196770668030e-02
-9.366352856159210205e-02
1.402913480997085571e-01
1.204961761832237244e-01
7.913566380739212036e-02
-1.331647634506225586e-01
1.035026907920837402e-01
-4.685929417610168457e-02
-2.028897777199745178e-02
-1.415076572448015213e-02
-2.045299857854843140e-01
-1.587156578898429871e-02
2.735966742038726807e-01
-7.496005296707153320e-02
1.599754020571708679e-02
8.190688490867614746e-02
6.276289373636245728e-02
2.707335166633129120e-02
-9.183079749345779419e-02
-7.963138073682785034e-02
-1.166052091866731644e-02
8.822660148143768311e-02
-7.969834841787815094e-03
6.836269050836563110e-02
4.652590956538915634e-03
4.614257439970970154e-02
-9.219782799482345581e-02
9.003370255231857300e-02
-1.227346211671829224e-01
1.676029711961746216e-01
7.261191308498382568e-02
8.822388947010040283e-02
9.750083833932876587e-02
6.326860189437866211e-02
-6.946434080600738525e-02
-8.398452401161193848e-02
3.782407939434051514e-02
-8.620481938123703003e-02
-1.207723189145326614e-02
-1.167055442929267883e-01
-1.342155784368515015e-01
-1.009823381900787354e-01
-3.899911791086196899e-02
-1.557541787624359131e-01
-6.584691256284713745e-02
1.083346828818321228e-01
-8.749208599328994751e-02
-1.171187125146389008e-02
-2.621470764279365540e-02
5.935852974653244019e-02
-7.699400186538696289e-02
-2.746726274490356445e-01
4.592193290591239929e-02
1.697569638490676880e-01
1.811139732599258423e-01
9.695606678724288940e-02
8.846255391836166382e-02
3.602201119065284729e-02
4.504541680216789246e-02
-1.074996367096900940e-01
2.941216155886650085e-02
-4.449316486716270447e-02
4.758699331432580948e-03
-1.168376505374908447e-01
-1.924380511045455933e-01
-4.227662086486816406e-02
-3.069308586418628693e-02
-7.447610050439834595e-02
-1.292652450501918793e-02
5.879537761211395264e-02
5.040390789508819580e-02
1.991525292396545410e-02
-1.094795297831296921e-02
2.040524035692214966e-01
3.247120603919029236e-02
-2.554495073854923248e-02
9.471811354160308838e-02
-1.407536119222640991e-01
-2.292126417160034180e-02
1.335560083389282227e-01
-1.523175537586212158e-01
-5.881157889962196350e-02
9.943722188472747803e-02
1.923067420721054077e-01
-9.943068027496337891e-03
-1.131179407238960266e-01
-5.023048073053359985e-02
-6.935124751180410385e-03
2.016029506921768188e-01
7.127741724252700806e-02
6.636853795498609543e-03
1.746345497667789459e-02
-9.819554165005683899e-03
1.813260167837142944e-01
-2.057392299175262451e-01
-1.038982644677162170e-01
-3.131861612200737000e-02
-1.491434574127197266e-01
-4.553940519690513611e-02
-3.160987421870231628e-02
1.028289720416069031e-01
5.851570889353752136e-02
