-1.382045865058898926e+00
4.344543814659118652e-02
-6.273005008697509766e-01
-1.848326176404953003e-01
2.956848144531250000e-01
1.410266757011413574e-01
-5.013219714164733887e-01
-7.971809804439544678e-02
-1.421619355678558350e-01
-6.836762279272079468e-02
4.008343443274497986e-02
-1.131118386983871460e-01
-9.982147216796875000e-01
6.455097198486328125e-01
3.301731944084167480e-01
-1.019294142723083496e+00
-1.000959873199462891e+00
-6.219837665557861328e-01
2.987825274467468262e-01
5.284267663955688477e-02
2.953514456748962402e-01
6.407175660133361816e-01
-4.369760155677795410e-01
1.914217770099639893e-01
6.151205301284790039e-01
1.329416632652282715e+00
6.028670668601989746e-01
-4.935574531555175781e-01
3.589291274547576904e-01
-2.138902842998504639e-01
5.088464021682739258e-01
5.840079188346862793e-01
-7.060996890068054199e-01
-3.275925815105438232e-01
6.864836215972900391e-01
-5.109902620315551758e-01
2.070234864950180054e-01
2.165052890777587891e-01
-2.736997008323669434e-01
-4.141939580440521240e-01
-2.650394476950168610e-02
-4.724198877811431885e-01
1.666530817747116089e-01
8.752606064081192017e-02
-8.357883095741271973e-01
-1.024344563484191895e+00
8.964579701423645020e-01
1.104437038302421570e-01
2.137631028890609741e-01
2.022140920162200928e-01
-2.489266395568847656e-01
1.432426273822784424e-01
-3.536965250968933105e-01
-2.637511789798736572e-01
6.725980639457702637e-01
-5.494945049285888672e-01
9.489201009273529053e-02
-1.966758519411087036e-01
-3.786443471908569336e-01
1.728687286376953125e-01
3.037057518959045410e-01
-5.365685820579528809e-01
-4.263991713523864746e-01
-2.305639684200286865e-01
3.301117420196533203e-01
7.726414799690246582e-01
-1.663468778133392334e-01
-2.272993475198745728e-01
-3.974019289016723633e-01
3.427557051181793213e-01
-2.007797211408615112e-01
-2.090494930744171143e-01
-6.462817788124084473e-01
-6.050639748573303223e-01
-2.506435513496398926e-01
7.563941478729248047e-01
-1.989384889602661133e-01
-4.024334847927093506e-01
-6.509675830602645874e-02
6.046757698059082031e-01
-7.476783990859985352e-01
-1.303965151309967041e-01
-2.463101297616958618e-01
-6.627824902534484863e-01
-2.412055432796478271e-01
-9.173195958137512207e-01
5.044412612915039062e-01
2.591898739337921143e-01
-7.639828324317932129e-02
7.495375722646713257e-02
1.595418751239776611e-01
1.253888458013534546e-01
-8.148734271526336670e-02
-1.087422892451286316e-01
-2.581198215484619141e-01
5.599681735038757324e-01
2.697702348232269287e-01
3.604958951473236084e-02
-1.990660429000854492e-01
4.471826255321502686e-01
