8.232880383729934692e-02
1.376486867666244507e-01
-5.806139856576919556e-02
-1.784027554094791412e-02
5.404354631900787354e-02
3.073681890964508057e-02
-1.131272017955780029e-01
2.793705835938453674e-02
1.044866889715194702e-01
4.106512665748596191e-02
-7.940537482500076294e-02
-3.686054376885294914e-03
4.844726622104644775e-02
-1.167480871081352234e-01
6.745095551013946533e-02
-6.739465147256851196e-02
-1.020499393343925476e-01
-3.267989158630371094e-01
-1.242211237549781799e-01
9.973764419555664062e-02
-9.507015347480773926e-02
-1.692875623703002930e-01
-7.688317447900772095e-02
1.538315042853355408e-02
-1.068462282419204712e-01
-1.972283795475959778e-02
-5.431642383337020874e-02
5.464664194732904434e-03
-5.094699561595916748e-02
-6.325309723615646362e-02
6.418027728796005249e-02
-3.487709909677505493e-02
-1.905328826978802681e-03
2.611236460506916046e-02
1.855453709140419960e-03
-1.367506384849548340e-01
-3.684436529874801636e-02
-7.124547660350799561e-02
1.763475686311721802e-02
7.477404177188873291e-02
-7.987093180418014526e-02
4.838611464947462082e-03
1.339187175035476685e-01
-1.150283496826887131e-02
2.748262137174606323e-02
-1.520771086215972900e-01
-3.033907338976860046e-02
-1.130715236067771912e-01
6.721817702054977417e-02
-7.840990088880062103e-03
1.193706467747688293e-01
1.908646151423454285e-02
8.144506812095642090e-02
-1.727394163608551025e-01
4.958787467330694199e-03
3.684900328516960144e-02
-8.388593047857284546e-02
-8.570490032434463501e-02
2.129553109407424927e-01
2.163994871079921722e-02
9.086558222770690918e-02
6.441505253314971924e-02
-9.407180547714233398e-02
5.223052576184272766e-02
4.716742411255836487e-02
-1.042851433157920837e-01
7.972008734941482544e-02
6.719796918332576752e-03
2.691402435302734375e-01
-5.811153724789619446e-02
-1.011928245425224304e-01
1.971399784088134766e-01
-1.608266830444335938e-01
2.615316957235336304e-02
2.869881875813007355e-02
-4.495034227147698402e-04
-2.738552987575531006e-01
-7.763906568288803101e-02
1.699061095714569092e-01
-3.538149222731590271e-02
7.926146686077117920e-02
1.164903938770294189e-01
1.934917829930782318e-02
-2.034051902592182159e-02
2.227919548749923706e-02
2.477679848670959473e-01
-1.614947058260440826e-02
-3.064366802573204041e-02
1.198056787252426147e-01
1.123735383152961731e-01
-6.591476500034332275e-02
-3.107306314632296562e-03
-9.272714704275131226e-02
-8.514107018709182739e-02
1.412325501441955566e-01
7.339485455304384232e-03
-6.973633170127868652e-02
9.704712033271789551e-02
-6.141189485788345337e-02
7.153701037168502808e-02
-3.048229515552520752e-01
2.916183508932590485e-02
6.863035261631011963e-02
1.925373524427413940e-01
-6.922531127929687500e-02
8.060745894908905029e-02
-1.771408617496490479e-01
-9.607069939374923706e-02
3.100759536027908325e-02
7.643494755029678345e-04
-1.074254140257835388e-01
1.143532693386077881e-01
-1.595863997936248779e-01
6.197015289217233658e-03
-9.562943875789642334e-02
-4.595354571938514709e-02
-5.465312674641609192e-02
-1.345406621694564819e-01
3.938901796936988831e-02
-3.601222112774848938e-02
-7.416907697916030884e-02
-1.114244163036346436e-01
-4.381032288074493408e-02
-3.038346581161022186e-02
-4.475120082497596741e-02
5.242938548326492310e-02
7.591406255960464478e-02
-2.472744137048721313e-02
-5.816598981618881226e-02
-1.239790245890617371e-01
-1.706578880548477173e-01
-5.808831751346588135e-02
1.336878351867198944e-02
2.297676354646682739e-01
1.346818357706069946e-01
-1.823104172945022583e-02
-1.583369076251983643e-02
-1.311773955821990967e-01
8.729401230812072754e-02
-1.593750268220901489e-01
-1.270193010568618774e-01
-2.043755799531936646e-01
-1.083151325583457947e-01
-2.346175163984298706e-01
-1.232142820954322815e-01
-1.880855411291122437e-01
-8.150654286146163940e-02
-1.843114756047725677e-02
-6.404966861009597778e-02
3.111852798610925674e-03
