-3.464321419596672058e-02
-1.750732213258743286e-01
1.173697505146265030e-02
-1.252698004245758057e-01
-1.112511530518531799e-01
7.978173345327377319e-02
-5.531103536486625671e-02
3.096769005060195923e-02
6.878484040498733521e-02
5.832393467426300049e-02
1.271998160518705845e-03
6.896338611841201782e-02
8.006127923727035522e-02
-4.874207451939582825e-02
1.460582464933395386e-01
-1.283655222505331039e-02
-4.653956368565559387e-02
-1.077070459723472595e-02
7.040508091449737549e-02
1.010539382696151733e-01
-1.797939985990524292e-01
8.929011970758438110e-02
2.545219361782073975e-01
-5.857116356492042542e-02
-2.705005928874015808e-02
4.422967508435249329e-02
3.638590872287750244e-02
1.785665154457092285e-01
-6.482856720685958862e-02
3.381589427590370178e-02
-2.235391885042190552e-01
1.098986566066741943e-01
1.099565550684928894e-01
1.461113691329956055e-01
2.182665765285491943e-01
5.767661705613136292e-02
-1.577609032392501831e-01
-2.246266305446624756e-01
-4.028991982340812683e-02
-1.051530689001083374e-01
8.586772531270980835e-02
-5.419483408331871033e-02
2.638445049524307251e-02
-1.055745109915733337e-01
1.348416656255722046e-01
-6.461901217699050903e-02
2.530078031122684479e-02
1.729558110237121582e-01
1.590521037578582764e-01
-1.247483305633068085e-02
-2.224653027951717377e-02
1.626886427402496338e-02
2.411517128348350525e-02
7.906919717788696289e-02
-9.158152341842651367e-02
-6.311318278312683105e-02
1.001913845539093018e-01
-2.061037905514240265e-02
-6.250871717929840088e-02
-2.078667655587196350e-02
4.780052974820137024e-02
7.546167075634002686e-02
-6.591270118951797485e-02
-6.512121111154556274e-02
-8.553007245063781738e-02
2.849297598004341125e-02
-5.904873460531234741e-02
1.578922569751739502e-01
1.821142882108688354e-01
-1.132831275463104248e-01
1.797430366277694702e-01
-1.448862254619598389e-01
-2.856664732098579407e-02
1.599799990653991699e-01
-2.453889325261116028e-02
7.556113600730895996e-02
1.306260563433170319e-02
-1.513517051935195923e-01
2.744800783693790436e-02
6.865689158439636230e-02
8.081976324319839478e-03
-7.428257912397384644e-02
7.754933834075927734e-02
6.870673503726720810e-03
-8.968995511531829834e-02
-1.803006529808044434e-01
-1.121961474418640137e-01
1.100318506360054016e-01
-5.561700090765953064e-03
-1.526035219430923462e-01
8.241441845893859863e-02
2.043320387601852417e-01
7.956878095865249634e-02
-4.721280932426452637e-02
1.219389215111732483e-02
-4.049504175782203674e-02
9.163895249366760254e-02
-1.650249958038330078e-01
1.257726252079010010e-01
-5.913677066564559937e-02
-2.094604820013046265e-01
-6.131852790713310242e-02
-8.122049272060394287e-02
-6.628883630037307739e-02
1.470401883125305176e-02
5.768222361803054810e-02
1.366090923547744751e-01
-7.285925745964050293e-02
-3.813923569396138191e-03
-1.829359382390975952e-01
-2.591799199581146240e-02
-2.007062584161758423e-01
-5.057338625192642212e-02
1.239817515015602112e-01
-1.034172177314758301e-01
1.596824824810028076e-02
-8.365114033222198486e-02
1.671999990940093994e-01
1.095228120684623718e-01
8.073348551988601685e-02
1.318174004554748535e-01
-7.299556396901607513e-03
5.309402197599411011e-02
-8.422324806451797485e-02
-9.866861253976821899e-02
-6.827512383460998535e-02
-3.029809147119522095e-02
7.950238883495330811e-02
6.486427038908004761e-02
-8.792084455490112305e-02
-9.118395298719406128e-02
-2.169849467463791370e-04
-1.282318979501724243e-01
-6.212002411484718323e-02
2.977539040148258209e-02
-2.063505947589874268e-01
4.421854764223098755e-02
-1.580116897821426392e-01
-2.751937806606292725e-01
-1.020669341087341309e-01
1.456754505634307861e-01
5.120958387851715088e-02
-6.329724937677383423e-02
9.239692240953445435e-02
6.536839902400970459e-02
-2.438123226165771484e-01
-4.373625665903091431e-02
-1.041895747184753418e-01
4.148820415139198303e-02
9.039060026407241821e-02
