1.421386301517486572e-01
8.728783577680587769e-03
5.333967506885528564e-02
-2.937654033303260803e-02
-1.826837509870529175e-01
-1.940369233489036560e-02
-2.054362893104553223e-01
-7.605417072772979736e-02
1.666172891855239868e-01
-3.940619900822639465e-02
-5.469021573662757874e-02
1.872644200921058655e-02
8.726869523525238037e-02
5.188642814755439758e-02
8.098437637090682983e-02
-5.244411155581474304e-02
2.383099496364593506e-02
-3.890883177518844604e-02
-1.052765250205993652e-01
-4.367839545011520386e-03
-1.250520627945661545e-02
1.371871531009674072e-01
-6.533446162939071655e-02
-1.208431348204612732e-01
9.344001114368438721e-02
-2.411149907857179642e-03
-7.880294322967529297e-02
-5.669064819812774658e-02
2.311705797910690308e-02
-9.350758790969848633e-02
5.033047869801521301e-02
-6.561610102653503418e-02
1.231556981801986694e-01
3.762555122375488281e-02
-1.703855395317077637e-01
1.091462653130292892e-02
3.704049810767173767e-02
-1.218154132366180420e-01
2.273776531219482422e-01
-1.407356709241867065e-01
-4.654911905527114868e-02
1.762696355581283569e-01
1.049760058522224426e-01
2.759773135185241699e-01
5.195357277989387512e-02
2.051924169063568115e-02
-8.603789843618869781e-03
-1.185988858342170715e-01
3.194099292159080505e-02
-1.066634654998779297e-01
-8.432492613792419434e-02
-4.148361086845397949e-02
-1.028666156344115734e-03
-1.438495367765426636e-01
1.098449155688285828e-01
-1.471781581640243530e-01
8.068999648094177246e-02
-3.420613938942551613e-03
8.139682561159133911e-02
9.554881602525711060e-02
6.389892101287841797e-02
5.834934115409851074e-02
8.028037101030349731e-02
-1.136199235916137695e-01
1.116522550582885742e-01
3.704353049397468567e-02
1.015161648392677307e-01
-7.735282182693481445e-02
-9.763588011264801025e-02
9.673544764518737793e-02
-1.438580900430679321e-01
2.210611850023269653e-01
-2.314374595880508423e-02
-5.296596209518611431e-04
8.420192450284957886e-02
1.690673083066940308e-02
2.582690119743347168e-01
9.457942843437194824e-02
-9.538347832858562469e-03
-2.878238074481487274e-02
3.166319802403450012e-02
-5.091070011258125305e-02
-9.395460039377212524e-02
1.504373103380203247e-01
1.035347208380699158e-01
-2.148389965295791626e-01
-6.211988627910614014e-02
-4.172207042574882507e-02
-8.627754449844360352e-02
-7.340731471776962280e-02
-1.205290034413337708e-01
-2.400992810726165771e-02
1.169156581163406372e-01
6.716641783714294434e-02
5.570254474878311157e-02
-5.853153392672538757e-02
-5.523067340254783630e-02
-4.129277169704437256e-02
1.010890230536460876e-01
-6.118677929043769836e-02
