5.403739809989929199e-01
8.337613940238952637e-01
-1.843957602977752686e-01
3.184014558792114258e-01
-6.876806616783142090e-01
8.877173066139221191e-01
5.130112171173095703e-01
-5.808414891362190247e-02
-1.994117945432662964e-01
-4.237297773361206055e-01
-2.170703560113906860e-01
3.338006436824798584e-01
1.034525930881500244e-01
3.409463465213775635e-01
-8.692247271537780762e-01
6.464481353759765625e-01
3.746413886547088623e-01
-4.860425740480422974e-02
-3.925756216049194336e-01
1.089799925684928894e-01
-1.263499259948730469e-01
-2.770695984363555908e-01
2.402015924453735352e-01
-7.474224269390106201e-02
-2.774791233241558075e-02
-2.472227960824966431e-01
5.485359206795692444e-02
7.411165237426757812e-01
8.525990247726440430e-01
-2.147411853075027466e-01
9.853881001472473145e-01
-6.468954682350158691e-01
-1.822230815887451172e-01
-2.683571279048919678e-01
7.607548236846923828e-01
-3.733234405517578125e-01
-2.115555554628372192e-01
5.608482956886291504e-01
1.303747203201055527e-02
4.290519654750823975e-01
5.111042857170104980e-01
2.336469143629074097e-01
-3.741168975830078125e-01
4.448762536048889160e-01
4.282773733139038086e-01
4.245736598968505859e-01
6.123043894767761230e-01
4.877648651599884033e-01
-2.228569835424423218e-01
4.438450932502746582e-01
-4.764610230922698975e-01
4.830398261547088623e-01
-1.394764423370361328e+00
4.065462350845336914e-01
8.200317621231079102e-01
-8.596234023571014404e-02
2.895730435848236084e-01
-4.942846298217773438e-01
5.904558300971984863e-01
4.941865205764770508e-01
4.312790036201477051e-01
-1.836753338575363159e-01
-3.933480381965637207e-01
3.403722494840621948e-02
2.525142133235931396e-01
2.635512351989746094e-01
2.159770131111145020e-01
-2.390100508928298950e-01
-1.599474996328353882e-01
-3.881424367427825928e-01
6.622691452503204346e-02
4.594744443893432617e-01
4.378648102283477783e-01
4.160761833190917969e-01
8.190966397523880005e-02
-3.714225292205810547e-01
-4.983484148979187012e-01
-9.720640778541564941e-01
5.113222170621156693e-03
9.156122803688049316e-01
-3.958463370800018311e-01
-8.246733993291854858e-02
-5.442431196570396423e-02
6.508945822715759277e-01
-1.537877172231674194e-01
-1.136406511068344116e-01
7.241576313972473145e-01
-1.963944435119628906e-01
1.478996127843856812e-01
6.297795772552490234e-01
-8.072066903114318848e-01
-3.475269973278045654e-01
1.106281161308288574e+00
-1.363564133644104004e+00
-1.855198144912719727e-01
-1.239062026143074036e-01
3.381168842315673828e-01
-8.359677195549011230e-01
2.069766819477081299e-01
-3.705822229385375977e-01
1.096444204449653625e-01
-8.190911412239074707e-01
1.433864533901214600e-01
1.489818394184112549e-01
-4.605852067470550537e-01
-1.012837514281272888e-01
-7.518363185226917267e-03
2.785612046718597412e-01
6.263785362243652344e-01
-8.951959609985351562e-01
-8.739533275365829468e-02
-4.768975675106048584e-01
3.315929695963859558e-02
-1.690768599510192871e-01
2.180926501750946045e-01
1.382533758878707886e-01
7.371977567672729492e-01
1.176572814583778381e-01
-7.942280918359756470e-02
-3.860146701335906982e-01
7.804530113935470581e-02
5.348057746887207031e-01
2.938286364078521729e-01
3.427385985851287842e-01
-4.214337170124053955e-01
-4.441994726657867432e-01
-1.602728068828582764e-01
-1.853948831558227539e-02
1.174367547035217285e+00
-3.091669268906116486e-02
1.439113914966583252e-02
5.751758813858032227e-01
-3.218330740928649902e-01
-3.186536729335784912e-01
1.153871893882751465e+00
8.507094979286193848e-01
-2.147408425807952881e-01
-1.823795586824417114e-01
2.776919603347778320e-01
8.382881283760070801e-01
-6.666227709501981735e-03
-5.567944049835205078e-01
9.077513217926025391e-02
3.510670363903045654e-01
1.100152730941772461e-01
6.024687290191650391e-01
5.952883958816528320e-01
-2.307536154985427856e-01
5.294052511453628540e-02
1.138192340731620789e-01
2.317887097597122192e-01
2.154178768396377563e-01
-1.077377498149871826e-01
2.771498262882232666e-02
-4.062307178974151611e-01
1.103604584932327271e-01
1.838031709194183350e-01
-3.081228435039520264e-01
-1.176749169826507568e-01
-3.440091907978057861e-01
-5.212091207504272461e-01
8.235688507556915283e-02
-2.859973013401031494e-01
5.903584361076354980e-01
-9.837743639945983887e-02
3.285425156354904175e-02
-2.942384183406829834e-01
-2.400787621736526489e-01
1.072935611009597778e-01
-4.921788349747657776e-02
-7.650731503963470459e-02
-1.339836120605468750e-01
7.233690619468688965e-01
4.513581693172454834e-01
-7.015722990036010742e-01
-4.191326200962066650e-01
-9.934705495834350586e-01
1.604894846677780151e-01
6.406558752059936523e-01
-1.355265140533447266e+00
4.478180110454559326e-01
-1.334868669509887695e-01
7.933319211006164551e-01
-2.408096045255661011e-01
-4.061487615108489990e-01
-4.786962866783142090e-01
-1.039949536323547363e+00
1.721156239509582520e-01
4.658430442214012146e-02
-5.475343465805053711e-01
-1.490990966558456421e-01
-4.929311871528625488e-01
-1.788082122802734375e-01
-4.677831232547760010e-01
3.563561439514160156e-01
-5.879531502723693848e-01
3.010296225547790527e-01
-1.385044693946838379e+00
1.689046807587146759e-02
-1.993502378463745117e-01
3.210926055908203125e-01
1.292526870965957642e-01
7.247858047485351562e-01
-2.828460335731506348e-01
6.406090259552001953e-01
-7.863224297761917114e-02
-7.950974702835083008e-01
3.312221169471740723e-01
-7.740327715873718262e-01
-1.976913399994373322e-02
-2.777027785778045654e-01
-6.466547846794128418e-01
8.376217484474182129e-01
1.239910647273063660e-01
1.780540198087692261e-01
3.600945174694061279e-01
9.791576862335205078e-02
5.660213232040405273e-01
3.892245292663574219e-01
3.101594746112823486e-01
-1.607563793659210205e-01
-1.693584471940994263e-01
-4.048712253570556641e-01
-2.123373299837112427e-01
1.192263662815093994e-01
4.479142427444458008e-01
3.407669961452484131e-01
-1.726244837045669556e-01
4.339525401592254639e-01
4.104535877704620361e-01
-7.110309600830078125e-02
-4.880734905600547791e-02
1.204235702753067017e-01
4.607081115245819092e-01
1.098493576049804688e+00
2.381272912025451660e-01
3.418751657009124756e-01
-7.025311589241027832e-01
-2.579602301120758057e-01
3.949100077152252197e-01
7.262045145034790039e-01
-5.320648849010467529e-02
1.409104019403457642e-01
8.756213188171386719e-01
8.351857215166091919e-02
-3.341594338417053223e-02
-2.345359474420547485e-01
-6.223760247230529785e-01
-3.759150505065917969e-01
-4.607245326042175293e-01
3.777744472026824951e-01
-1.193874925374984741e-01
5.351492166519165039e-01
5.659588575363159180e-01
-2.878657281398773193e-01
-7.650687545537948608e-02
1.224055737257003784e-01
-4.016115069389343262e-01
-6.090755462646484375e-01
5.277970433235168457e-01
1.033723473548889160e+00
-1.166770383715629578e-01
-3.287727534770965576e-01
7.878783941268920898e-01
4.898830652236938477e-01
-1.358551234006881714e-01
7.362063527107238770e-01
2.238322235643863678e-02
-2.258052118122577667e-02
1.858575642108917236e-01
-9.921991825103759766e-01
-1.251310259103775024e-01
1.522208936512470245e-02
4.027441740036010742e-01
-7.257221937179565430e-01
3.121588528156280518e-01
-2.673382312059402466e-02
1.475831121206283569e-01
-9.419464468955993652e-01
-3.116826713085174561e-01
-1.085717320442199707e+00
4.379939660429954529e-02
-3.633286058902740479e-01
-2.406611442565917969e-01
2.485945355147123337e-03
5.547010526061058044e-02
4.465140700340270996e-01
1.169222295284271240e-01
3.520947396755218506e-01
6.955664157867431641e-01
3.469568192958831787e-01
-3.545688688755035400e-01
1.151424199342727661e-01
2.625739872455596924e-01
3.688130080699920654e-01
3.638967275619506836e-01
-2.699446380138397217e-01
1.061267733573913574e+00
-1.615621000528335571e-01
-6.044669151306152344e-01
4.609494805335998535e-01
1.013841867446899414e+00
-6.224652752280235291e-02
2.925369739532470703e-01
8.093607425689697266e-01
7.960521578788757324e-01
3.300815522670745850e-01
-8.673728704452514648e-01
-5.098959207534790039e-01
-4.303145408630371094e-02
3.643926382064819336e-01
-2.145782411098480225e-01
1.654150187969207764e-01
-2.226676940917968750e-01
-2.160706371068954468e-01
-1.540917009115219116e-01
1.006858468055725098e+00
-3.670931234955787659e-02
-1.164359450340270996e-01
-2.535273432731628418e-01
4.655531644821166992e-01
-2.555272877216339111e-01
-6.474152207374572754e-01
-3.701816201210021973e-01
-3.526378422975540161e-02
-1.927462033927440643e-02
3.903114795684814453e-01
-4.068140983581542969e-01
3.155657351016998291e-01
-7.773821949958801270e-01
1.156560108065605164e-01
-2.140521556138992310e-01
-5.835260152816772461e-01
1.119579281657934189e-02
-4.969270229339599609e-01
8.889756351709365845e-02
4.577260613441467285e-01
-1.876595467329025269e-01
-3.162166103720664978e-02
-2.499108389019966125e-02
-8.304040879011154175e-02
2.433290928602218628e-01
2.898561358451843262e-01
-7.377794384956359863e-01
-9.586836099624633789e-01
7.915461063385009766e-01
3.148854970932006836e-01
-4.600917696952819824e-01
-3.968353271484375000e-01
3.090620934963226318e-01
-6.786215901374816895e-01
4.585025608539581299e-01
-3.040236234664916992e-01
3.050446808338165283e-01
-3.701186776161193848e-01
1.066041141748428345e-01
-6.103665232658386230e-01
4.716876149177551270e-01
-3.053207397460937500e-01
3.062965571880340576e-01
-4.255922138690948486e-01
6.860045790672302246e-01
1.391165405511856079e-01
9.804400801658630371e-01
-1.180281162261962891e+00
-1.759726703166961670e-01
4.320962727069854736e-01
-6.316931843757629395e-01
4.589955508708953857e-01
-7.489347457885742188e-01
-5.239936709403991699e-01
-1.288004219532012939e-01
4.706145226955413818e-01
9.297932982444763184e-01
1.471183001995086670e-01
-2.160103917121887207e-01
1.499244123697280884e-01
1.208215236663818359e+00
7.276174426078796387e-01
-6.446655094623565674e-02
2.323304712772369385e-01
1.299761533737182617e-01
-1.255692839622497559e+00
-3.746263086795806885e-01
-3.047952950000762939e-01
2.471558749675750732e-01
-3.161659538745880127e-01
-6.440496444702148438e-01
5.141807794570922852e-01
-6.473674625158309937e-02
2.003936618566513062e-01
-4.296728074550628662e-01
7.149838209152221680e-01
2.533429265022277832e-01
-2.004105746746063232e-01
3.786180019378662109e-01
5.598652362823486328e-01
2.991108894348144531e-01
-2.098992019891738892e-01
3.578351140022277832e-01
-1.669935286045074463e-01
-1.281531993299722672e-02
-8.235921859741210938e-01
-5.095120668411254883e-01
-3.872896432876586914e-01
4.467100203037261963e-01
2.694555521011352539e-01
4.779168665409088135e-01
7.337667047977447510e-02
8.312381505966186523e-01
-4.472333192825317383e-02
-3.750306665897369385e-01
6.040204167366027832e-01
-3.544624745845794678e-01
3.195098042488098145e-01
3.179025053977966309e-01
-4.525875449180603027e-01
-6.425614953041076660e-01
-1.874043345451354980e-01
-1.289539217948913574e+00
6.221647858619689941e-01
-2.158649563789367676e-01
7.043756246566772461e-01
1.491382002830505371e+00
6.008222699165344238e-01
4.518654048442840576e-01
3.892513215541839600e-01
3.619590997695922852e-01
9.328762888908386230e-01
4.417010247707366943e-01
8.260216563940048218e-02
-1.518585383892059326e-01
-2.413023710250854492e-01
-4.233267605304718018e-01
-4.358322620391845703e-01
3.767785727977752686e-01
3.159261345863342285e-01
-5.286486148834228516e-01
1.380656063556671143e-01
3.786471784114837646e-01
-3.014781773090362549e-01
-6.282055377960205078e-01
9.634724259376525879e-02
-8.670756220817565918e-01
2.499262094497680664e-01
-2.143891602754592896e-01
-6.461173295974731445e-02
1.696729809045791626e-01
-6.959189772605895996e-01
3.579208254814147949e-01
