-4.000248014926910400e-01
-8.921136856079101562e-01
-2.835302948951721191e-01
5.212553143501281738e-01
-5.070830509066581726e-02
2.767855487763881683e-02
-3.307662606239318848e-01
-1.620009243488311768e-01
1.210818886756896973e+00
5.945663452148437500e-01
-8.054490089416503906e-01
2.578164637088775635e-01
3.730449676513671875e-01
3.289834260940551758e-01
-2.846399843692779541e-01
1.060796529054641724e-01
1.195154562592506409e-01
5.590680241584777832e-02
-3.121908754110336304e-02
-1.127248406410217285e-01
5.382630825042724609e-01
-5.939266681671142578e-01
2.235655188560485840e-01
4.970225989818572998e-01
2.732129096984863281e-01
5.108884721994400024e-02
-4.796258211135864258e-01
-6.623378992080688477e-01
3.257986903190612793e-01
3.963335752487182617e-01
6.149177551269531250e-01
-2.308985404670238495e-02
-6.244757771492004395e-01
3.254457712173461914e-01
-4.567313194274902344e-01
5.857685208320617676e-01
2.092970311641693115e-01
5.239261984825134277e-01
5.958377718925476074e-01
1.449364125728607178e-01
1.560915857553482056e-01
-8.467150479555130005e-02
-6.252172589302062988e-01
2.015662193298339844e-01
-3.416736125946044922e-01
8.229922056198120117e-01
2.533182203769683838e-01
5.194060206413269043e-01
-9.452452659606933594e-01
-6.171832084655761719e-01
-1.869228631258010864e-01
7.619419693946838379e-01
3.408069908618927002e-01
2.597528696060180664e-01
1.521526426076889038e-01
6.563295722007751465e-01
-3.188229799270629883e-01
-1.216695532202720642e-01
8.242531418800354004e-01
-3.967559710144996643e-02
-4.951741099357604980e-01
-2.140052914619445801e-01
-6.245647668838500977e-01
-5.217860937118530273e-01
-5.205258727073669434e-01
2.011585384607315063e-01
-1.464582085609436035e-01
-3.874918520450592041e-01
-1.571815460920333862e-01
2.856819331645965576e-01
4.465789198875427246e-01
-2.268682718276977539e-01
5.302941203117370605e-01
-2.871692180633544922e-01
-6.604394316673278809e-01
9.731917977333068848e-01
-2.624872699379920959e-02
-4.390750229358673096e-01
-5.024189352989196777e-01
-2.875796854496002197e-01
9.507466554641723633e-01
1.899338215589523315e-01
1.614779978990554810e-01
-3.221294842660427094e-03
4.500516951084136963e-01
-3.275232613086700439e-01
-1.841128244996070862e-02
3.330705165863037109e-01
-4.139693677425384521e-01
-5.210289359092712402e-01
-8.659047484397888184e-01
3.679261505603790283e-01
-3.644182384014129639e-01
1.147688403725624084e-01
7.432295680046081543e-01
8.941295742988586426e-02
-3.149422705173492432e-01
-3.748492300510406494e-01
-2.522366642951965332e-01
-4.478373229503631592e-01
2.151494175195693970e-01
-9.984356760978698730e-01
-4.055700302124023438e-01
7.841100692749023438e-01
3.208877444267272949e-01
-8.966488242149353027e-01
-7.436406612396240234e-01
-8.638512343168258667e-02
-1.528987288475036621e-01
1.758373230695724487e-01
3.107724785804748535e-01
8.864871412515640259e-02
-6.102371215820312500e-01
-6.572645902633666992e-02
-6.487101316452026367e-01
-4.066072404384613037e-02
6.840699911117553711e-01
-1.347132474184036255e-01
6.029472351074218750e-01
-1.396764814853668213e-01
1.219139620661735535e-01
5.719340443611145020e-01
-7.100479602813720703e-01
-9.685055911540985107e-02
-7.376143336296081543e-01
-1.021244406700134277e+00
-1.444414108991622925e-01
-6.116245985031127930e-01
-2.810019850730895996e-01
2.832319140434265137e-01
-4.590650796890258789e-01
-5.790443420410156250e-01
3.486748635768890381e-01
1.769650578498840332e-01
4.484601914882659912e-01
-1.771453320980072021e-01
1.328418850898742676e-01
-8.321953415870666504e-01
4.848749637603759766e-01
4.198475778102874756e-01
6.604621410369873047e-01
2.262230813503265381e-01
-1.380564570426940918e+00
-1.332009434700012207e-01
6.702136993408203125e-01
1.410505920648574829e-01
5.568302273750305176e-01
-6.285327672958374023e-01
-2.192316055297851562e-01
-2.752840518951416016e-01
3.710176646709442139e-01
-7.321599125862121582e-02
8.638802915811538696e-02
3.579496443271636963e-01
5.028431415557861328e-01
-5.322244167327880859e-01
-3.237665295600891113e-01
-5.408763885498046875e-01
-5.973967909812927246e-01
-6.244415044784545898e-01
3.069902211427688599e-02
-1.918022185564041138e-01
-1.692901700735092163e-01
5.309302210807800293e-01
-6.947880387306213379e-01
2.426394820213317871e-01
7.928532361984252930e-01
-1.786722242832183838e-01
4.119161963462829590e-01
6.443929076194763184e-01
-1.189015507698059082e+00
3.077204227447509766e-01
-2.200300395488739014e-01
6.556347012519836426e-01
-8.993098884820938110e-02
1.610330492258071899e-01
-5.463801622390747070e-01
-7.156148552894592285e-01
-4.466155171394348145e-01
1.051390051841735840e+00
8.682149052619934082e-01
2.298214286565780640e-01
-3.689233660697937012e-01
-4.764502346515655518e-01
-6.170474886894226074e-01
1.068968057632446289e+00
1.954162120819091797e-01
2.234863191843032837e-01
1.087678432464599609e+00
-3.907276690006256104e-01
-3.522745668888092041e-01
5.703409314155578613e-01
5.135615468025207520e-01
5.692079663276672363e-01
3.756060004234313965e-01
3.665131628513336182e-01
-1.384236812591552734e-01
-3.932577371597290039e-01
-7.938120365142822266e-01
1.989391446113586426e-01
6.115264296531677246e-01
-5.134443640708923340e-01
-4.474863409996032715e-01
-3.051395416259765625e-01
-2.170253694057464600e-01
-4.429291584528982639e-05
2.812185585498809814e-01
-1.709149926900863647e-01
7.713017463684082031e-01
4.770313501358032227e-01
9.389123320579528809e-01
-3.123377859592437744e-01
-6.764767169952392578e-01
3.414498865604400635e-01
3.483204543590545654e-01
-4.331478178501129150e-01
-5.337204933166503906e-01
-3.407328724861145020e-01
-3.688183128833770752e-01
-3.252844214439392090e-01
-5.023204907774925232e-02
5.166835784912109375e-01
6.751089096069335938e-01
4.656974077224731445e-01
-3.013603091239929199e-01
-1.067983508110046387e-01
-8.993465900421142578e-01
-9.757508039474487305e-01
-4.245629608631134033e-01
-1.080760240554809570e+00
-4.788525402545928955e-01
-4.751036167144775391e-01
2.364764362573623657e-01
-8.490245342254638672e-01
-6.453390717506408691e-01
2.344062328338623047e-01
-1.729766875505447388e-01
2.226445972919464111e-01
-4.503392577171325684e-01
1.687502115964889526e-01
1.194156147539615631e-02
1.463172584772109985e-01
-4.052168726921081543e-01
-2.574275135993957520e-01
-3.241488933563232422e-01
2.195614129304885864e-01
1.398814022541046143e-01
-1.184452399611473083e-01
-1.072261214256286621e+00
-1.946802735328674316e-01
-9.965962767601013184e-01
1.679202727973461151e-02
5.510964393615722656e-01
-1.845369637012481689e-01
2.223919928073883057e-01
1.060227155685424805e+00
-1.044293679296970367e-02
2.590016424655914307e-01
1.877081096172332764e-01
1.130389049649238586e-01
-6.495481729507446289e-01
-1.628955304622650146e-01
-3.036471009254455566e-01
-3.380585908889770508e-01
-9.200485944747924805e-01
2.445892542600631714e-01
-8.577581644058227539e-01
-1.071023464202880859e+00
5.865648984909057617e-01
-5.687918663024902344e-01
1.524702310562133789e-01
-2.036896198987960815e-01
2.827956378459930420e-01
-2.472433000802993774e-01
7.640834450721740723e-01
3.219160139560699463e-01
1.003489375114440918e+00
-5.266548395156860352e-01
1.683617532253265381e-01
-4.057778120040893555e-01
-4.981646314263343811e-02
-3.893007338047027588e-01
4.826666414737701416e-02
5.984228253364562988e-01
2.400391846895217896e-01
4.000784754753112793e-01
5.890205502510070801e-01
5.873407721519470215e-01
-6.568940728902816772e-02
-6.338571906089782715e-01
2.846779227256774902e-01
-1.052357673645019531e+00
4.423594772815704346e-01
-3.808057904243469238e-01
-1.465296745300292969e-01
-2.731496393680572510e-01
7.117958068847656250e-01
-1.686051860451698303e-02
-2.220897525548934937e-01
-3.920069634914398193e-01
8.294022083282470703e-01
-2.146742492914199829e-01
3.205496614100411534e-05
1.903581917285919189e-01
7.653672099113464355e-01
3.353254199028015137e-01
-2.262236624956130981e-01
-1.846379935741424561e-01
7.459740042686462402e-01
6.194146871566772461e-01
3.249889239668846130e-02
-4.236581623554229736e-01
3.179255425930023193e-01
1.096944928169250488e+00
3.525324165821075439e-01
-2.759687006473541260e-01
-1.424551963806152344e+00
-5.131165981292724609e-01
7.880988717079162598e-01
4.646426737308502197e-01
-5.509154200553894043e-01
-3.097150623798370361e-01
-6.090165376663208008e-01
1.066009044647216797e+00
-1.048944473266601562e+00
1.471999645233154297e+00
7.747620940208435059e-01
-4.115343093872070312e-02
5.938472747802734375e-01
1.269751340150833130e-01
-9.928811341524124146e-02
3.047357797622680664e-01
8.158580064773559570e-01
4.859770834445953369e-01
-4.911380708217620850e-01
-5.465144515037536621e-01
3.070228397846221924e-01
1.671686470508575439e-01
4.748056232929229736e-01
5.253352522850036621e-01
1.484384573996067047e-02
3.784016966819763184e-01
-6.435402035713195801e-01
-3.372554779052734375e-01
-4.584131538867950439e-01
1.247750967741012573e-01
-4.442962408065795898e-01
5.246998071670532227e-01
5.822876691818237305e-01
-7.446626424789428711e-01
1.820455491542816162e-01
4.610175788402557373e-01
-3.906837105751037598e-01
7.093160152435302734e-01
5.033967494964599609e-01
-1.703844070434570312e-01
-1.632083207368850708e-01
-4.447390437126159668e-01
-5.135597586631774902e-01
-1.533274166285991669e-02
-5.184401199221611023e-02
7.703031599521636963e-02
8.721107244491577148e-01
-5.833089351654052734e-01
8.496136218309402466e-02
-3.573139607906341553e-01
1.232985630631446838e-01
-4.689218997955322266e-01
3.644110262393951416e-01
1.635832041501998901e-01
-1.012457460165023804e-01
2.740400433540344238e-01
-9.979029744863510132e-02
-1.340775936841964722e-01
-9.158391356468200684e-01
-7.810161709785461426e-01
5.779208540916442871e-01
-9.338233470916748047e-01
-1.619036644697189331e-01
5.898878574371337891e-01
-5.221692323684692383e-01
3.436726927757263184e-01
8.700134158134460449e-01
-7.937800288200378418e-01
-3.010164797306060791e-01
-9.766452908515930176e-01
-1.710686087608337402e-01
8.358293771743774414e-01
4.618409276008605957e-01
6.192591413855552673e-02
-8.738607764244079590e-01
-3.840617462992668152e-02
5.695602893829345703e-01
2.555527091026306152e-01
2.476975554600358009e-03
-4.846452772617340088e-01
3.222612738609313965e-01
-2.081841528415679932e-01
4.888915717601776123e-01
3.617238700389862061e-01
8.960881829261779785e-01
2.771610319614410400e-01
-2.394813597202301025e-01
-4.181767702102661133e-01
9.898377954959869385e-02
2.119692564010620117e-01
5.392990112304687500e-01
6.660177111625671387e-01
-6.111088991165161133e-01
-3.223555684089660645e-01
4.209199547767639160e-02
5.502700209617614746e-01
7.409159839153289795e-02
3.338880091905593872e-02
1.835969388484954834e-01
-9.789405018091201782e-02
-5.727322697639465332e-01
8.147230744361877441e-01
-5.602117180824279785e-01
7.033255696296691895e-01
1.085171818733215332e+00
2.429904639720916748e-01
3.914483487606048584e-01
-3.052218556404113770e-01
-1.125916689634323120e-01
7.656154036521911621e-01
-7.012621760368347168e-01
-4.204838722944259644e-02
-1.489543616771697998e-01
-1.301746517419815063e-01
-3.913375139236450195e-01
5.927230119705200195e-01
8.306462764739990234e-01
1.228453159332275391e+00
-1.878603477962315083e-03
1.854181587696075439e-01
-6.509640216827392578e-01
4.231550991535186768e-01
3.121247589588165283e-01
-3.012993335723876953e-01
4.274295866489410400e-01
8.495266735553741455e-02
-1.316486895084381104e-01
3.512197360396385193e-02
1.013217791914939880e-01
-1.831077784299850464e-01
4.914125502109527588e-01
1.393406987190246582e-01
-6.962058693170547485e-02
-3.171866238117218018e-01
