1.816032528877258301e-01
-5.769752860069274902e-01
-1.303599625825881958e-01
-6.165687367320060730e-02
1.374307632446289062e+00
-8.549203872680664062e-01
-6.428433656692504883e-01
-2.223012298345565796e-01
-2.453614771366119385e-01
-1.156204715371131897e-01
-8.129091858863830566e-01
-4.811682403087615967e-01
-6.998192667961120605e-01
-1.021124497056007385e-01
-1.007093563675880432e-01
-7.190033793449401855e-01
-2.713544666767120361e-02
1.174211800098419189e-01
-1.176607608795166016e-01
5.221383571624755859e-01
-1.167773127555847168e+00
-5.195654630661010742e-01
7.225267589092254639e-02
2.895900607109069824e-01
1.107424218207597733e-02
1.819725730456411839e-03
7.404768466949462891e-01
-1.174054265022277832e+00
-1.803558766841888428e-01
-4.207860827445983887e-01
2.850125432014465332e-01
-2.982241287827491760e-02
2.848791480064392090e-01
-1.004772484302520752e-01
7.341381311416625977e-01
2.055740356445312500e-01
-2.455759048461914062e-01
3.268851339817047119e-01
3.791156113147735596e-01
-2.086007408797740936e-02
-7.284152507781982422e-02
7.263265848159790039e-01
4.596392810344696045e-01
-2.280977182090282440e-02
7.421241998672485352e-01
2.875559628009796143e-01
7.961723953485488892e-02
-2.971341907978057861e-01
4.769170656800270081e-02
5.151985287666320801e-01
-1.141832470893859863e+00
3.164221644401550293e-01
-2.178843878209590912e-02
-3.122729361057281494e-01
6.674558520317077637e-01
-1.227512285113334656e-01
-3.927074074745178223e-01
5.472251176834106445e-01
-3.769320249557495117e-01
5.943408608436584473e-01
-1.585130989551544189e-01
-5.810366868972778320e-01
2.194573283195495605e-01
5.439157485961914062e-01
-6.302435994148254395e-01
3.137783408164978027e-01
3.961521089076995850e-01
4.061787202954292297e-02
-1.020205393433570862e-01
-7.286751866340637207e-01
-3.978464007377624512e-01
-5.618100166320800781e-01
-6.461681127548217773e-01
5.487277507781982422e-01
4.709267914295196533e-01
7.072441577911376953e-01
5.882334113121032715e-01
-1.141841039061546326e-01
1.102914810180664062e+00
-1.042348444461822510e-01
4.288190901279449463e-01
4.680092632770538330e-01
5.074150562286376953e-01
-1.241765543818473816e-01
-2.320858836174011230e-01
-1.214452862739562988e+00
3.185546696186065674e-01
-1.461505591869354248e-01
-1.197419643402099609e+00
8.769003152847290039e-01
8.627498745918273926e-01
5.444801449775695801e-01
5.839515924453735352e-01
2.912752032279968262e-01
4.801448285579681396e-01
7.045361679047346115e-03
9.234834909439086914e-01
-6.673239171504974365e-02
5.934956073760986328e-01
3.948031961917877197e-01
-4.924559295177459717e-01
6.419454514980316162e-02
-4.305711388587951660e-01
-7.414305210113525391e-01
-2.634571194648742676e-01
-7.638610601425170898e-01
7.121899724006652832e-01
-1.840126663446426392e-01
1.177911236882209778e-01
2.517863214015960693e-01
-3.374303504824638367e-02
4.606637060642242432e-01
2.436614036560058594e-01
4.675166681408882141e-02
-1.681036949157714844e-01
-9.787660092115402222e-03
-1.285536438226699829e-01
-4.977823495864868164e-01
3.428790271282196045e-01
2.851347029209136963e-01
-1.671886593103408813e-01
5.191369056701660156e-01
-1.269595883786678314e-02
2.412081062793731689e-01
-2.944071590900421143e-01
7.616153955459594727e-01
-6.786583065986633301e-01
2.677661478519439697e-01
8.134545087814331055e-01
-6.802018731832504272e-02
-1.487248837947845459e-01
-7.426479458808898926e-01
2.066625952720642090e-01
-5.428174138069152832e-01
-4.233868122100830078e-01
-1.583181670866906643e-03
2.177161276340484619e-01
-1.578837633132934570e-01
1.400502771139144897e-01
4.932232499122619629e-01
2.373992949724197388e-01
-5.288324952125549316e-01
1.268672943115234375e-01
3.849070668220520020e-01
-2.396819181740283966e-02
2.211067378520965576e-01
2.041344493627548218e-01
-2.172839492559432983e-01
9.032390713691711426e-01
-3.437619805335998535e-01
7.762359380722045898e-01
-2.869685366749763489e-02
4.124319255352020264e-01
7.182332277297973633e-01
1.555877476930618286e-01
7.475497126579284668e-01
-7.209295779466629028e-02
-3.969706594944000244e-02
-1.156138539314270020e+00
-3.732551038265228271e-01
9.202651381492614746e-01
1.195077225565910339e-01
3.947506844997406006e-01
3.824966847896575928e-01
-1.993735581636428833e-01
6.409956216812133789e-01
1.379894614219665527e-01
8.293207883834838867e-01
1.061080247163772583e-01
-5.101350545883178711e-01
4.911160767078399658e-01
1.075689047574996948e-01
3.397698104381561279e-01
4.817529022693634033e-01
9.200463071465492249e-03
-3.722869753837585449e-01
1.101745843887329102e+00
2.915926873683929443e-01
2.808517515659332275e-01
-3.396216928958892822e-01
9.364276528358459473e-01
-2.208249419927597046e-01
-2.158818691968917847e-01
-4.347731769084930420e-01
4.782977104187011719e-01
3.846916258335113525e-01
6.152002811431884766e-01
-6.273324489593505859e-01
4.093880765140056610e-03
-5.483326911926269531e-01
-6.369448900222778320e-01
-1.216009736061096191e+00
-4.388916194438934326e-01
-1.126360535621643066e+00
-1.569155752658843994e-01
-6.603049486875534058e-02
2.765916287899017334e-01
-6.947871446609497070e-01
-2.299468219280242920e-01
4.857249259948730469e-01
4.623903036117553711e-01
-7.011806219816207886e-02
-2.179373055696487427e-01
9.867157787084579468e-02
9.745130538940429688e-01
5.303725004196166992e-01
5.529054999351501465e-02
-8.536964654922485352e-01
3.520581722259521484e-01
-8.525300621986389160e-01
-5.643024444580078125e-01
-6.673901677131652832e-01
-1.246777325868606567e-01
-3.211394548416137695e-01
6.246086955070495605e-02
-2.278188169002532959e-01
4.657444655895233154e-01
-7.201814055442810059e-01
-4.763161763548851013e-02
2.772737741470336914e-01
-3.022282198071479797e-02
-2.745326757431030273e-01
1.852274835109710693e-01
4.778051078319549561e-01
-7.903806120157241821e-02
-3.971481919288635254e-01
6.011912822723388672e-01
-1.047828793525695801e+00
-2.394362390041351318e-01
5.710942149162292480e-01
4.093892872333526611e-01
2.460278421640396118e-01
-5.212985277175903320e-01
-1.809821873903274536e-01
5.382004976272583008e-01
5.282347649335861206e-02
2.537498474121093750e-01
-2.543335258960723877e-01
1.128833442926406860e-01
-2.589007914066314697e-01
3.772525191307067871e-01
-3.261045515537261963e-01
-4.265129193663597107e-02
3.916458487510681152e-01
-2.532437443733215332e-02
-3.700917065143585205e-01
2.783765792846679688e-01
7.473677396774291992e-02
-4.969556629657745361e-01
6.078833937644958496e-01
1.450838297605514526e-01
6.726197153329849243e-02
5.107003450393676758e-01
-3.840709924697875977e-01
1.819175630807876587e-01
2.669839262962341309e-01
2.800456620752811432e-02
-6.275174617767333984e-01
-1.838986389338970184e-02
-3.684684038162231445e-01
4.272928237915039062e-01
7.646027952432632446e-02
-5.846124291419982910e-01
5.772030949592590332e-01
-6.855611801147460938e-01
-5.719109177589416504e-01
-2.241789400577545166e-01
-1.091967001557350159e-01
1.029590815305709839e-01
6.368172764778137207e-01
3.064532764256000519e-02
-2.233471870422363281e-01
6.418448686599731445e-01
2.722263634204864502e-01
-2.498307079076766968e-01
7.898633480072021484e-01
6.506860852241516113e-01
-5.402872562408447266e-01
-1.493074595928192139e-01
6.035286933183670044e-03
5.391343683004379272e-02
-6.081670522689819336e-01
-2.969600856304168701e-01
5.651226267218589783e-02
-1.716642379760742188e-01
3.694081306457519531e-01
5.902419090270996094e-01
-7.977344393730163574e-01
-1.578841954469680786e-01
-2.867226600646972656e-01
3.324199318885803223e-01
9.267617464065551758e-01
3.097715601325035095e-02
2.595968842506408691e-01
5.191842913627624512e-01
4.116423800587654114e-02
-3.763006329536437988e-01
9.129251837730407715e-01
-5.905510187149047852e-01
2.701211869716644287e-01
5.185741186141967773e-01
-4.243178665637969971e-01
-5.232271552085876465e-01
-3.206692934036254883e-01
2.974292337894439697e-01
1.723540574312210083e-01
-2.617011032998561859e-02
7.353470921516418457e-01
-2.207983136177062988e-01
3.364779651165008545e-01
8.504714965820312500e-01
6.310636401176452637e-01
-1.615065634250640869e-01
-5.225165486335754395e-01
-3.293287754058837891e-01
-4.019866287708282471e-01
-2.433979958295822144e-01
2.576166987419128418e-01
5.311172604560852051e-01
8.763467073440551758e-01
-3.536049127578735352e-01
4.109676182270050049e-01
-1.972888559103012085e-01
1.503322571516036987e-01
2.809901237487792969e-01
-6.470932364463806152e-01
-1.581955403089523315e-01
-2.827297896146774292e-02
4.237165153026580811e-01
-4.497642517089843750e-01
4.200403094291687012e-01
3.822820484638214111e-01
-6.690795719623565674e-02
-5.000977218151092529e-02
-6.462457180023193359e-01
3.519397675991058350e-01
4.596812725067138672e-01
4.203683137893676758e-01
3.524492383003234863e-01
-2.050975263118743896e-01
4.867440089583396912e-02
1.002910614013671875e+00
-3.455986976623535156e-01
2.646042108535766602e-01
2.840325534343719482e-01
1.817407310009002686e-01
4.682530462741851807e-01
-8.159945160150527954e-02
1.103310808539390564e-01
1.485343426465988159e-01
-1.214593887329101562e+00
-9.554468989372253418e-01
1.255545735359191895e+00
-8.099585175514221191e-01
-6.923119425773620605e-01
-1.123649552464485168e-01
1.636305600404739380e-01
3.396442830562591553e-01
-1.929304301738739014e-01
4.115117788314819336e-01
3.161056935787200928e-01
-1.180789947509765625e+00
4.269761145114898682e-01
1.177013739943504333e-01
2.267200872302055359e-02
-4.362502992153167725e-01
-1.550999581813812256e-01
-2.316517978906631470e-01
-2.386315166950225830e-01
-3.142852485179901123e-01
-3.254436552524566650e-01
-5.596426725387573242e-01
1.011165976524353027e+00
-2.641957998275756836e-01
-7.087391614913940430e-02
3.310028016567230225e-01
-4.156144261360168457e-01
-1.295230537652969360e-01
7.790362089872360229e-02
-6.861538887023925781e-01
1.368045657873153687e-01
2.642590701580047607e-01
3.096644282341003418e-01
-5.881410837173461914e-01
-3.096211329102516174e-02
2.727539539337158203e-01
3.184759914875030518e-01
-6.477485895156860352e-01
-3.942495286464691162e-01
3.371911942958831787e-01
-3.405763804912567139e-01
-2.795237898826599121e-01
-2.237645387649536133e-01
3.813093900680541992e-01
-3.273891806602478027e-01
5.252854824066162109e-01
-2.565164864063262939e-01
3.253574073314666748e-01
3.361754715442657471e-01
6.718330979347229004e-01
1.518613547086715698e-01
-5.978733897209167480e-01
-4.332995787262916565e-02
2.777110934257507324e-01
-6.585872918367385864e-02
1.066518187522888184e+00
-1.758349537849426270e-01
1.388247758150100708e-01
-7.192810624837875366e-02
5.383662581443786621e-01
2.453003972768783569e-01
1.546634137630462646e-01
-6.062831878662109375e-01
-4.532327353954315186e-01
7.280303239822387695e-01
-2.599832415580749512e-01
1.197298690676689148e-01
-1.388460278511047363e+00
-1.167347058653831482e-01
-1.045127809047698975e-01
2.574294805526733398e-01
4.700590372085571289e-01
-1.338511705398559570e-01
1.731625795364379883e-01
6.930029988288879395e-01
-7.935374975204467773e-01
-1.608272641897201538e-01
1.463752537965774536e-01
-3.401755690574645996e-01
1.900510489940643311e-01
-1.877005100250244141e-01
5.422667264938354492e-01
-6.591850519180297852e-01
-1.061309695243835449e+00
-8.376792669296264648e-01
3.726145327091217041e-01
4.718699753284454346e-01
1.015825495123863220e-01
9.449101239442825317e-02
4.058870971202850342e-01
3.816329538822174072e-01
-3.962925374507904053e-01
-3.752619326114654541e-01
1.415701657533645630e-01
5.969934463500976562e-01
-7.258949428796768188e-02
-5.246237516403198242e-01
4.655323326587677002e-01
-1.041386485099792480e+00
-6.101030111312866211e-01
