5.408922433853149414e-01
6.455568075180053711e-01
-7.348837852478027344e-01
-2.586615383625030518e-01
1.110597923398017883e-01
2.538033723831176758e-01
-2.307233661413192749e-01
-6.856393218040466309e-01
2.703950926661491394e-02
4.568606615066528320e-01
1.066712662577629089e-01
-2.163578271865844727e-01
4.520362615585327148e-01
-4.196993112564086914e-01
8.403164893388748169e-02
-4.680316150188446045e-01
1.470430940389633179e-01
4.009034335613250732e-01
-5.550438165664672852e-01
-9.864831715822219849e-02
-4.881842136383056641e-01
-7.166633009910583496e-02
-4.142523109912872314e-01
2.593544423580169678e-01
-5.815465450286865234e-01
-2.579164505004882812e-01
-2.508493065834045410e-01
-3.606352210044860840e-01
3.337084352970123291e-01
-4.870481789112091064e-01
-7.691395282745361328e-01
3.870602846145629883e-01
1.875423192977905273e-01
-1.265941709280014038e-01
6.156155467033386230e-02
-3.128780424594879150e-02
1.054152250289916992e+00
-4.665179252624511719e-01
-5.752532482147216797e-01
-1.141903847455978394e-01
3.800787627696990967e-01
2.696096599102020264e-01
6.702477335929870605e-01
4.573817253112792969e-01
3.446048796176910400e-01
-3.673188686370849609e-01
-1.525875478982925415e-01
-1.384263932704925537e-01
9.273575991392135620e-02
5.329003930091857910e-01
-1.608816683292388916e-01
1.626086682081222534e-01
-2.416131198406219482e-01
-7.109650969505310059e-01
6.018421053886413574e-01
2.618684768676757812e-01
-1.450731903314590454e-01
-2.629192173480987549e-02
3.177320063114166260e-01
-9.366211891174316406e-01
2.028328180313110352e-02
-7.472241520881652832e-01
4.151186048984527588e-01
-4.949259459972381592e-01
1.639358848333358765e-01
-1.576847285032272339e-01
3.582137450575828552e-02
-3.714414238929748535e-01
-3.207258284091949463e-01
-6.782171130180358887e-01
-3.024205267429351807e-01
-1.176469683647155762e+00
6.445052027702331543e-01
4.046974480152130127e-01
2.004274427890777588e-01
-5.512580275535583496e-01
5.485990643501281738e-01
-1.755847036838531494e-01
8.091489672660827637e-01
5.214087963104248047e-01
-1.051625981926918030e-01
-3.040268123149871826e-01
-7.998620867729187012e-01
-3.879784941673278809e-01
6.536138653755187988e-01
1.886235177516937256e-01
-3.190518617630004883e-01
-1.267041414976119995e-01
-5.134087204933166504e-01
-1.152221113443374634e-01
-6.641975641250610352e-01
2.301720827817916870e-01
-6.410373002290725708e-02
2.532016336917877197e-01
-2.052940279245376587e-01
6.353945005685091019e-03
-5.040022730827331543e-01
-4.366256594657897949e-01
1.896022707223892212e-01
-1.525080919265747070e+00
5.557618662714958191e-02
-3.687816858291625977e-01
6.242011189460754395e-01
8.675538748502731323e-02
-3.739323318004608154e-01
-5.552169084548950195e-01
1.555601805448532104e-01
1.217295527458190918e+00
-1.049907922744750977e+00
5.758895725011825562e-02
-6.988539695739746094e-01
-3.076943457126617432e-01
3.421831130981445312e-01
6.981151700019836426e-01
-7.990995794534683228e-02
-3.900321424007415771e-01
3.411778211593627930e-01
5.106562376022338867e-01
2.105589210987091064e-01
9.843671321868896484e-01
-5.140522718429565430e-01
1.098223477602005005e-01
-6.445459276437759399e-02
2.548246979713439941e-01
4.322852790355682373e-01
-1.221714854240417480e+00
4.075207710266113281e-01
-4.075874984264373779e-01
-2.961723208427429199e-01
-6.729948520660400391e-01
7.815945744514465332e-01
-7.816743850708007812e-01
6.874665021896362305e-01
1.460758447647094727e-01
1.669024489820003510e-02
-2.621870934963226318e-01
-1.943566501140594482e-01
1.993601918220520020e-01
2.444609999656677246e-02
2.310830205678939819e-01
1.504287123680114746e-01
3.318823501467704773e-02
-6.833196617662906647e-03
5.001016333699226379e-02
-1.002057313919067383e+00
2.280169539153575897e-02
-4.443252384662628174e-01
-9.555506706237792969e-01
4.234006404876708984e-01
-3.035121038556098938e-02
4.014787673950195312e-01
-1.431122720241546631e-01
-2.650473713874816895e-01
-1.406313329935073853e-01
8.278428316116333008e-01
2.053665071725845337e-01
-5.849991440773010254e-01
-9.516127407550811768e-02
-1.087003573775291443e-01
6.212511062622070312e-01
-1.674675345420837402e-01
2.410300076007843018e-01
4.234159588813781738e-01
-2.987811863422393799e-01
-4.941243827342987061e-01
7.640508413314819336e-01
-1.150337308645248413e-01
3.498949706554412842e-01
-1.706996560096740723e-01
-7.425550818443298340e-01
-6.154599189758300781e-01
9.025976061820983887e-02
5.049445629119873047e-01
4.443673789501190186e-01
-3.246920108795166016e-01
2.517946660518646240e-01
4.772298336029052734e-01
-2.222905308008193970e-01
-8.178296089172363281e-01
-2.465087622404098511e-01
-1.193074584007263184e+00
5.590699315071105957e-01
3.686837852001190186e-01
1.540851742029190063e-01
-9.142708182334899902e-01
1.636728495359420776e-01
-1.909401416778564453e-01
-2.352750897407531738e-01
2.928542792797088623e-01
9.331844002008438110e-02
-3.095160424709320068e-01
1.330196857452392578e-02
-3.208337426185607910e-01
6.789667010307312012e-01
-1.854333430528640747e-01
2.769005298614501953e-01
-7.572509646415710449e-01
-4.428017437458038330e-01
-6.433835625648498535e-01
1.308167576789855957e-01
-4.746308624744415283e-01
-4.760868549346923828e-01
1.965962350368499756e-01
5.330341458320617676e-01
-2.057554572820663452e-02
-2.410067170858383179e-01
-1.232134774327278137e-01
5.225612521171569824e-01
5.394466519355773926e-01
-9.270668029785156250e-02
5.268133878707885742e-01
4.993499722331762314e-03
1.388174444437026978e-01
7.552938461303710938e-01
-2.838002741336822510e-01
1.908889859914779663e-01
7.196228206157684326e-02
-3.610453307628631592e-01
5.197843909263610840e-01
3.298023343086242676e-01
3.852560818195343018e-01
-1.019287347793579102e+00
5.067484378814697266e-01
1.483626812696456909e-01
-6.653594374656677246e-01
-8.800973892211914062e-01
1.723250746726989746e-02
6.158665418624877930e-01
3.205668628215789795e-01
-2.210514061152935028e-02
9.775222837924957275e-02
1.051676087081432343e-02
-3.192768096923828125e-01
-1.025785803794860840e+00
6.642623543739318848e-01
-4.651853442192077637e-01
-2.608126401901245117e-01
5.594521388411521912e-02
3.787082061171531677e-02
-7.829150557518005371e-01
4.702517688274383545e-01
-1.963651180267333984e-01
-1.746624112129211426e-01
9.595937132835388184e-01
1.627288758754730225e-01
1.522615700960159302e-01
-6.334632635116577148e-01
-6.275876611471176147e-02
2.267262190580368042e-01
7.513014972209930420e-02
3.642292022705078125e-01
-2.952391803264617920e-01
-3.874951601028442383e-01
7.505893111228942871e-01
-6.574745476245880127e-02
6.720647215843200684e-01
4.890692885965108871e-03
-1.365002274513244629e+00
-5.055593792349100113e-03
-8.452939987182617188e-02
-4.965309500694274902e-01
-3.084506094455718994e-01
1.042319774627685547e+00
3.836601078510284424e-01
1.507697403430938721e-01
4.901444613933563232e-01
2.864382565021514893e-01
-1.563203632831573486e-01
-6.900400519371032715e-01
3.299097418785095215e-01
4.960161633789539337e-03
4.622786343097686768e-01
5.152851343154907227e-01
1.901023685932159424e-01
-1.616041511297225952e-01
5.180692672729492188e-01
-4.362589120864868164e-01
-3.846023678779602051e-01
4.748097062110900879e-01
-5.332753658294677734e-01
-8.911229372024536133e-01
-3.299268484115600586e-01
-1.707201749086380005e-01
-6.451433300971984863e-01
-5.751515626907348633e-01
-2.104751616716384888e-01
3.485366404056549072e-01
-5.689095854759216309e-01
-2.689275741577148438e-01
3.148787915706634521e-01
-2.661215364933013916e-01
8.467292785644531250e-02
-2.704169414937496185e-02
3.233417272567749023e-01
7.497434616088867188e-01
-2.753875553607940674e-01
-3.102300167083740234e-01
-1.607721745967864990e-01
-2.732699215412139893e-01
-3.531695604324340820e-01
1.571254432201385498e-01
6.532503962516784668e-01
5.402745604515075684e-01
7.607163395732641220e-03
-2.114740759134292603e-01
-5.358648896217346191e-01
-5.897803902626037598e-01
-5.759466886520385742e-01
-3.886212781071662903e-02
-1.440345048904418945e-01
4.877659380435943604e-01
-2.533369064331054688e-01
5.881311371922492981e-02
5.092276334762573242e-01
-6.337571144104003906e-02
1.248080655932426453e-01
4.723712205886840820e-01
-6.732242703437805176e-01
-1.061778903007507324e+00
9.845526218414306641e-01
-2.203205376863479614e-01
-3.042001426219940186e-01
-6.993772387504577637e-01
8.799897134304046631e-02
-8.419308811426162720e-02
-4.164206981658935547e-01
-1.137483641505241394e-01
5.097755193710327148e-01
-7.131510972976684570e-01
-5.523963570594787598e-01
-1.834302246570587158e-01
1.876597255468368530e-01
-3.691592812538146973e-01
-1.157395720481872559e+00
6.747266650199890137e-02
4.538367316126823425e-02
-1.325781047344207764e-01
-1.387794315814971924e-01
4.578544795513153076e-01
5.277341604232788086e-02
5.401026457548141479e-02
6.819682717323303223e-01
-1.240815501660108566e-02
-2.342395037412643433e-01
-8.609738945960998535e-01
3.766870796680450439e-01
4.877093806862831116e-02
1.044641613960266113e+00
1.898057758808135986e-01
7.471760511398315430e-01
-2.313906550407409668e-01
-2.263868898153305054e-01
-7.680512666702270508e-01
-7.672864794731140137e-01
2.923184335231781006e-01
4.439496994018554688e-01
2.064600735902786255e-01
3.896947503089904785e-01
-3.225837051868438721e-01
-9.999356269836425781e-01
7.152540981769561768e-02
-9.049468636512756348e-01
-5.248402953147888184e-01
-3.155251741409301758e-01
7.768332958221435547e-01
1.383952498435974121e-01
2.582599818706512451e-01
2.366668581962585449e-01
1.315075010061264038e-01
-4.460296630859375000e-01
-1.550247818231582642e-01
7.117785215377807617e-01
-4.956420063972473145e-01
3.457743525505065918e-01
1.019986718893051147e-01
-4.472526535391807556e-02
8.508673310279846191e-02
-8.994323015213012695e-02
-5.699204206466674805e-01
-9.172377586364746094e-01
-3.424731269478797913e-02
1.882322430610656738e-01
1.610895693302154541e-01
-3.407563269138336182e-01
-2.465991824865341187e-01
-6.695078611373901367e-01
-2.948592305183410645e-01
1.960328668355941772e-01
5.430250763893127441e-01
1.736035048961639404e-01
8.516045808792114258e-01
-4.127636551856994629e-01
-5.771260261535644531e-01
-3.486715555191040039e-01
1.928364783525466919e-01
2.857164144515991211e-01
1.124321222305297852e+00
-5.206144452095031738e-01
1.313833236694335938e+00
5.146451592445373535e-01
-8.809687495231628418e-01
-4.128004312515258789e-01
6.140927672386169434e-01
5.919252038002014160e-01
1.129205375909805298e-01
-1.239861771464347839e-01
-7.027941942214965820e-01
-2.858346402645111084e-01
1.483590126037597656e+00
2.758582532405853271e-01
1.904846131801605225e-01
-3.380250334739685059e-01
-9.227090515196323395e-03
-5.782164260745048523e-02
3.791812658309936523e-01
-5.939255654811859131e-02
-2.502138316631317139e-01
1.022181808948516846e-01
4.264600276947021484e-01
3.830256164073944092e-01
-7.574938535690307617e-01
4.898725450038909912e-01
-3.320054709911346436e-02
-1.567267477512359619e-01
2.948074936866760254e-01
1.831083744764328003e-01
-1.858862489461898804e-01
-3.556705266237258911e-02
-3.466379940509796143e-01
-1.073628216981887817e-01
-1.198334693908691406e-01
-5.727027058601379395e-01
8.656246960163116455e-02
-2.123763114213943481e-01
-1.209150075912475586e+00
-3.269327431917190552e-02
2.999823689460754395e-01
-7.566262483596801758e-01
4.887551069259643555e-01
-5.966051816940307617e-01
-1.531176865100860596e-01
1.428040862083435059e-01
-7.236776351928710938e-01
-8.775826096534729004e-01
-2.904724180698394775e-01
-4.411819577217102051e-01
-2.423711568117141724e-01
4.501858353614807129e-01
-1.221869606524705887e-03
-1.327673047780990601e-01
