1.120814681053161621e+00
1.366543918848037720e-01
-3.301877677440643311e-01
1.478524655103683472e-01
2.334943562746047974e-01
-6.169086694717407227e-01
2.725625038146972656e-01
7.730664610862731934e-01
5.920977592468261719e-01
6.618564724922180176e-01
3.464392423629760742e-01
-8.088808059692382812e-01
-1.122618466615676880e-01
4.218403995037078857e-01
2.364315651357173920e-02
2.830454409122467041e-01
1.552267521619796753e-01
-5.519331097602844238e-01
5.971031785011291504e-01
-6.802811622619628906e-01
-5.160527229309082031e-01
-4.536488354206085205e-01
-3.393819630146026611e-01
1.880902945995330811e-01
6.431049853563308716e-02
6.143310666084289551e-01
4.814635217189788818e-01
-1.953172087669372559e-01
2.613115608692169189e-01
-6.222551316022872925e-02
-2.186310887336730957e-01
1.952485591173171997e-01
3.953355550765991211e-01
-1.096964836120605469e+00
5.345104336738586426e-01
4.163329899311065674e-01
-5.314921736717224121e-01
-7.024643570184707642e-02
9.646210670471191406e-01
1.249751806259155273e+00
6.273492574691772461e-01
-8.210049569606781006e-02
-7.514923214912414551e-01
7.082241177558898926e-01
3.592113852500915527e-01
-5.427510738372802734e-01
9.149740338325500488e-01
-6.272378563880920410e-01
-2.238352596759796143e-01
7.103157043457031250e-02
1.425789445638656616e-01
1.019746661186218262e+00
6.583645194768905640e-02
2.338258475065231323e-01
8.608699589967727661e-02
6.155694723129272461e-01
7.245692014694213867e-01
4.194674193859100342e-01
-1.083872914314270020e-01
-4.275014102458953857e-01
5.849002003669738770e-01
7.210530340671539307e-02
1.237621679902076721e-01
-4.440079927444458008e-01
-7.268441915512084961e-01
2.023178040981292725e-01
-7.141112685203552246e-01
2.078441232442855835e-01
-5.912003517150878906e-01
-4.202343150973320007e-02
-5.972559452056884766e-01
-5.923715606331825256e-02
9.306473731994628906e-01
-4.738296568393707275e-01
-5.624167323112487793e-01
-1.183746337890625000e+00
-4.663591384887695312e-01
4.042425155639648438e-01
4.619218707084655762e-01
3.287234008312225342e-01
4.341699779033660889e-01
4.789824187755584717e-01
1.891196817159652710e-01
8.043636083602905273e-01
2.903929948806762695e-01
-1.123863682150840759e-01
7.004683017730712891e-01
-3.593027591705322266e-01
1.578604280948638916e-01
3.107396066188812256e-01
-2.585325241088867188e-01
-2.472366839647293091e-01
-1.689215898513793945e-01
1.702541112899780273e-01
-1.691881567239761353e-01
3.771598637104034424e-01
5.068961381912231445e-01
1.120674967765808105e+00
5.667364001274108887e-01
-2.187530249357223511e-01
5.778861045837402344e-01
-7.852841615676879883e-01
1.039698004722595215e+00
-2.298271358013153076e-01
1.329308301210403442e-01
1.880302727222442627e-01
1.830931603908538818e-01
5.184300616383552551e-02
-9.655849933624267578e-01
-1.200502291321754456e-01
-8.863707780838012695e-01
7.350830435752868652e-01
-6.379181891679763794e-02
-7.032294273376464844e-01
7.644288539886474609e-01
-3.592451214790344238e-01
3.405859768390655518e-01
3.340541422367095947e-01
4.172434210777282715e-01
2.029827386140823364e-01
1.892559528350830078e-01
-3.979794383049011230e-01
-1.097490906715393066e+00
5.461338907480239868e-02
-4.252297580242156982e-01
-7.922860980033874512e-01
-6.271690130233764648e-01
3.176122307777404785e-01
-2.239329069852828979e-01
9.744633436203002930e-01
-4.826739728450775146e-01
1.841541677713394165e-01
5.603887438774108887e-01
5.877777561545372009e-02
-3.525510132312774658e-01
4.940993785858154297e-01
5.816566944122314453e-01
3.572604656219482422e-01
-3.277624845504760742e-01
-8.979285508394241333e-02
-1.725568622350692749e-01
-1.196809530258178711e+00
2.715480029582977295e-01
1.385040879249572754e-01
2.388047575950622559e-01
3.813751339912414551e-01
5.474911071360111237e-03
8.317297697067260742e-02
-5.932164192199707031e-01
1.095589622855186462e-01
-6.246533393859863281e-01
-7.922350168228149414e-01
1.161314472556114197e-01
-4.885559976100921631e-01
-3.337108194828033447e-01
-5.033053159713745117e-01
-2.556900084018707275e-01
-7.931002974510192871e-02
2.124045789241790771e-01
3.576172515749931335e-02
1.672054827213287354e-01
-3.105400130152702332e-02
1.439235508441925049e-01
-1.628746539354324341e-01
1.662595011293888092e-02
-8.301587775349617004e-03
-4.421575665473937988e-01
1.090136319398880005e-01
3.179774284362792969e-01
-4.437789022922515869e-01
-9.378420114517211914e-01
4.687263667583465576e-01
-6.064640283584594727e-01
9.034842252731323242e-01
-4.691621959209442139e-01
-1.258234828710556030e-01
9.731034934520721436e-02
-1.241080835461616516e-01
8.766175508499145508e-01
-5.162576213479042053e-02
-1.091143339872360229e-01
5.557327866554260254e-01
-9.516324847936630249e-02
2.654773592948913574e-01
-1.941515831276774406e-03
2.861619591712951660e-01
4.459556639194488525e-01
-5.377458930015563965e-01
1.607023030519485474e-01
5.674808099865913391e-02
-9.354686141014099121e-01
4.437876939773559570e-01
-1.019118309020996094e+00
5.523807406425476074e-01
-1.517789661884307861e-01
2.406294941902160645e-01
2.139419764280319214e-01
5.840787291526794434e-01
-1.119375452399253845e-01
-3.921921253204345703e-01
4.859024286270141602e-01
-1.183790247887372971e-02
4.076487720012664795e-01
-2.190882563591003418e-01
2.245279997587203979e-01
-2.397067695856094360e-01
6.206374764442443848e-01
1.079750806093215942e-01
-4.163079261779785156e-01
-4.203402623534202576e-02
8.566871285438537598e-01
-1.513240784406661987e-01
3.194499909877777100e-01
4.074556827545166016e-01
-2.674504816532135010e-01
3.543505966663360596e-01
-7.191813588142395020e-01
-8.911098241806030273e-01
1.237691566348075867e-01
3.590942323207855225e-01
-5.876568555831909180e-01
-2.537999153137207031e-01
6.735465526580810547e-01
4.033610522747039795e-01
-7.524646818637847900e-02
4.176943898200988770e-01
-1.327505409717559814e-01
2.288030982017517090e-01
-2.322828173637390137e-01
7.701153159141540527e-01
-3.305812478065490723e-01
3.854546546936035156e-01
-2.393215894699096680e-01
-3.015315234661102295e-01
-1.438342034816741943e-01
-8.242077827453613281e-01
2.102132141590118408e-02
2.332791239023208618e-01
-6.604298949241638184e-01
-1.014975905418395996e+00
2.566700577735900879e-01
-9.634617716073989868e-02
-7.063756585121154785e-01
-3.769655525684356689e-01
5.652891993522644043e-01
-2.842943966388702393e-01
-2.548013925552368164e-01
-2.737438082695007324e-01
7.747930288314819336e-01
-4.420371055603027344e-01
-2.612129747867584229e-01
-7.418553233146667480e-01
6.476888060569763184e-01
5.587509870529174805e-01
-8.257037401199340820e-01
-8.508185148239135742e-01
-5.552387833595275879e-01
5.126986503601074219e-01
-4.321266412734985352e-01
6.823431849479675293e-01
-2.556283175945281982e-01
1.320894658565521240e-01
3.730744123458862305e-01
-9.536668062210083008e-01
-6.138501763343811035e-01
-2.219552397727966309e-01
-7.609564661979675293e-01
-4.580579996109008789e-01
1.207731515169143677e-01
-2.769710123538970947e-01
-6.867680698633193970e-02
-6.965094804763793945e-02
3.803588822484016418e-02
2.149486690759658813e-01
2.787642776966094971e-01
3.799903988838195801e-01
-6.824005395174026489e-02
-4.198254272341728210e-02
-9.878112673759460449e-01
-1.241557002067565918e-01
9.186114184558391571e-03
3.794755339622497559e-01
-9.958090782165527344e-01
-5.021103620529174805e-01
-8.005119562149047852e-01
1.084258556365966797e+00
-2.731757797300815582e-02
-3.548003733158111572e-01
-1.181047916412353516e+00
-2.896429896354675293e-01
7.699835300445556641e-01
-4.370549023151397705e-01
-5.865569710731506348e-01
4.681541025638580322e-01
-2.519362866878509521e-01
2.010796777904033661e-02
5.950646996498107910e-01
1.041888833045959473e+00
5.265652537345886230e-01
5.307246744632720947e-02
-4.887641668319702148e-01
-2.114184945821762085e-01
-5.722901821136474609e-01
7.806397080421447754e-01
-8.663952946662902832e-01
1.933458298444747925e-01
5.209011435508728027e-01
-3.297726213932037354e-01
7.399123907089233398e-01
4.864170551300048828e-01
-6.173961982131004333e-02
-3.776673674583435059e-01
1.303073912858963013e-01
-1.115774035453796387e+00
-1.053121089935302734e+00
6.326387524604797363e-01
-6.993848681449890137e-01
-5.344449877738952637e-01
-3.613763749599456787e-01
-6.327411532402038574e-01
-3.777521848678588867e-01
9.762895852327346802e-02
1.446430921554565430e+00
-2.010571211576461792e-01
6.532339006662368774e-02
2.133952826261520386e-01
9.433771371841430664e-01
-1.604328155517578125e-01
4.510568082332611084e-01
2.403455972671508789e-01
-5.040571466088294983e-02
-4.968288838863372803e-01
5.025110840797424316e-01
-2.584333717823028564e-01
1.533791571855545044e-01
5.800457000732421875e-01
4.922992587089538574e-01
3.705724477767944336e-01
-1.724835336208343506e-01
-3.563481867313385010e-01
7.457531094551086426e-01
1.013901531696319580e-01
6.911724805831909180e-01
3.535356819629669189e-01
4.503314942121505737e-02
8.947435617446899414e-01
-7.426982522010803223e-01
2.934204041957855225e-02
5.588396191596984863e-01
1.147938519716262817e-01
-5.867000222206115723e-01
-7.909854650497436523e-01
-2.988696098327636719e-02
-4.731665551662445068e-01
-4.839637279510498047e-01
1.983983963727951050e-01
1.485437452793121338e-01
-6.735883355140686035e-01
4.893756210803985596e-01
4.272309243679046631e-01
3.092813789844512939e-01
-3.926699981093406677e-02
2.633317112922668457e-01
-5.459863543510437012e-01
-3.505089879035949707e-01
-5.426716804504394531e-01
-7.559061646461486816e-01
-1.113025546073913574e-01
-2.925036549568176270e-01
4.533756971359252930e-01
1.797236800193786621e-01
-5.853998064994812012e-01
6.983076333999633789e-01
1.209592461585998535e+00
-9.932876564562320709e-03
-6.425238847732543945e-01
-7.473980188369750977e-01
3.741337656974792480e-01
-8.068943023681640625e-02
7.023844867944717407e-02
5.766929984092712402e-01
-5.136328935623168945e-01
8.885001391172409058e-02
5.790835022926330566e-01
1.117580980062484741e-01
-2.285623252391815186e-01
1.426638066768646240e-01
-6.365967392921447754e-01
-1.482473969459533691e+00
-4.254582822322845459e-01
3.373986184597015381e-01
2.792524993419647217e-01
-7.350680232048034668e-01
-6.785876154899597168e-01
-3.954177498817443848e-01
-1.915143281221389771e-01
-4.125447869300842285e-01
7.885962128639221191e-01
8.422616869211196899e-03
1.063651680946350098e+00
-3.222546279430389404e-01
-6.889442205429077148e-01
-9.283233433961868286e-02
-8.442962765693664551e-01
5.824521183967590332e-02
1.269872784614562988e+00
-2.145389020442962646e-01
-8.575593829154968262e-01
-3.827735185623168945e-01
-3.868342638015747070e-01
1.195753216743469238e-01
-1.067242741584777832e+00
-4.842232167720794678e-01
1.567163318395614624e-01
5.278490781784057617e-01
1.913548260927200317e-01
2.980351150035858154e-01
-8.863211274147033691e-01
-2.625394165515899658e-01
1.962336897850036621e-01
5.426378250122070312e-01
-3.568145930767059326e-01
7.403627634048461914e-01
-4.520393311977386475e-01
2.774386703968048096e-01
-1.020459175109863281e+00
5.689575672149658203e-01
-7.844945788383483887e-01
-4.039271473884582520e-01
-1.220767617225646973e+00
-9.297652244567871094e-01
4.832043349742889404e-01
-6.657555699348449707e-01
3.177912831306457520e-01
-8.005473017692565918e-01
2.086864262819290161e-01
2.682214975357055664e-01
-9.739527702331542969e-01
-8.820763230323791504e-01
5.502588152885437012e-01
1.352401852607727051e+00
1.147727489471435547e+00
-2.073039561510086060e-01
7.255293130874633789e-01
-1.937668025493621826e-01
3.648720979690551758e-01
6.159711480140686035e-01
7.160903811454772949e-01
4.652922153472900391e-01
2.990920469164848328e-02
